"RegionName","State","Metro","CountyName","SizeRank","2010-01","2010-02","2010-03","2010-04","2010-05","2010-06","2010-07","2010-08","2010-09","2010-10","2010-11","2010-12","2011-01","2011-02","2011-03","2011-04","2011-05","2011-06","2011-07","2011-08","2011-09","2011-10","2011-11","2011-12","2012-01","2012-02","2012-03","2012-04","2012-05","2012-06","2012-07","2012-08","2012-09","2012-10","2012-11","2012-12","2013-01","2013-02","2013-03","2013-04","2013-05","2013-06","2013-07","2013-08","2013-09","2013-10","2013-11","2013-12","2014-01","2014-02","2014-03","2014-04","2014-05","2014-06","2014-07","2014-08","2014-09","2014-10","2014-11","2014-12","2015-01","2015-02","2015-03","2015-04","2015-05","2015-06","2015-07","2015-08","2015-09","2015-10","2015-11","2015-12","2016-01","2016-02","2016-03","2016-04","2016-05","2016-06","2016-07","2016-08","2016-09","2016-10","2016-11","2016-12","2017-01","2017-02","2017-03","2017-04","2017-05","2017-06","2017-07","2017-08","2017-09","2017-10","2017-11","2017-12","2018-01","2018-02","2018-03","2018-04","2018-05","2018-06","2018-07","2018-08","2018-09","2018-10","2018-11","2018-12","2019-01"
"New York","NY","New York-Newark-Jersey City","Queens County",1,,,,,2300,2450,2495,2400,2600,2795,2650,2900,2600,2350,2595,2695,2700,2700,2800,2853.5,2850,2800,2650,2595,2450,2600,2550,2595,2650,2600,2650,2695,2700,2750,2750,2800,2800,2800,2800,2800,2900,2800,2700,2800,2850,2850,2900,2900,2916,2924.5,2895,2850,2949.5,2995,2895,2900,2900,2950,2895,2817.5,2900,2950,2950,2950,2900,3000,3000,3000,3000,2995,2984,2995,2995,2950,2990,2990,2985,2900,2950,2955,2928,2950,2900,2885,2900,2995,2995,3000,3000,3000,3000,3000,2999,2950,2950,2925,2900,2899,2850,2864,2900,2900,2900,2900,2900,2850,2815,2800,2800
"Los Angeles","CA","Los Angeles-Long Beach-Anaheim","Los Angeles County",2,,,,,,,,,,,,,,,,,,,,,,,,,,,,,,,,,,,,,,,,,,,,,,2600,2375,2700,2650,2600,2600,2600,2800,2800,2895,2900,2995,2950,2990,2995,2995,2995,3049,3200,3200,3295,3300,3395,3300,3295,3200,3250,3350,3400,3400,3450,3295,3300,3295,3195,3495,3195,3500,3250,3300,3400,3500,3500,3550,3512.5,3500,3567.5,3500,3500,3500,3500,3495,3450,3461,3500,3500,3577.5,3500,3600,3600,3599,3600,3564,3500
"Chicago","IL","Chicago-Naperville-Elgin","Cook County",3,,1600,1500,1500,1500,1550,1500,1500,1600,1650,1700,1800,1600,1600,1600,1600,1625,1621.5,1650,1650,1650,1650,1600,1600,1613.5,1630.5,1650,1600,1600,1650,1650,1650,1599,1600,1568.5,1600,1597,1590,1590,1575,1600,1600,1636,1632,1663,1700,1695,1700,1700,1689,1695,1700,1765,1764,1785,1800,1800,1800,1796.5,1790,1750,1750,1783,1750,1785,1781,1795,1800,1750,1720,1726.5,1700,1737,1750,1758.5,1775,1750,1750,1750,1750,1700,1708,1700,1695,1700,1700,1744,1750,1795,1800,1850,1800,1799,1750,1750,1710,1700,1733,1750,1755,1800,1845,1830,1850,1800,1780,1750,1750,1733.5
"Houston","TX","Houston-The Woodlands-Sugar Land","Harris County",4,,,,,,,,,,,,,,,,,,,,,,,,,,,,,,,,,,,,,,,,,,,,,,,1250,1236.5,1250,1250,1299,1350,1395,1400,1400,1401,1400,1400,1400,1413.5,1425,1425,1472,1500,1500,1550,1500,1500,1500,1499,1500,1500,1500,1500,1550,1515,1495,1477.5,1450,1475,1450,1400,1427,1399,1450,1495,1495,1500,1500,1500,1500,1500,1500,1495,1475,1475,1475,1475,1500,1500,1549,1550,1563,1550,1545,1500,1500,1500,1500
"San Antonio","TX","San Antonio-New Braunfels","Bexar County",5,,,,,,,,1160,1160,1162.5,1100,1197.5,1095,1100,1112.5,1150,1150,1195,1200,1195,1150,1100,1100,1100,1125,1150,1150,1050,1050,1100,1100,1100,1095,1075,1095,1040,885,900,889.5,915,909,995,939,950,1000,1095,1068,1075,1067.5,1075,1100,1100,1100,1130,1150,1150,1125,1102,1100,1099,1100,1100,1120,1100,1125,1150,1135,1125,1100,1100,1105,1105,1135,1140,1100,1082,1075,1075,1087.5,1095,1064,1059,1095,1029,1150,1189,1196,1200,1225,1285,1275,1250,1250,1250,1240,1225,1245,1250,1250,1250,1295,1295,1300,1300,1275,1275,1295,1295,1295
"Philadelphia","PA","Philadelphia-Camden-Wilmington","Philadelphia County",6,,1350,1292.5,1250,1300,1450,1500,1500,1450,1495,1472.5,1500,1400,1390,1450,1500,1495,1462.5,1475,1495,1400,1350,1325,1327.5,1250,1350,1400,1425,1400,1400,1350,1285,1200,1200,1225,1150,1150,1200,1295,1350,1400,1350,1300,1295,1300,1275,1250,1250,1250,1200,1250,1300,1500,1500,1500,1452.5,1400,1375,1350,1300,1395,1400,1500,1550,1595,1550,1500,1500,1475,1425,1425,1400,1400,1425,1500,1575,1550,1500,1450,1400,1395,1300,1395,1300,1350,1392.5,1500,1549.5,1550,1550,1500,1495,1425,1450,1450,1400,1400,1400,1495,1500,1550,1500,1500,1475,1405,1400,1450,1400,1400
"Phoenix","AZ","Phoenix-Mesa-Scottsdale","Maricopa County",7,,1300,1200,1200,1200,1100,1150,1195,1100,1100,1099,1099,1025,1025,1050,1050,1050,1050,1050,1050,1025,1000,995,995,995,995,1000,1000,1000,1050,1050,1000,1000,1000,1000,1000,999,1000,1000,1000,1000,1000,1000,995,1050,1050,1050,1050,1050,1050,1050,1095,1100,1100,1125,1150,1130,1130,1125,1150,1150,1195,1195.5,1200,1200,1200,1200,1200,1195,1200,1195,1200,1215,1225,1250,1250,1200,1215,1200,1200,1200,1200,1200,1195,1220,1250,1295,1300,1325,1325,1325,1300,1300,1299,1295,1300,1300,1300,1345,1350,1395,1395,1400,1400,1399,1395,1395,1400,1400
"Las Vegas","NV","Las Vegas-Henderson-Paradise","Clark County",8,,1295,1250,1250,1250,1200,1200,1200,1250,1225,1200,1175,1195,1150,1125,1150,1195,1175,1150,1150,1150,1145,1100,1100,1100,1100,1100,1095,1100,1100,1100,1100,1100,1095,1095,1095,1095,1095,1100,1100,1100,1100,1100,1100,1100,1100,1100,1100,1150,1150,1150,1150,1175,1175,1195,1195,1195,1195,1195,1198.5,1200,1200,1200,1225,1200,1200,1245,1249,1225,1225,1245,1225,1250,1250,1250,1250,1250,1275,1200,1200,1200,1250,1275,1200,1250,1295,1300,1330,1325,1350,1350,1350,1350,1325,1345,1350,1350,1350,1380,1400,1400,1400,1444,1425,1450,1475,1450,1450,1460
"San Diego","CA","San Diego-Carlsbad","San Diego County",9,,,,,,,,3500,3000,2797.5,2500,2550,2100,2200,2200,2295,2295,2295,2250,2250,2200,2150,2099.5,2095,2000,2095,2000,1900,1895,2000,1995,2000,2000,1995,1995,1995,1975,1900,1900,1950,1995,2000,2000,1900,2200,2250,2195,2200,2200,2200,2195,2150,2250,2295,2295,2300,2350,2395,2350,2300,2350,2395,2300,2300,2290,2300,2325,2350,2350,2350,2395,2400,2400,2400,2400,2400,2325,2395,2385,2350,2395,2350,2300,2350,2400,2495,2500,2500,2597,2600,2600,2595,2550,2500,2500,2512.5,2500,2600,2595,2695,2695,2700,2750,2750,2700,2695,2625,2695,2690
"Dallas","TX","Dallas-Fort Worth-Arlington","Dallas County",10,,,,,,,,,,,,,,,,,,,,,,,,,,,,,1095,1150,1075,1000,1115,1115,1200,1195,1100,1122,1200,1195,1199,1250,1295,1238,1250,1250,1248,1300,1250,1235,1225,1250,1300,1300,1350,1335.5,1300,1300,1299.5,1300,1300,1300,1375,1395,1400,1400,1473,1475,1400,1400,1400,1400,1425,1469,1497,1495,1495,1450,1450,1450,1405,1450,1495,1450,1500,1550,1600,1600,1650,1695,1650,1650,1655,1600,1600,1600,1600,1600,1600,1650,1650,1650,1670,1644.5,1600,1600,1650,1625,1650
"San Jose","CA","San Jose-Sunnyvale-Santa Clara","Santa Clara County",11,,,,,,,,,,,2200,2400,1995,2000,2150,2270,2200,2300,2350,2300,2300,2300,2250,2200,2100,2197.5,2200,2212.5,2200,2295,2300,2222.5,2250,2300,2250,2300,2300,2250,2295,2274,2300,2300,2380,2347.5,2500,2595,2550,2600,2495,2495,2499.5,2500,2600,2700,2700,2800,2800,2795,2800,2797.5,2797.5,2850,2850,2950,2995,3150,3100,3100,3195,3175,3100,3100,3095,3175,3100,3100,3150,3200,3200,3095,3000,2995,2995,3000,3099.5,3165,3200,3200,3300,3350,3395,3300,3250,3300,3299,3295,3300,3300,3300,3390,3400,3450,3500,3462.5,3400,3400,3400,3350,3400
"Austin","TX","Austin-Round Rock","Travis County",12,,,,,,,,,,,,,,,,,,,,,,,,,,,,,,,,,,,,,,1075,990,1045,1090,1250,1125,1189,1250,1348,1350,1300,1300,1320.5,1395,1435,1395,1395,1437,1425,1400,1395,1350,1346,1350,1350,1350,1400,1450,1500,1525,1509.5,1514,1529,1549,1500,1500,1525,1499,1399.5,1350,1450,1450,1435.5,1387.5,1332.5,1350,1350,1500,1550,1600,1650,1657,1695,1695,1650,1649,1625,1600,1595,1600,1640,1650,1670,1695,1700,1700,1700,1695,1695,1670,1675,1695
"Jacksonville","FL","Jacksonville","Duval County",13,,950,950,950,995,995,1000,1025,1000,1000,995,995,995,995,1000,1000,1000,1025,1000,1000,995,975,950,975,975,975,995,995,1000,1000,1000,1050,1000,999,999,995,1000,1000,1000,1025,1050,1050,1050,1075,1050,1050,1050,1050,1050,1050,1050,1075,1095,1095,1095,1050,1050,1050,1050,1050,1050,1050,1075,1075,1095,1095,1095,1095,1095,1095,1095,1095,1095,1095,1100,1100,1107.5,1100,1150,1150,1129,1100,1100,1100,1100,1100,1125,1150,1150,1195,1200,1200,1195,1195,1195,1175,1175,1175,1200,1195,1222.5,1250,1250,1250,1245,1225,1250,1250,1250
"San Francisco","CA","San Francisco-Oakland-Hayward","San Francisco County",14,,,,3300,3225,3200,3200,3200,3200,3200,3400,3500,3200,3000,3000,3025,2975,3000,3140,3200,3500,3400,3397.5,3343,3250,3450,3500,3395,3408.5,3600,3600,3360,3500,3375,3250,3450,3575,3595,3500,3400,3800,3800,3700,3500,3695,3955,3950,4000,3975,3800,3800,3850,4000,3950,4000,4100,4050,4295,4200,4500,4495,4495,4495,4490,4500,4600,4600,4800,4600,4600,4500,4417.5,4500,4575,4500,4500,4500,4500,4450,4300,4200,4200,4100,4095,4200,4490,4400,4400,4450,4395,4450,4495,4400,4482.5,4400,4395,4476,4468,4480,4500,4500,4500,4500,4542,4595,4500,4500,4495,4495
"Indianapolis","IN","Indianapolis-Carmel-Anderson","Marion County",15,,,,,,,,,,,,,,800,799,825,800,750,750,775,750,750,775,795,795,800,775,775,765,775,775,775,787.5,775,775,750,750,775,795,800,800,800,850,850,802,795,800,825,850,850,850,850,875,850,895,900,875,899.5,850,850,850,900,900,930,950,925,900,900,895,850,850,850,850,850,900,950,950,950,1000,950,925,925,935,950,950,999,1000,1000,1050,1025,1025,1000,1042.5,1000,995,995,994,1000,1030,1050,1072.5,1000,1050,1050,1050,1000,995,995,985
"Charlotte","NC","Charlotte-Concord-Gastonia","Mecklenburg County",16,,995,995,995,995,1000,1000,995,995,992.5,995,975,950,950,950,985,1000,1000,1050,1000,1025,1000,995,995,999.5,995,1000,1025,1050,1095,1100,1095,1075,1050,1050,1050,1050,1000,1025,1100,1145,1150,1100,1150,1125,1125,1100,1100,1075,1075,1077.5,1095,1100,1135,1150,1150,1150,1195,1175,1175,1195,1195,1200,1225,1247,1250,1250,1250,1245,1230,1225,1225,1250,1250,1250,1275,1275,1279.5,1295,1275,1295,1275,1295,1250,1300,1350,1395,1400,1400,1400,1420,1400,1400,1400,1400,1400,1400,1400,1400,1450,1450,1450,1450,1440,1439.5,1420,1405,1450,1450
"Fort Worth","TX","Dallas-Fort Worth-Arlington","Tarrant County",17,,,,,,,,,,,,,,1250,1250,1250,1262.5,1250,1275,1250,1250,1200,1200,1200,1200,1245,1250,1200,1200,1200,1200,1200,1195,1200,1225,1200,1195,1195,1200,1200,1250,1289.5,1295,1250,1295,1295,1250,1295,1295,1275,1275,1295,1325,1350,1350,1350,1350,1300,1345,1350,1350,1357.5,1395,1395,1400,1395,1395,1395,1395,1395,1395,1395,1395,1400,1445,1450,1450,1430,1450,1450,1425,1425,1400,1400,1450,1450,1495,1500,1525,1550,1550,1550,1550,1525,1500,1500,1500,1525,1550,1595,1595.5,1595,1600,1600,1599,1595,1595,1595,1595
"Columbus","OH","Columbus","Franklin County",18,,,,,,,,,,,,,,,,,,,,,,,,,,,,,,,,,,,,,,,,,,,,,,1050,950,1000,950,945,947,949,1000,950,949,950,999,1025,975,1000,1050,1047,1075,1009,1095,1095,1095,1032.5,1120,1125,1195,1100,1147,1150,1199,1200,1195,1150,1135,1079,1160,1195,1095,1095,1175,1195,1187.5,1250,1200,1240,1223.5,1200,1299,1300,1250,1249.5,1250,1250,1300,1350,1295,1295,1292.5,1300,1400,1399,1297,1250,1275
"Tucson","AZ","Tucson","Pima County",19,,,1100,1095,1075,1077.5,1095,1150,1095,1050,1095,1095,1025,1000,1050,1065,1095,1050,1050,1050,1050,1000,995,995,1000,995,1000,1048,1020,1050,1000,1000,1000,1000,1000,995,995,995,995,995,1000,1000,1000,995,999,999,1000,1000,1000,1000,1000,1000,1050,1050,1050,1050,1025,1000,1000,1000,1000,1000,1025,1050,1050,1050,1050,1050,1050,1050,1075,1050,1095,1095,1100,1100,1050,1095,1095,1065,1025,1050,1050,1050,1050,1100,1150,1200,1200,1195,1195,1150,1127.5,1100,1150,1150,1195,1200,1200,1200,1250,1250,1200,1200,1200,1195,1200,1200,1245
"Louisville","KY","Louisville/Jefferson County","Jefferson County",20,,,,,,,,,,,,,,850,837,825,807.5,769,900,899,899,850,799,799.5,750,795,795,795,797,775,750,800,795,799,849,800,800,795,800,800,800,795,795,800,850,875,805,875,800,800,825,825,900,900,900,900,900,895,899,895,900,895,950,950,942.5,950,985,950,950,925,900,900,950,950,950,950,950,950,995,959.5,995,975,982,995,995,997,1047,1100,1115.5,1132.5,1095,1100,1095,1092.5,1050,1045,1000,1095,1100,1155,1195,1195,1175,1145,1100,1095,1095,1095,1095
"El Paso","TX","El Paso","El Paso County",21,,,,,,,,,,,,,,,,1300,1250,1200,1200,1195,1200,1200,1175,1200,1200,1200,1200,1200,1195,1200,1200,1150,1100,1100,1095,1050,1050,1025,1050,1095,1095,1100,1100,1100,1100,1100,1070,1100,1095,1095,1095,1095,1150,1150,1150,1100,1100,1100,1100,1100,1100,1100,1125,1150,1150,1150,1150,1150,1135,1100,1100,1100,1100,1100,1100,1100,1100,1150,1125,1100,1095,1100,1092.5,1090,1095,1100,1100,1100,1150,1150,1125,1100,1100,1095,1075,1075,1075,1050,1100,1100,1100,1150,1150,1110,1100,1100,1100,1100,1100
"Detroit","MI","Detroit-Warren-Dearborn","Wayne County",22,,,850,900,900,800,750,850,850,800,837.5,800,750,750,750,750,750,750,750,750,750,700,700,700,700,705,700,725,725,700,700,700,700,725,700,700,700,722.5,750,725,725,700,725,725,716,725,700,700,725,750,750,750,750,750,750,750,750,750,750,750,750,750,750,750,750,750,750,750,750,750,750,750,750,750,750,750,750,750,750,750,750,750,750,750,750,750,750,750,750,750,775,775,775,795,800,775,800,800,800,800,800,800,800,800,800,825,800,800,800
"Orlando","FL","Orlando-Kissimmee-Sanford","Orange County",23,,,1250,1200,1050,962.5,995,1100,1125,1100,1062.5,1050,1000,1025,1100,1095,1095,1100,1100,1147,1095,1095,1050,1050,1050,1050,1095,1050,1095,1100,1150,1100,1100,1100,1095,1095,1100,1100,1100,1150,1195,1200,1200,1200,1200,1200,1200,1200,1200,1200,1200,1200,1225,1250,1275,1275,1250,1225,1250,1250,1275,1275,1295,1300,1295,1309.5,1325,1300,1300,1311,1320,1300,1300,1325,1350,1355,1395,1395,1395,1356.5,1300,1300,1350,1350,1375,1395,1400,1449,1450,1475,1500,1475,1450,1429,1425,1450,1472,1495,1500,1550,1590,1600,1597,1550,1550,1550,1575,1565,1575
"Denver","CO","Denver-Aurora-Lakewood","Denver County",24,,,,,,,,,,1100,1275,1275,1300,1350,1450,1350,1325,1295,1350,1350,1400,1400,1345,1300,1300,1300,1350,1400,1445,1450,1495,1495,1450,1400,1391,1409.5,1495,1500,1551,1600,1445,1495,1585,1432,1500,1692.5,1700,1750,1650,1650,1629,1650,1775,1800,1800,1800,1850,1895,1900,1895,1850,1995,1900,1900,1995,1999.5,2000,2097,2000,1950,1945,1950,1995,1975,1995,1995,1995,1995,1972.5,1975,1950,1900,1850,1900,1895,1950,1950,2000,2000,2000,2000,2000,1995,1995,1995,1995,2000,2095,2100,2195,2195,2100,2100,2100,2095,2000,2000,2000,2095
"Seattle","WA","Seattle-Tacoma-Bellevue","King County",25,,,,,,,,,,,,,,1695,1595,1600,1795,1795,1795,1762.5,1800,1697.5,1550,1500,1495,1495,1550,1595,1650,1695,1700,1700,1750,1700,1725,1597,1595,1645,1597,1599,1625,1695,1650,1615,1750,1950,1950,1950,1950,1897.5,1937.5,1975,2080,2000,2100,2200,2200,2150,2150,2000,2080,2000,2100,2250,2220,2350,2450,2400,2350,2295,2295,2300,2375,2395,2395,2400,2400,2495,2495,2500,2495,2495,2400,2362.5,2495,2450,2500,2600,2600,2625,2675,2600,2500,2500,2495,2499,2495,2496,2500,2675,2695,2700,2700,2699,2600,2595,2500,2500,2600
"Memphis","TN","Memphis","Shelby County",26,,,,,,,,1100,1200,1172.5,1100,1100,975,995,950,982.5,950,975,950,950,995,950,895,895,895,900,912.5,895,895,920,887.5,850,875,875,895,895,850,875,875,850,850,850,850,850,850,850,875,895,895,850,850,875,895,895,888,875,875,875,895,875,875,850,875,875,875,875,895,875,875,875,895,875,895,895,895,895,895,925,925,895,895,900,895,925,895,895,895,895,895,895,895,875,875,875,875,875,850,875,895,900,925,900,920,925,900,895,900,899,895
"Boston","MA","Boston-Cambridge-Newton","Suffolk County",27,,,,,,,,,2122.5,2167.5,2200,2242.5,2490,2300,2200,2100,2100,2200,2250,2300,2500,2500,2500,2400,2400,2400,2350,2300,2300,2350,2400,2400,2650,2600,2600,2590,2600,2500,2499,2500,2450,2495,2500,2490,2450,2600,2600,2600,2600,2600,2600,2600,2600,2605,2600,2600,2550,2595,2525,2600,2700,2700,2650,2650,2600,2600,2600,2600,2550,2500,2600,2650,2800,2800,2700,2650,2600,2600,2600,2600,2600,2600,2600,2630,2800,2800,2800,2800,2700,2700,2700,2650,2700,2650,2700,2800,2800,2850,2800,2700,2750,2750,2750,2700,2700,2795,2800,2899,2925
"Washington","DC","Washington-Arlington-Alexandria","District of Columbia",28,,,1995,1999,2000,2125,2300,2200,2166,2200,2156.5,2250,2400,2300,2295,2300,2400,2350,2470,2470,2497.5,2500,2500,2335,2350,2400,2400,2400,2336,2419,2300,2300,2450,2495,2500,2408.5,2410,2590,2500,2400,2350,2450,2460,2450,2475,2350,2500,2450,2400,2450,2400,2400,2500,2500,2500,2500,2500,2468,2450,2400,2500,2407.5,2500,2500,2500,2500,2500,2550,2600,2550,2500,2500,2550,2550,2500,2500,2550,2550,2600,2597.5,2522.5,2500,2500,2500,2500,2600,2550,2600,2700,2659,2700,2600,2600,2580,2550,2596.5,2550,2545,2500,2602,2650,2695,2700,2675,2695,2600,2600,2600,2600
"Nashville","TN","Nashville-Davidson--Murfreesboro--Franklin","Davidson County",29,,,,,,,,,,,,,,,,,,,,,,,,,,,,,,,,,,,,,,,,,,,1189,1175,1200,1350,1350,1385,1395,1350,1350,1350,1395,1395,1400,1475,1495,1450,1485,1475,1475,1495,1450,1495,1500,1500,1582.5,1595,1550,1500,1500,1500,1500,1550,1550,1550,1575,1600,1595,1595,1575,1500,1500,1500,1572,1600,1650,1650,1695,1700,1675,1650,1620,1617.5,1600,1600,1600,1600,1600,1665,1695,1675,1700,1695,1675,1650,1635,1650,1650
"Portland","OR","Portland-Vancouver-Hillsboro","Multnomah County",30,,,,,,,,,,,,1250,1397.5,1350,1300,1395,1385,1375,1400,1395,1450,1400,1375,1350,1295,1295,1392.5,1400,1395,1395,1395,1400,1350,1433.5,1385,1325,1344,1345,1299,1325,1395,1399,1395,1425,1450,1495,1495,1485,1450,1450,1450,1495,1500,1550,1595,1600,1650,1650,1650,1595,1595,1595,1600,1695,1650,1695,1795,1797.5,1820,1850,1800,1785,1795,1800,1850,1895,1850,1850,1850,1850,1800,1800,1850,1750,1800,1850,1855,1895,1975,1995,1995,1995,1950,1899,1895,1925,1899,1895,1895,1900,1995,1995,1995,1995,1990,1950,1912.5,1950,1950
"Sacramento","CA","Sacramento--Roseville--Arden-Arcade","Sacramento County",31,,,,,,,,,,,,,,,,,,,,,,1150,1125,1145,1125,1150,1150,1150,1150,1150,1167.5,1195,1195,1195,1195,1195,1195,1195,1195,1195,1200,1195,1150,1175,1150,1195,1195,1195,1195,1195,1200,1200,1200,1229.5,1234.5,1250,1250,1250,1250,1250,1260,1250,1281,1250,1285,1295,1295,1300,1325,1295,1295,1325,1300,1350,1350,1295,1350,1350,1395,1387.5,1325,1350,1350,1350,1425,1453,1456,1487.5,1500,1575,1650,1621,1600,1595,1595,1600,1598,1650,1650,1695,1700,1735,1750,1745,1745.5,1750,1700,1695,1675
"Baltimore","MD","Baltimore-Columbia-Towson","Baltimore City",32,,,1300,1300,1300,1395,1250,1295,1300,1350,1300,1300,1250,1212.5,1250,1250,1200,1250,1200,1200,1200,1200,1200,1200,1200,1200,1200,1200,1200,1200,1200,1200,1200,1200,1200,1200,1200,1200,1200,1200,1200,1200,1250,1205,1250,1269,1250,1250,1250,1250,1250,1300,1300,1300,1300,1300,1300,1300,1300,1295,1300,1300,1350,1375,1400,1400,1400,1385,1350,1350,1350,1350,1350,1350,1396.5,1400,1400,1400,1350,1350,1300,1325,1350,1300,1300,1300,1350,1399,1395,1400,1400,1350,1350,1325,1300,1300,1300,1300,1325,1400,1400,1400,1400,1375,1350,1350,1300,1350,1325
"Milwaukee","WI","Milwaukee-Waukesha-West Allis","Milwaukee County",33,,,,,,,,,,,,,,,,,,,,,,,,,,,,,,,,,,,,,,,,,,,,,,,,,,,,,,1100,1150,1195,1185,1110,1125,999,995,965,999,1095,999,1000,1095,1095,1047.5,1095,1010,1000,1099.5,1100,1100,1095,1112.5,985,1130,1025,1000,1075,952.5,999.5,1025,1099,1100,1175,1050,1050,1075,1050,1000,1025,1000,1025,1025,1025,1050,1150,1095,1095,1080,1050,1050,1050,1012.5,1005,1050
"Fresno","CA","Fresno","Fresno County",34,,,,,,,,,,,,,,,,,,,,,,,,,,,,,,,,,,,,,,,,,,,,,,,,,,,,,,,,,,,,,,,,,,,,,,1200,1200,1195,1095,1077.5,1095,1075,1100,1100,1095,1145,1125,1100,1197.5,1195,1197.5,1150,1200,1227.5,1250,1250,1295,1295,1275,1250,1275,1267.5,1295,1300,1350,1375,1300,1300,1395,1395,1350,1400,1350,1375,1400
"Omaha","NE","Omaha-Council Bluffs","Douglas County",35,,,,,,,,,,,,,,,,,,,,,,,,,,,,,,,,,,,,,,,,,,,,,,,,,,,,,,,,,,,,,,,,,,,,,,,,,,,,,,,,,,,,,,1200,1250,1295,1300,1295,1300,1275,1285,1250,1250,1250,1250,1250,1300,1325,1300,1325,1345,1300,1275,1250,1250,1250,1250
"Albuquerque","NM","Albuquerque","Bernalillo County",36,,,,,,,,,,,,,1125,1170,1200,1200,1200,1195,1200,1162.5,1150,1150,1100,1100,1097.5,1095,1100,1050,1050,1095,1100,1100,1100,1095,1065.5,1050,1050,1050,1000,1050,1100,1100,1100,1125,1150,1150,1100,1150,1125,1125,1125,1125,1162.5,1195,1175,1175,1175,1187.5,1150,1150,1150,1150,1175,1200,1200,1200,1200,1200,1195,1200,1180,1195,1200,1200,1200,1200,1200,1212.5,1200,1200,1200,1200,1195,1200,1200,1225,1250,1250,1250,1250,1250,1250,1250,1250,1247.5,1250,1225,1250,1250,1250,1295,1295,1300,1295,1295,1275,1250,1250,1295
"Oklahoma City","OK","Oklahoma City","Oklahoma County",37,,,,,,,,,,,,,,,,,,,,,,,,,,,,,,,,,,,995,895,850,875,949,800,850,900,850,850,950,995,912.5,995,957.5,932.5,925,950,1100,1125,1100,1100,1000,1075,1050,1095,1100,1100,1195,1195,1195,1175,1175,1145,1095,1000,1025,1047.5,1050,1082.5,1100,1099.5,1000,1095,1050,995,1050,975,990,950,950,950,995,1000,1025,1025,1000,1000,995,975,995,975,995,995,995,1000,996,1000,1000,995,985,995,995,995,995
"Raleigh","NC","Raleigh","Wake County",38,,1100,1100,1150,1195,1220,1195,1195,1150,1195,1195,1150,1100,1100,1125,1195,1195,1195,1195,1150,1125,1100,1095,1100,1150,1100,1150,1150,1195,1200,1195,1150,1150,1150,1150,1150,1100,1085,1100,1195,1200,1200,1200,1200,1210,1250,1200,1200,1199.5,1195,1195,1200,1250,1250,1250,1250,1250,1250,1225,1250,1250,1195,1200,1200,1195,1195,1300,1300,1200,1175,1195,1195,1195,1295,1300,1300,1295,1300,1325,1300,1295,1299,1345,1300,1350,1350,1350,1395,1400,1400,1395,1395,1395,1350,1375,1392.5,1395,1400,1400,1395,1395,1400,1400,1400,1400,1400,1399,1400,1400
"Mesa","AZ","Phoenix-Mesa-Scottsdale","Maricopa County",39,,,1200,1195,1200,1000,1050,1095,1100,1000,1000,1050,997,999,1025,1050,1050,1050,1050,999.5,1000,995,996.5,995,1000,995,995,995,995,1000,995,999,1000,1025,1000,1025,1025,1025,1000,1025,1050,1050,1050,1050,1050,1095,1095,1095,1090,1095,1095,1095,1125,1100,1100,1100,1125,1125,1125,1150,1150,1187.5,1175,1195,1195,1195,1175,1150,1150,1190,1175,1195,1200,1200,1200,1212.5,1200,1200,1225,1200,1200,1250,1200,1195,1215,1250,1250,1275,1284,1295,1295,1325,1300,1300,1295,1295,1300,1325,1350,1350,1395,1395,1395,1380,1395,1390.5,1395,1350,1375
"Atlanta","GA","Atlanta-Sandy Springs-Roswell","Fulton County",40,,,1250,1350,1350,1350,1400,1400,1375,1350,1300,1400,1350,1300,1300,1300,1325,1350,1300,1350,1300,1350,1275,1250,1250,1200,1225,1100,1100,1175,1150,1100,1100,1100,1095,1095,1100,1090,1150,1200,1250,1200,1200,1150,1195,1200,1100,1200,1177.5,1100,1150,1150,1200,1199.5,1200,1250,1249.5,1292.5,1295,1100,1095,1100,1150,1200,1200,1250,1250,1249,1195,1200,1225,1292.5,1300,1390,1395,1395,1400,1450,1500,1500,1450,1490,1435,1490,1450,1500,1550,1600,1627.5,1600,1650,1627.5,1600,1599.5,1600,1599.5,1647.5,1695,1697,1750,1711.5,1800,1800,1797,1750,1700,1750,1750,1792.5
"Kansas City","MO","Kansas City","Jackson County",41,,,,,,,,,,,,,,,,,,,,,,,,,950,875,900,950,875,875,900,895,850,850,850,800,800,800,825,800,850,800,795,756.5,775,800,800,800,825,815,825,825,850,850,850,825,800,800,800,825,825,800,825,825,825,850,870,899,895,862.5,850,850,875,895,897,925,950,950,975,960,907,950,945,950,900,900,900,950,975,995,975,1000,995,995,995,995,975,950,975,995,1000,1045,1000,1000,1025,1025,1000,1000,995
"Long Beach","CA","Los Angeles-Long Beach-Anaheim","Los Angeles County",42,,2347.5,2250,2100,2100,2200,2197.5,2287.5,2300,2000,1925,1887.5,1850,1797.5,1750,1700,1837.5,1850,1875,1800,1750,1650,1550,1480,1400,1599,1600,1410,1400,1450,1400,1400,1472.5,1500,1480,1440,1400,1500,1500,1466,1475,1400,1300,1350,1550,1795,1695,1895,1750,1750,1725,1700,1800,1795,1795,1850,1895,1897.5,1895,1850,1900,1900,1900,1900,1950,1995,2000,2000,2025,1995,1950,1995,1995,1995,1995,1895,1997.5,1950,1997.5,1987.5,2060,2060,2000,1995,2095,2195,2250,2100,2150,2195,2150,2200,2225,2295,2195,2195,2200,2250,2195,2200,2350,2395,2300,2300,2250,2200,2295,2300,2272.5
"Colorado Springs","CO","Colorado Springs","El Paso County",43,,,,,,,,,,,,,,1095,1150,1195,1200,1200,1195,1195,1185,1150,1125,1140,1125,1100,1150,1150,1150,1195,1200,1195,1150,1150,1175,1175,1175,1150,1175,1195,1195,1200,1200,1200,1199,1220,1200,1200,1200,1200,1200,1200,1250,1250,1250,1250,1250,1250,1250,1250,1250,1250,1250,1300,1295,1300,1300,1300,1295,1295,1295,1275,1295,1295,1300,1325,1325,1325,1350,1325,1350,1300,1350,1325,1350,1395,1400,1400,1447.5,1492.5,1450,1475,1495,1450,1450,1495,1490,1495,1500,1500,1525,1550,1545,1500,1500,1500,1500,1500,1525
"Virginia Beach","VA","Virginia Beach-Norfolk-Newport News","Virginia Beach City",44,,1300,1295,1350,1350,1350,1400,1450,1395,1395,1350,1375,1350,1350,1350,1400,1450,1450,1400,1425,1400,1395,1395,1350,1350,1350,1350,1395,1395,1450,1400,1400,1395,1350,1375,1395,1395,1350,1395,1395,1395,1399,1395,1395,1395,1395,1350,1375,1350,1350,1350,1350,1400,1395,1400,1400,1400,1395,1395,1400,1395,1395,1375,1395,1445,1450,1425,1400,1400,1400,1400,1395,1400,1400,1450,1450,1475,1412.5,1400,1475,1450,1445,1400,1450,1425,1400,1400,1400,1425,1475,1450,1450,1450,1425,1400,1425,1400,1450,1450,1450,1495,1495,1495,1495,1500,1500,1500,1495,1495
"Miami","FL","Miami-Fort Lauderdale-West Palm Beach","Miami-Dade County",45,,1995,1950,1950,1900,1950,1999.5,2000,2100,1950,1950,2000,1935,1850,1850,1850,1900,1915,1950,1950,1950,2000,2050,2000,2000,2000,2000,2000,2000,2100,2100,2100,2097,2100,2100,2100,2190,2200,2200,2180,2200,2175,2180,2200,2250,2250,2250,2250,2200,2200,2200,2200,2200,2200,2295,2200,2200,2200,2200,2150,2100,2200,2300,2400,2400,2449,2500,2500,2482.5,2400,2400,2475,2450,2450,2490,2425,2385,2375,2300,2300,2350,2300,2350,2250,2299,2300,2300,2300,2300,2300,2300,2300,2300,2300,2300,2300,2350,2300,2400,2400,2450,2475,2500,2500,2500,2500,2450,2450,2400
"Oakland","CA","San Francisco-Oakland-Hayward","Alameda County",46,,,,,,,,,,,,,,,,,,,,,,,,,,,,,,,,,,,,,,,,,,,,,,,,,,,,,,,,,,2380,2300,2272.5,2295,2400,2400,2490,2550,2425,2600,2650,2895,2995,2750,2800,2800,2800,2850,2850,3000,3000,3195,2850,2900,2672.5,2800,2900,2850,2900,2850,2850,2900,2950,2950,2900,2999,3000,2999.5,2900,2900,2800,2800,2895,3095,3150,3200,3200,3000,3150,3195,3000,3035
"Tulsa","OK","Tulsa","Tulsa County",47,,,,,,,,,,,,,895,895,862.5,795,812.5,872.5,925,890,850,850,899,900,862.5,875,895,850,850,850,817.5,935,895,885,895,895,890,895,900,850,800,815,837,850,895,895,895,895,875,875,875,895,950,950,950,975,950,962.5,950,950,950,950,950,950,1095,1050,1050,995,950,950,975,900,875,850,875,850,940,950,875,995,950,895,950,955,950,950,950,950,975,995,992.5,950,925,925,950,925,925,925,970,950,975,950,925,900,900,950,947.5,950,925
"Minneapolis","MN","Minneapolis-St. Paul-Bloomington","Hennepin County",48,,,,,,,,,,,,,,,,,,,,,,,,,,,,,,,,,,1600,1395,1600,1600,1600,1595,1565,1550,1550,1500,1495,1542.5,1425,1499,1495,1399.5,1400,1395,1395,1400,1495,1400,1400,1450,1425,1495,1495,1495,1450,1475,1545,1542.5,1525,1495,1495,1495,1495,1595,1650,1695,1595,1500,1500,1497,1499,1595,1495,1495,1500,1495,1550,1600,1675,1650,1597,1595,1595,1612.5,1600,1595,1595,1800,1875,1795,1795,1695,1795,1770,1750,1700,1725,1700,1782.5,1825,1795,1750
"Honolulu","HI","Urban Honolulu","Honolulu County",49,,,,,,,,,,,,,,2200,2200,1950,2000,2000,2000,2200,2200,2100,2000,2100,2047.5,2200,2100,2200,2100,2200,2100,2200,2350,2400,2500,2500,2400,2400,2300,2300,2450,2400,2250,2250,2400,2400,2343.5,2400,2400,2400,2275,2200,2450,2325,2250,2162.5,2200,2400,2500,2600,2700,2663.5,2600,2600,2600,2500,2500,2350,2400,2400,2400,2400,2477.5,2485,2500,2500,2400,2476,2200,2400,2200,2250,2300,2200,2300,2350,2300,2380,2350,2300,2295,2300,2300,2300,2300,2300,2350,2300,2300,2300,2375,2400,2300,2300,2250,2300,2300,2300,2300
"Cleveland","OH","Cleveland-Elyria","Cuyahoga County",50,,,,,,,,,,,,,,,,,,,,,,,,,,,,,,,,,,,,,,,,,,,,,,,,,,,,,,,,,,,,,,,,,,,,,,,,,,,,,,,,,,825,845,850,800,850,850,850,850,850,850,850,825,850,825,825,800,840,850,850,850,850,850,850,850,850,850,850,850
"New Orleans","LA","New Orleans-Metairie","Orleans Parish",51,,,,,,,,,,,,,,,,,,,,,,,,,,,,,,,,,,,,,,,,,,,,,,,,,,,,,,,,,,,,,,,,,,,,1800,1700,1650,1695,1700,1700,1750,1670,1797.5,1550,1450,1500,1400,1400,1400,1350,1400,1400,1500,1500,1600,1600,1600,1550,1600,1500,1500,1500,1500,1500,1500,1500,1500,1650,1600,1600,1500,1500,1500,1500,1550,1500
"Arlington","TX","Dallas-Fort Worth-Arlington","Tarrant County",52,,,,,,,,,,,1199,1200,1250,1225,1200,1200,1200,1200,1200,1150,1100,1097.5,1050,1095,1095,1135,1145,1095,1089,1150,1095,1100,1100,1100,1150,1195,1100,1100,1095,1095,1100,1225,1200,1199.5,1225,1225,1200,1200,1200,1200,1200,1200,1295,1295,1275,1250,1250,1275,1295,1297.5,1300,1325,1350,1350,1325,1350,1350,1375,1350,1350,1325,1360,1350,1350,1395,1375,1350,1350,1395,1375,1395,1400,1395,1395,1450,1450,1450,1475,1495,1500,1500,1495,1500,1500,1495,1495,1500,1495,1500,1525,1525,1550,1550,1550,1550,1525,1525,1550,1550
"Baton Rouge","LA","Baton Rouge","East Baton Rouge Parish",53,,,,,,,,,,,,,925,997.5,1050,1150,1000,982.5,1000,1100,1150,992,1000,1000,1000,1000,1100,1100,1100,1150,1100,1000,1050,1000,1050,1025,1050,1050,1050,1000,1012.5,1015,1000,999.5,1012.5,1085,1100,1100,1050,997.5,1000,1000,1150,1200,1200,1100,1100,1195,1100,1100,1150,1100,1200,1200,1200,1200,1275,1300,1250,1200,1200,1200,1200,1200,1250,1295,1200,1250,1275,1245,1250,1297.5,1300,1395,1350,1350,1350,1400,1350,1395,1350,1350,1300,1300,1300,1300,1300,1300,1300,1325,1347.5,1350,1300,1300,1250,1300,1250,1250,1200
"Wichita","KS","Wichita","Sedgwick County",54,,,,,,,,,,,,,,,,,,,,,,,,,,,,842.5,855,897.5,795,815,800,775,850,850,800,797.5,825,850,850,837.5,795,750,800,800,750,800,750,750,750,750,800,800,795,825,850,850,850,875,875,850,900,900,900,895,900,850,850,850,835,850,875,862.5,875,895,887.5,850,875,850,845,850,800,800,845,850,892.5,900,895,895,875,850,875,875,875,895,850,850,850,875,899.5,875,875,900,875,850,850,825,825
"Knoxville","TN","Knoxville","Knox County",55,,,,,,,,,,,,,,,,,,,,850,800,890,900,900,850,850,850,900,950,900,837.5,850,850,900,900,850,829,800,829,800,825,897.5,840,810,850,1000,950,962.5,919.5,950,950,932.5,900,975,997.5,1100,1100,999.5,945,950,945,950,950,962.5,1000,1050,1200,1135,1000,1095,1097.5,1000,1072.5,1095,1100,1050,1100,1050,1000,1112.5,1000,1100,1095,1075,1100,1100,1150,1127.5,1190,1150,1196,1197,1150,1100,1150,1190,1150,1195,1185,1199,1200,1250,1250,1200,1200,1100,1100,1150,1150
"Tampa","FL","Tampa-St. Petersburg-Clearwater","Hillsborough County",56,,,,,,,,,,,,,,1200,1160,1150,1100,1150,1150,1150,1195,1125,1100,1100,1100,1100,1150,1095,1098,1100,1100,1100,1100,1095,1095,1050,1050,1050,1092.5,1100,1149.5,1100,1100,1150,1185,1200,1150,1200,1195,1195,1200,1200,1200,1200,1200,1200,1200,1200,1250,1250,1250,1250,1250,1300,1325,1350,1400,1395,1295,1300,1362.5,1300,1322,1307.5,1350,1395,1350,1395,1362.5,1305,1375,1300,1300,1300,1400,1450,1495,1499,1450,1475,1500,1495,1470,1450,1448,1400,1402,1450,1450,1495,1500,1550,1525,1532.5,1500,1500,1500,1500,1495
"Aurora","CO","Denver-Aurora-Lakewood","Arapahoe County",57,,,,,,,,,,,,,1100,1096.5,1095,1094,1025,1100,1150,1162.5,1100,1100,1150,1095,1112.5,1150,1100,1150,1195,1150,1195,1195,1200,1200,1195,1125,1150,1195,1150,1195,1195,1200,1295,1250,1250,1337,1295,1295,1265,1295,1295,1295,1385,1395,1395,1395,1400,1400,1450,1495,1550,1595,1600,1629,1600,1595,1645,1612,1619,1650,1650,1650,1650,1650,1612.5,1599.5,1600,1600,1600,1600,1600,1600,1597.5,1575,1600,1675,1700,1750,1795,1795,1750,1700,1700,1700,1700,1700,1695,1700,1750,1800,1800,1825,1845,1850,1850,1825,1800,1800,1850
"Riverside","CA","Riverside-San Bernardino-Ontario","Riverside County",58,,,,,,,,,,,,,1550,1595,1500,1597.5,1600,1600,1700,1700,1650,1550,1500,1500,1500,1595,1500,1455,1495,1595,1595,1600,1600,1595,1599,1585,1575,1589,1550,1500,1579,1549,1550,1600,1695,1700,1650,1650,1635,1650,1650,1650,1750,1750,1750,1789,1750,1750,1750,1700,1755,1795,1800,1805.5,1850,1837,1795,1800,1797,1800,1800,1800,1799.5,1822.5,1800,1800,1800,1800,1800,1800,1795,1795,1800,1750,1800,1850,1875,1850,1900,1929,1980,1950,1940,1950,1950,1950,1995,1995,2010,1999,2050,2095,2145,2095,2000,2000,2000,1999.5,2000
"Bakersfield","CA","Bakersfield","Kern County",59,,,,,,,,,,,,,,,,,,,1300,1295,1250,1200,1250,1250,1200,1200,1250,1250,1300,1300,1300,1295,1200,1212.5,1200,1295,1295,1295,1295,1325,1350,1395,1412.5,1300,1375,1379,1300,1295,1300,1300,1300,1300,1350,1350,1395,1400,1400,1395,1395,1395,1377.5,1387.5,1395,1350,1395,1400,1450,1400,1400,1400,1400,1400,1395,1400,1450,1450,1450,1412.5,1495,1450,1400,1400,1425,1400,1400,1400,1400,1450,1450,1450,1450,1425,1450,1447.5,1400,1450,1449,1430,1449,1475,1500,1500,1495,1475,1495,1495,1450,1450,1495
"Pittsburgh","PA","Pittsburgh","Allegheny County",60,,,,,,,,,,,,,,,,,,,,,,,,,,,,,,,,,,1200,1200,1000,1100,1250,1200,1250,1225,1295,1200,1250,1250,1200,1200,1195,1200,1250,1295,1295,1297,1375,1400,1300,1250,1200,1200,1200,1200,1250,1318.5,1350,1350,1350,1300,1300,1250,1200,1200,1250,1275,1299,1350,1350,1350,1317,1350,1299,1285,1200,1300,1250,1310,1350,1350,1395,1400,1400,1400,1375,1250,1275,1347.5,1350,1325,1350,1350,1350,1350,1350,1300,1295,1250,1295,1350,1350,1390
"Cincinnati","OH","Cincinnati","Hamilton County",61,,,,,,,,,,,,,,,,,,,,,,,,900,950,945,945,795,750,750,750,750,775,775,795,800,795,750,785,800,775,775,750,795,850,885,875,950,895,875,875,850,921,895,875,897.5,975,900,975,950,975,950,995,995,975,950,925,982.5,950,1000,1100,1092.5,995,1050,1075,1095,1000,1000,995,1097.5,1050,1200,1125,1162.5,1150,1175,1300,1300,1400,1300,1350,1200,1250,1250,1375,1350,1285,1295,1382.5,1380,1350,1375,1362.5,1300,1297,1350,1395,1400,1350
"Anaheim","CA","Los Angeles-Long Beach-Anaheim","Orange County",62,,,1995,2000,2072.5,2100,2250,2350,2150,2200,2095,1925,2095,2050,2100,2200,2200,2200,2250,2295,2300,2100,1995,2172.5,2072.5,2137.5,2050,2050,1990,2100,2150,2000,2025,2100,2000,1900,1977.5,2000,1995,2000,2150,2100,2100,1919,2100,2250,2272.5,2200,2195,2200,2200,2195,2100,2200,2150,2205,2200,2200,2250,2295,2300,2250,2250,2250,2297.5,2372.5,2297.5,2300,2295,2295,2300,2275,2295,2300,2295,2382.5,2400,2300,2312.5,2300,2400,2362.5,2400,2300,2350,2472.5,2400,2500,2500,2575,2550,2550,2550,2500,2500,2500,2500,2500,2500,2525,2600,2600,2600,2600,2625,2650,2650,2550,2600
"Santa Ana","CA","Los Angeles-Long Beach-Anaheim","Orange County",63,,,,,,,,,,,,,,,,,,,,,,,,,,,,,,,,,,,,,,,,,,,,,,,,,,,,,,,,,,,,,,,,,,,,,,,,,,,,,,,1850,2095,2000,1980,1837.5,1925,2150,2195,2075,2195,2200,2250,2172.5,2250,2200,2195,2000,1925,2125,2200,2347.5,2200,2250,2100,2200,2350,2275,2300,2500,2500,2500
"Columbia","SC","Columbia","Richland County",64,,,,,,,,,,,,,,1000,997,1072.5,1095,1000,1050,1050,1000,950,980,995,1000,995,1000,1000,1050,1050,1050,1050,1075,1075,1050,1050,1050,995,995,995,999.5,1050,1050,1042.5,1050,1095,1095,1100,1050,1040,1007.5,1020,1000,1050,1020,1100,1075,1050,1050,1050,1050,1100,1110,1100,1100,1147.5,1100,1100,1095,1100,1100,1095,1095,1100,1100,1100,1095,1095,1100,1100,1095,1100,1100,1050,1050,1075,1095,1100,1125,1175,1150,1125,1100,1095,1100,1100,1100,1100,1150,1150,1175,1150,1122.5,1100,1100,1137,1125,1100,1159
"Islip","NY","New York-Newark-Jersey City","Suffolk County",65,,1575,1700,1800,1800,1600,1550,1650,1600,1775,1800,1750,1750,1800,1725,1675,1800,1900,1850,1950,1750,1650,1650,1605,1600,1600,1600,1550,1600,1597.5,1650,1605,1695,1722.5,1800,1887.5,1827.5,1850,1835,1820,1995,1900,1880,1705,1855,1995,1950,1950,1950,1950,1900,1850,2100,2000,2100,2100,2150,2200,2200,2200,2100,2000,2000,1997,2000,2100,2200,2200,2157.5,2000,2000,2100,2200,2200,2200,2200,2000,2150,2000,2200,2300,2100,2150,2000,2287.5,2300,2300,2300,2350,2300,2325,2375,2300,2200,2050,2000,2200,2300,2200,2300,2370,2300,2375,2350,2400,2400,2450,2400,2400
"Marietta","GA","Atlanta-Sandy Springs-Roswell","Cobb County",66,,,,,,,,,,,,,,1200,1200,1225,1295,1250,1250,1225,1200,1175,1100,1195,1150,1100,1095,1100,1100,1200,1200,1200,1200,1195,1100,1100,1125,995,1100,1112.5,1200,1200,1200,1150,1208,1247.5,1247.5,1250,1200,1200,1225,1250,1250,1250,1300,1300,1350,1350,1350,1350,1350,1349.5,1350,1395,1395,1395,1404.5,1395,1350,1350,1350,1354.5,1395,1395,1395,1350,1375,1385,1397,1350,1400,1350,1400,1395,1400,1400,1450,1515,1550,1559,1595,1575,1500,1500,1499,1500,1500,1500,1500,1540,1595,1622.5,1625,1600,1595,1575,1542.5,1500,1500
"Corpus Christi","TX","Corpus Christi","Nueces County",67,,,,,,,,,,,,,,,,,,,,,,1250,1199.5,1200,1200,1200,1200,1300,1200,1295,1295,1272.5,1300,1300,1337.5,1200,1250,1300,1350,1312.5,1350,1350,1400,1400,1450,1500,1512.5,1550,1595,1550,1550,1550,1500,1600,1550,1500,1500,1550,1550,1500,1500,1550,1595,1600,1625,1600,1530,1575,1500,1500,1462.5,1475,1500,1450,1497.5,1595,1595,1575,1600,1595,1500,1550,1425,1400,1495,1500,1495,1495,1475,1495,1500,1500,1500,1500,1500,1500,1500,1500,1550,1500,1595,1550,1550,1550,1500,1495,1495,1497.5,1500
"Saint Louis","MO","St. Louis","Saint Louis City",68,,,,,,,,,,,,,885,995,1097.5,1150,1155,1100,1095,1100,1100,1100,1100,1050,1025,1050,975,950,975,995,900,920,947.5,862.5,895,895,895,895,900,900,850,850,850,850,915,997.5,950,995,900,895,900,900,950,1000,1050,995,995,995,1000,1000,1000,1050,1050,1100,1050,1095,1095,1075,1050,1000,975,975,985,975,1000,1095,1037.5,1000,995,1050,1000,950,950,950,995,995,995,1000,1050,1050,1050,1000,1025,1000,1000,1000,990,995,1000,1050,1000,1092.5,1050,1000,1000,1000,995,1000,1000
"Lexington","KY","Lexington-Fayette","Fayette County",69,,,,,,,,,,,,,1000,1000,1000,1037.5,1000,975,1075,1150,1145,1050,995,985,997,1000,1062.5,1112.5,1053,1099.5,1062,947,1099.5,1050,995,997,990,950,959,975,1039,1068.5,1031,1095,1095,1075,1032,995,990,1000,995,995,1083,1050,1075,1088,1099,1064,1100,1097,1065,1100,1150,1156,1200,1119,1110.5,1100,1100,1100,1100,1095,1095,1100,1149.5,1150,1164,1195,1150,1147.5,1125,1100,1140.5,1100,1150,1100,1195,1196.5,1221.5,1200,1200,1198,1195,1200,1175,1165,1171.5,1200,1200,1250,1250,1218,1200,1200,1200,1250,1200,1200,1200
"Fort Wayne","IN","Fort Wayne","Allen County",70,,,,,,,,,,,,,,,,,,,,,,,,,,,,,,,,850,900,950,900,775,747.5,700,650,650,600,600,600,625,635,672.5,600,600,599,620,600,625,630,675,625,600,600,625,599,595,595,599,599.5,600,625,645,650,625,625,650,645,650,650,650,675,650,675,625,647.5,680,647,600,662.5,650,625,595,630,650,650,675,695,665,675,700,695,699,695,699,710,727,750,752.5,760,750,750,750,735,750,725
"Greensboro","NC","Greensboro-High Point","Guilford County",71,,,,,,,,,,,,,850,850,850,850,875,895,875,875,925,900,850,875,875,850,800,850,850,850,850,799.5,850,850,850,850,850,800,825,825,825,800,850,875,950,950,925,895,895,900,900,900,895,895,875,895,895,925,925,925,895,897,925,975,995,969,950,905,944.5,949.5,915,950,900,892,945,975,985,987,900,975,900,930,950,922.5,985,975,975,975,995,1050,995,1025,985,975,995,995,995,995,1050,1097,1095,1050,1100,1037,1000,1000,1025,995,1050
"Vancouver","WA","Portland-Vancouver-Hillsboro","Clark County",72,,,,,,,,,,,,,,1147.5,1195,1250,1400,1295,1250,1195,1195,1195,1195,1195,1195,1195,1195,1200,1200,1200,1250,1290,1242.5,1200,1200,1200,1195,1200,1200,1225,1250,1250,1275,1295,1325,1325,1295,1295,1295,1295,1295,1297.5,1350,1395,1395,1400,1425,1395,1395,1395,1395,1395,1425,1450,1450,1495,1495,1495,1550,1495,1495,1495,1495,1495,1525,1495,1500,1537.5,1595,1575,1585,1597.5,1595,1550,1647.5,1600,1650,1650,1695,1695,1700,1695,1695,1695,1695,1695,1695,1695,1725,1750,1795,1795,1795,1795,1775,1750,1750,1750,1750
"Silver Spring","MD","Washington-Arlington-Alexandria","Montgomery County",73,,,,,,,,,,,,,,1800,1750,1812.5,1875,1875,1887.5,1895,1925,1900,1850,1850,1790,1800,1700,1837.5,1850,1925,1900,1900,1800,1800,1850,1792.5,1847.5,1850,1865,1775,1750,1775,1800,1850,1895,1950,1950,1885,1900,1895,1900,1900,2000,2000,2000,2050,2050,2000,2000,1995,1995,2000,2000,1975,1900,1950,2000,2000,2000,2000,2000,2000,1950,1995,1995,2000,1995,1975,2000,1995,1897,1950,1950,1900,1950,1995,1975,2000,2100,2100,2100,2100,2000,2000,1995,1975,2000,2000,2000,2100,2150,2200,2200,2200,2100,2000,2050,2095,2000
"Toledo","OH","Toledo","Lucas County",74,,,,,,,,,,,,,,,,,,,,,700,649.5,650,650,650,650,650,625,625,650,650,650,650,650,650,650,650,650,625,625,650,665,650,650,695,735,700,725,700,700,700,700,700,700,700,699.5,725,742.5,750,750,750,750,785,795,795,795,795,795,795,775,775,750,750,750,795,795,790,775,792.5,750,775,750,775,750,795,775,785,795,800,795,795,800,795,795,790,775,780,775,800,800,800,800,800,800,800,795,785,775,795
"Anchorage","AK","Anchorage","Anchorage Borough",75,,,,,,,,,,,,,,1740,1700,1735,1650,1797.5,1900,1845,1875,1790,1700,1740,1700,1650,1650,1520,1650,1740,1750,1700,1700,1720,1800,1800,1725,1750,1750,1790,1750,1700,1775,1797.5,1782.5,1795,1800,1750,1750,1700,1700,1745,1892.5,1892.5,1900,1950,1900,1890,1800,1800,1837.5,1790,1750,1800,1890,1900,1862.5,1825,1750,1800,1845,1850,1800,1800,1800,1850,1795,1800,1772.5,1795,1750,1675,1692.5,1695,1650,1650,1600,1650,1695,1700,1750,1700,1700,1685,1650,1650,1695,1650,1700,1725,1750,1750,1800,1795,1795,1750,1700,1695,1690
"Saint Paul","MN","Minneapolis-St. Paul-Bloomington","Ramsey County",76,,,,,,,,,,,,,,,,,,,1250,1295,1262.5,1209,1195,1175,1150,1150,1195,1195,1200,1200,1207.5,1199,1200,1197,1199,1199,1200,1200,1215,1247.5,1250,1237,1100,1100,1195,1200,1250,1250,1250,1272.5,1295,1295,1295,1295,1300,1295,1250,1250,1245,1250,1250,1250,1250,1295,1295,1299.5,1300,1322.5,1275,1250,1225,1250,1275,1295,1299,1250,1295,1295,1395,1312.5,1349.5,1295,1297.5,1270,1349.5,1312.5,1347.5,1395,1400,1400,1445,1447,1375,1350,1350,1355,1395,1429,1495,1495,1500,1488,1500,1475,1491,1499,1550,1500,1480
"Naples","FL","Naples-Immokalee-Marco Island","Collier County",77,,,,,,,,,,,,,,,,,,,,,,,,,,,,,,,,,,,,,,,,,,,,,,,,,,,,,,,,,,,,,,,,,,,,,,,,,,,,,,,,,,,,,2800,2900,3000,3000,3000,3000,3000,3000,3300,3400,3500,3750,3800,3800,3700,3600,3600,3750,3750,3800,3900,4000,4000,4000,4000
"Durham","NC","Durham-Chapel Hill","Durham County",78,,,,,1195,1250,1295,1250,1200,1195,1100,1195,997.5,1000,1050,1150,1095,1095,1100,1150,1100,1095,995,1000,995,995,1037.5,975,995,1000,1050,1000,1000,1050,1000,995,995,925.5,975,1050,1095,1050,1050,1095,1150,1150,1100,1175,1150,1150,1175,1155,1222.5,1200,1200,1200,1217.5,1235,1250,1250,1250,1275,1295,1325,1325,1300,1300,1275,1250,1250,1250,1250,1250,1275,1300,1300,1300,1300,1300,1350,1275,1317,1295,1225,1310,1350,1375,1377.5,1395,1395,1395,1395,1375,1350,1395,1400,1425,1425,1475,1450,1450,1450,1450,1450,1450,1450,1450,1450,1450
"Tallahassee","FL","Tallahassee","Leon County",79,,,,,,,,,,,,,,995,990,950,950,900,950,950,945,950,950,900,895,900,900,950,950,925,925,900,895,895,900,850,875,900,930,950,950,925,900,899,900,900,900,900,950,950,975,975,975,950,950,925,900,900,950,950,950,975,1000,995,975,975,975,950,950,915,925,950,975,995,1000,995,982.5,950,950,975,950,950,990,975,1000,1050,1000,1000,999,975,975,1000,1000,995,990,990,1000,1000,1050,1050,1050,1050,1025,1025,1050,1100,1095,1100,1145
"Stockton","CA","Stockton-Lodi","San Joaquin County",80,,,,,,,,,,,,,,,1135,1137.5,1150,1150,1150,1150,1100,1112.5,1100,1135,1095,1000,1045,1100,1100,1075,1050,1090,1095,1045,1095,1050,1095,1050,1050,1095,1100,1100,1080,1025,1100,1150,1122.5,1100,1100,1100,1145,1100,1150,1199,1250,1250,1200,1195,1200,1195,1200,1200,1245,1250,1250,1250,1295,1295,1295,1247.5,1262.5,1250,1250,1300,1245,1295,1250,1250,1295,1295,1300,1350,1295,1350,1350,1350,1400,1400,1425,1400,1375,1450,1395,1350,1450,1397.5,1450,1495,1500,1397.5,1450,1595,1595,1597.5,1525,1500,1550,1595,1500
"Plano","TX","Dallas-Fort Worth-Arlington","Collin County",81,,,,,,,,,1672.5,1900,1685,1550,1595,1595,1595,1600,1625,1600,1600,1650,1650,1600,1550,1550,1595,1600,1595,1462.5,1595,1600,1625,1592.5,1600,1612.5,1650,1600,1595,1595,1595,1595,1650,1695,1692.5,1650,1600,1650,1650,1695,1695,1695,1700,1698,1750,1800,1800,1850,1800,1795,1795,1795,1795,1800,1800,1850,1849,1850,1895,1850,1849.5,1850,1800,1800,1850,1850,1850,1850,1895,1950,1900,1875,1875,1895,1895,1895,1895,1850,1850,1900,1950,1995,1995,1950,1950,1900,1895,1895,1900,1900,1950,1950,1990,1995,1995,2000,1995,1995,1995,1950,1950
"Newark","NJ","New York-Newark-Jersey City","Essex County",82,,,,,,,,,,,,,,1200,1225,1300,1250,1200,1175,1200,1150,1150,1100,1100,1150,1100,1200,1200,1150,1200,1200,1200,1200,1200,1200,1200,1200,1200,1200,1200,1200,1200,1200,1200,1200,1200,1200,1200,1200,1200,1250,1250,1262.5,1250,1250,1250,1272.5,1250,1300,1275,1300,1336,1350,1300,1300,1300,1300,1300,1300,1300,1300,1300,1312.5,1300,1300,1350,1350,1350,1300,1300,1300,1350,1400,1300,1350,1350,1400,1500,1500,1497.5,1450,1450,1450,1450,1462.5,1450,1450,1500,1500,1500,1500,1500,1500,1500,1500,1500,1500,1500,1500
"Henderson","NV","Las Vegas-Henderson-Paradise","Clark County",83,,,1450,1397.5,1412.5,1325,1325,1350,1395,1325,1250,1250,1295,1275,1250,1295,1350,1350,1300,1300,1300,1295,1250,1250,1250,1250,1295,1250,1250,1250,1250,1250,1250,1250,1250,1250,1295,1250,1250,1275,1295,1250,1295,1299,1275,1295,1300,1299,1300,1299,1295,1295,1300,1350,1350,1350,1325,1345,1350,1350,1350,1350,1375,1395,1395,1395,1400,1400,1400,1395,1395,1350,1395,1400,1400,1400,1400,1475,1350,1400,1395,1395,1400,1375,1395,1450,1495,1499,1495,1495,1495,1495,1475,1450,1450,1450,1475,1477.5,1495,1500,1505.5,1567.5,1550,1595,1525,1500,1550,1600,1595
"Lincoln","NE","Lincoln","Lancaster County",84,,,,,,,,,,,,,,,,,,,,,,,,,,,,,,,,,,,,,,,,,,,,932.5,1050,1075,995,962.5,895,895,997.5,1072.5,1125,1000,1000,1000,1000,1000,995,995,995,1100,1200,1200,1200,1200,1200,1200,1137.5,1125,1100,1195,1125,1212.5,1197.5,1200,1200,1225,1200,1150,1100,1200,1200,1200,1195,1200,1250,1300,1250,1250,1250,1200,1200,1200,1200,1200,1295,1300,1295,1285,1300,1300,1300,1275,1175,1100,1100,1200,1250
"Modesto","CA","Modesto","Stanislaus County",85,,,,,,,,,,,,,995,995,1045,1035,995,995,1045,1045,1045,1050,1047.5,1045,1025,1050,995,995,1025,1025,1025,1012.5,1050,1050,1050,1045,1000,1000,995,1000,995,995,995,995,1015,1000,1025,1050,1045,1047.5,1050,1075,1150,1100,1100,1125,1112.5,1095,1095,1140,1195,1150,1175,1175,1200,1195,1195,1200,1200,1242.5,1250,1295,1250,1200,1250,1222.5,1250,1300,1250,1295,1295,1295,1295,1295,1349.5,1395,1395,1400,1450,1450,1450,1472.5,1495,1425,1395,1435,1475,1450,1450,1442.5,1500,1500,1550,1595,1525,1550,1550,1549.5,1500
"Chandler","AZ","Phoenix-Mesa-Scottsdale","Maricopa County",86,,,1262.5,1250,1225,1295,1300,1360,1350,1394,1395,1350,1300,1299,1300,1295,1295,1295,1295,1295,1297,1295,1250,1250,1255,1275,1295,1300,1350,1325,1300,1295,1295,1275,1250,1250,1295,1295,1280,1295,1295,1287,1295,1275,1297,1295,1300,1300,1300,1300,1309,1304.5,1350,1350,1350,1350,1395,1350,1375,1362.5,1390,1395,1399,1417.5,1400,1400,1400,1400,1400,1395,1395,1412.5,1450,1425,1450,1490,1450,1450,1450,1395,1400,1395,1400,1395,1442.5,1492.5,1495,1500,1500,1500,1500,1500,1500,1500,1500,1500,1500,1510,1575,1563.5,1595,1595,1600,1595,1590,1525,1550,1550,1550
"Lubbock","TX","Lubbock","Lubbock County",87,,,,,,,,,,,,,,,,,,,,,,,,,,,,,,,,,,,,,,,,1150,1050,1000,1050,995,995,900,950,995,985,1000,1000,1000,995,995,995,1100,1100,1097.5,1075,1000,1000,1125,1200,1200,1190,1200,1195,1150,1100,1100,1100,1097,1050,1075,1100,1195,1100,1100,1150,1100,1095,1050,1050,1080,1150,1195,1200,1200,1200,1200,1200,1125,1100,1100,1100,1085,1100,1175,1200,1200,1200,1200,1175,1140,1100,1150,1100,1150,1150
"Jersey City","NJ","New York-Newark-Jersey City","Hudson County",88,,1600,1600,1695,1600,1550,1550,1495,1600,1800,1625,1712.5,1750,1750,1750,1700,1700,1600,1700,1700,1700,1650,1700,1700,1700,1700,1650,1650,1750,1800,1750,1800,1847.5,1900,1900,1850,1800,1750,1800,1800,1800,1850,1950,2000,2000,2000,2100,2100,2000,1920,1900,1900,2100,2145,2200,2100,2050,2000,2000,2000,2100,2050,2172.5,2112.5,2100,2300,2300,2300,2300,2200,2100,2000,2125,2100,2070,2150,2100,2200,2200,2150,2250,2100,2100,2100,2195,2150,2100,2100,2195,2200,2200,2150,2100,2100,2100,2065,2050,2100,2150,2100,2150,2100,2195,2150,2150,2137.5,2100,2100,2099
"Reno","NV","Reno","Washoe County",89,,,,,,,,,,,,,1125,1155,1150,1155,1150,1200,1200,1195,1150,1150,1150,1100,1130,1150,1150,1100,1175,1197,1200,1199.5,1195,1150,1150,1100,1100,1145,1150,1125,1123,1150,1150,1100,1197.5,1200,1200,1225,1270,1250,1295,1250,1250,1275,1300,1325,1300,1325,1350,1350,1350,1350,1375,1400,1450,1425,1400,1395,1362.5,1395,1395,1395,1395,1425,1450,1462.5,1495,1450,1450,1500,1495,1500,1495,1425,1500,1495,1500,1600,1600,1650,1700,1657.5,1650,1695,1695,1650,1650,1690,1700,1745,1699,1700,1750,1700,1700,1700,1675,1700,1700
"Buffalo","NY","Buffalo-Cheektowaga-Niagara Falls","Erie County",90,,,,,,,,,,,,,,,,,,,,,,,,,,,,,,,,,,,,,,,,,,,,,,,,,,,,,,,,,,,,,,,,,,,,,,,,,,,,,,,1000,1050,900,850,925,912.5,987.5,1025,1000,1100,1049.5,1000,975,1095,1000,1100,1000,1050,1000,1037.5,1200,1100,1100,1100,1100,1100,1100,1100,1100,1100,1050
"Mobile","AL","Mobile","Mobile County",91,,,,862.5,850,862.5,925,995,831,804.5,810,825,850,800,850,912.5,950,950,900,912.5,900,900,900,900,900,912.5,912.5,750,750,775,750,750,750,750,800,750,750,750,750,750,750,750,750,750,822.5,800,750,807,750,750,750,750,850,850,850,800,800,850,800,827.5,800,800,850,870,900,900,880,895,875,887,850,850,850,850,850,895,850,950,950,900,872.5,900,895,875,875,900,900,950,950,975,950,925,895,875,877,875,850,850,850,900,942.5,950,950,925,900,895,900,900,887
"Hialeah","FL","Miami-Fort Lauderdale-West Palm Beach","Miami-Dade County",92,,,,,,,,,,,,,,,,,,,,,,,,,,,,,,,,,,,,,,,,,,,,,,,,,,,,,,,,,,,,,,,,,,,,,,,,,,,,,,1850,1825,1900,1962.5,1850,2000,1950,2000,2000,2000,2000,1977.5,2000,2000,1966,2000,2000,2000,2050,2000,2000,2000,2000,2050,1975,2000,2000,1975,1950,2000,2000,2000
"San Bernardino","CA","Riverside-San Bernardino-Ontario","San Bernardino County",93,,,,,,,,,,,,,1322.5,1250,1250,1200,1200,1250,1200,1250,1200,1200,1195,1190,1100,1095,1100,1100,1000,1150,1125,1150,1245,1249,1275,1287.5,1295,1250,1295,1250,1250,1195,1150,1299,1350,1350,1295,1275,1262.5,1250,1295,1295,1300,1300,1300,1395,1350,1350,1300,1295,1300,1295,1350,1350,1350,1395,1377,1350,1350,1350,1395,1350,1375,1395,1395,1360,1325,1350,1387,1350,1395,1350,1395,1350,1395,1379,1450,1472,1541,1525,1500,1469,1500,1485,1497,1495,1500,1499,1500,1459.5,1500,1525,1497.5,1500,1500,1500,1495,1495,1495
"Chula Vista","CA","San Diego-Carlsbad","San Diego County",94,,,,,,,,,,,,,,2350,2295,2145,2200,2225,2195,2195,2000,2150,2097.5,2100,2092.5,1985,1900,1875,1900,1950,1950,1950,1945,1900,1900,1860,1895,1895,1895,2000,2100,2095,2000,1940,2100,2195,2195,2195,2125,2100,2045,2050,2150,2095,2150,2150,2150,2165,2195,2150,2200,2195,2180,2195,2250,2200,2187.5,2195,2195,2195,2195,2200,2251,2250,2195,2200,2295,2300,2200,2295,2300,2295,2250,2295,2250,2300,2300,2300,2372.5,2393,2350,2400,2395,2400,2395,2390,2400,2350,2395,2450,2400,2450,2457.5,2495,2500,2495,2400,2495,2495
"Saint Petersburg","FL","Tampa-St. Petersburg-Clearwater","Pinellas County",95,,,,,,,,,,,,,,1250,1237.5,1295,1250,1200,1200,1100,1112.5,1100,1100,1150,1050,1050,1100,1025,1050,1050,1000,1050,1000,1000,1075,1000,1000,1000,1000,1000,1050,1000,1022.5,1050,1050,1100,1050,1100,1100,1100,1100,1100,1150,1200,1200,1175,1175,1197,1200,1199.5,1195,1195,1200,1200,1250,1200,1295,1295,1250,1200,1200,1250,1250,1250,1300,1300,1300,1295,1295,1250,1250,1200,1281.5,1209,1350,1367,1395,1400,1400,1400,1450,1400,1420,1400,1450,1500,1475,1500,1500,1512.5,1500,1500,1500,1500,1500,1500,1495,1450,1475
"Pensacola","FL","Pensacola-Ferry Pass-Brent","Escambia County",96,,,737.5,737.5,750,772.5,795,825,895,895,850,797.5,850,825,850,850,850,800,800,825,800,800,825,825,825,825,800,825,850,825,800,825,825,800,825,825,850,845,850,850,832.5,825,840,865,850,875,850,850,850,875,875,895,875,895,895,895,900,925,925,900,900,895,895,925,925,925,950,925,925,925,950,950,900,895,950,950,950,950,975,950,950,932.5,975,950,950,975,995,975,995,995,995,1025,1025,995,1000,1000,995,975,995,995,1025,1095,1095,1100,1050,1000,1050,1095,1095
"Lawrenceville","GA","Atlanta-Sandy Springs-Roswell","Gwinnett County",97,,,1095,1100,1125,1200,1125,1125,1175,1195,1172.5,1200,1100,1100,1100,1150,1150,1150,1100,1095,1095,1095,1097,1100,1100,1100,1100,1100,1150,1150,1150,1150,1150,1150,1129,1122,1150,1100,1130,1150,1150,1150,1150,1150,1177.5,1195,1195,1195,1175,1175,1175,1175.5,1199,1200,1225,1220,1225,1249,1230,1200,1200,1225,1250,1250,1250,1295,1300,1297,1295,1295,1300,1295,1295,1295,1300,1320,1325,1330,1322.5,1325,1345,1310,1335,1350,1350,1395,1400,1429.5,1419,1400,1421.5,1400,1397.5,1407.5,1422.5,1425,1450,1450,1450,1500,1500,1495,1495,1475,1495,1495,1500,1500,1500
"Winston-Salem","NC","Winston-Salem","Forsyth County",98,,,,,,,,,,,,,670,675,695,695,699.5,695,750,825,750,795,795,750,750,800,795,750,750,750,775,850,850,850,850,850,797.5,789,795,835,800,895,950,950,975,950,950,950,947.5,945,950,925,887.5,895,925,900,925,900,895,895,895,925,950,995,950,950,945,950,950,950,975,950,975,950,950,975,900,945,995,975,925,950,895,995,1000,950,995,999,1000,1050,1050,1050,995,995,995,990,995,1050,1075,1095,1099.5,1095,1075,1000,1000,1090,1095,1095,1095
"Spokane","WA","Spokane-Spokane Valley","Spokane County",99,,,,,,,,,,,,,,,,,,,,,,,,,,,,,,,,,,,,,,,,,,,,,,,,,,,,,,,,,,,,,,,,,,,,,,,,,,,,,,,,,,,,,,,,,1200,1200,1197.5,1175,1150,1195,1175,1150,1150,1212.5,1245,1245,1300,1300,1325,1300,1298,1295,1300,1292.5,1250
"Madison","WI","Madison","Dane County",100,,,,,,,,,,,,,,,,,,,1395,1200,1275,1300,1460,1497.5,1460,1347.5,1392.5,1295,1245,1295,1260,1295,1247.5,1350,1395,1425,1275,1285,1325,1295,1270,1225,1095,1095,1200,1350,1500,1397.5,1350,1297,1312,1335,1370,1345,1395,1450,1400,1495,1462.5,1450,1449,1425,1450,1535,1547,1549,1495,1500,1525,1495,1450,1450,1395,1475,1450,1510,1437.5,1437.5,1500,1437.5,1462.5,1575,1599.5,1495,1600,1600,1625,1600,1680,1595,1695,1675,1640,1850,1750,1700,1599.5,1685,1690,1695,1650,1697.5,1750,1650,1650,1900,1700,1695,1740
"Norfolk","VA","Virginia Beach-Norfolk-Newport News","Norfolk City",101,,1272.5,1250,1295,1297.5,1350,1325,1325,1295,1295,1250,1297.5,1295,1295,1300,1300,1300,1300,1300,1300,1295,1250,1250,1250,1225,1200,1200,1250,1250,1250,1295,1295,1250,1200,1200,1200,1200,1200,1200,1250,1200,1225,1200,1200,1250,1250,1250,1250,1250,1250,1250,1250,1295,1295,1300,1300,1295,1285,1250,1250,1295,1295,1295,1300,1300,1295,1295,1300,1295,1250,1250,1250,1250,1295,1295,1300,1300,1295,1300,1300,1250,1295,1250,1295,1250,1295,1300,1325,1300,1350,1350,1350,1350,1350,1300,1300,1300,1350,1350,1350,1395,1375,1395,1350,1350,1305,1300,1300,1300
"Glendale","AZ","Phoenix-Mesa-Scottsdale","Maricopa County",102,,,999,1000,1050,1097,1000,950,925,917.5,985,975,985,950,995,1000,995,995,1050,1000,995,950,950,950,950,975,995,995,995,980,995,995,995,975,975,975,975,975,995,995,1000,999,982.5,950,995,1049.5,1000,1000,995,995,995,1000,1095,1080,1050,1095,1095,1050,1099,1100,1100,1097.5,1100,1149,1150,1100,1100,1100,1100,1100,1117.5,1150,1150,1175,1150,1150,1100,1200,1175,1175,1100,1137.5,1095,1100,1142.5,1192.5,1244.5,1250,1275,1300,1295,1250,1250,1247.5,1250,1275,1250,1250,1275,1275,1325,1350,1400,1374,1350,1349,1325,1347,1352
"Scottsdale","AZ","Phoenix-Mesa-Scottsdale","Maricopa County",103,,,,,,,,,,,,,,,,,,,,,,,,,,,,,,,,,,,,,,,,,,,,,,,,,,,,,,,,,,,,,,,,,,,,,,,,,,,,,,,,,,,,,2200,2100,2000,2000,1995,2000,2097,2000,2000,2100,2195,2200,2200,2200,2200,2195,2100,2100,2150,2100,2195,2200,2300,2400,2300
"Fayetteville","NC","Fayetteville","Cumberland County",104,,,,,,,,,,,,,,900,900,900,925,950,950,925,900,895,875,875,875,875,895,900,925,900,900,895,875,850,850,850,850,867.5,885,895,895,900,900,900,900,895,895,895,875,875,875,850,900,900,900,895,882.5,870,850,850,850,850,850,850,895,900,895,875,875,875,850,850,875,875,875,895,900,900,900,900,900,900,895,895,875,875,875,875,900,900,903,900,900,900,900,895,875,900,900,925,925,950,925,925,925,900,900,900,900
"Boise","ID","Boise City","Ada County",105,,,,,,,,,,,,,,,,,,895,895,900,900,895,895,895,882.5,875,850,875,900,925,895,895,895,925,925,925,900,885,895,875,850,875,850,875,900,945,950,925,925,950,950,991,975,950,975,1025,995,1000,995,1025,1050,1050,1050,1050,1095,1050,1050,1075,1075,1072.5,1025,1025,1050,1095,1075,1095,1085,1100,1095,1125,1095,1095,1100,1050,1195,1200,1250,1225,1247.5,1250,1295,1275,1275,1250,1250,1275,1295,1295,1300,1330,1350,1372.5,1395,1395,1395,1395,1395,1395,1395
"Irvine","CA","Los Angeles-Long Beach-Anaheim","Orange County",106,,2400,2300,2320,2400,2450,2500,2500,2400,2350,2372.5,2400,2450,2400,2487.5,2500,2550,2600,2600,2600,2650,2600,2600,2585,2550,2550,2600,2550,2600,2600,2600,2700,2650,2600,2500,2522.5,2600,2600,2600,2600,2650,2650,2700,2650,2725,2700,2750,2750,2750,2795,2800,2800,2800,2850,2800,2850,2899,2850,2850,2895,2900,2900,2900,2900,2950,2950,2950,3000,2995,2995,3000,3000,2972.5,3000,3000,2975,3000,3000,3000,2991.5,2900,2900,3000,2995,3100,3300,3300,3250,3300,3350,3250,3250,3300,3300,3300,3350,3300,3300,3300,3350,3400,3400,3400,3400,3400,3400,3400,3400,3450
"Laredo","TX","Laredo","Webb County",107,,,,,,,,,,,,,,,,,,,,,,,,,,,,,,,,,,,,,,,,,,,,,,,,,,,,,,,,,,,,,,,,,,,,,,,,,,,,,,,,,,,,,,1300,1300,1300,1300,1350,1300,1297.5,1300,1250,1250,1275,1300,1300,1250,1250,1300,1300,1340,1262.5,1250,1300,1260,1300,1300
"Sarasota","FL","North Port-Sarasota-Bradenton","Sarasota County",108,,,,,,,,,,,,,,,,,,,,,,,,,,,,,,,,,,,,,,,,,,,,,,,,,,,,,,,,,,,,,,,,,,,,,,,,,,,,,,,,,,,,,1799.5,1700,1750,1800,1800,1750,1800,1850,1900,1900,1970,1999,2000,2000,2000,2000,1950,1875,1900,1900,1945,1995,2000,2100,2000
"Chesapeake","VA","Virginia Beach-Norfolk-Newport News","Chesapeake City",109,,1437.5,1395,1387.5,1450,1500,1425,1437.5,1412.5,1495,1497.5,1550,1395,1395,1400,1550,1595,1650,1572.5,1595,1550,1495,1400,1395,1375,1395,1437.5,1472.5,1495,1495,1450,1400,1395,1350,1350,1295,1350,1350,1395,1395,1400,1425,1400,1400,1400,1400,1400,1397.5,1395,1375,1375,1395,1495,1495,1495,1450,1447.5,1400,1450,1495,1495,1450,1400,1450,1495,1550,1495,1395,1400,1400,1400,1400,1450,1450,1495,1495,1500,1450,1475,1495,1450,1425,1400,1400,1380,1400,1410,1450,1495,1495,1500,1495,1450,1465,1450,1495,1400,1425,1450,1500,1550,1595,1547.5,1500,1500,1500,1500,1500,1450
"Fort Myers","FL","Cape Coral-Fort Myers","Lee County",110,,,,,,,,,,,,,,,,,,,,,,,,,,,,,,,,,,,,,,,,,,,,,,,,,,,,,,,,,,,,,,,,,,,,,,,,,,,,,,,,,,,,1500,1500,1500,1600,1600,1600,1650,1600,1650,1700,1700,1750,1800,1775,1700,1720,1700,1675,1600,1600,1650,1650,1650,1650,1700,1695
"Garland","TX","Dallas-Fort Worth-Arlington","Dallas County",111,,,,,,,,,,,,,,,,,,,1095,1082.5,1050,1050,1000,1050,1050,1060,1050,1050,1095,1097.5,1050,1100,1095,1095,1095,1095,1095,1100,1000,995,1000,1150,1175,1150,1150,1195,1195,1195,1150,1150,1175,1175,1225,1200,1200,1250,1250,1250,1250,1250,1250,1295,1285,1250,1250,1295,1295,1300,1297.5,1295,1287.5,1295,1250,1282.5,1325,1300,1350,1300,1375,1312.5,1350,1400,1350,1375,1400,1400,1400,1400,1450,1450,1495,1450,1462.5,1450,1450,1475,1450,1400,1437.5,1472.5,1495,1500,1500,1500,1500,1495,1495,1485,1475
"Gilbert","AZ","Phoenix-Mesa-Scottsdale","Maricopa County",112,,,1250,1300,1295,1295,1300,1372.5,1295,1395,1300,1300,1350,1300,1300,1300,1250,1300,1295,1295,1295,1295,1275,1250,1275,1295,1295,1295,1299,1300,1350,1300,1295,1295,1299,1295,1295,1295,1295,1295,1295,1295,1295,1295,1295,1295,1299,1300,1295,1295,1295,1295,1350,1350,1300,1325,1350,1350,1350,1350,1350,1350,1395,1395,1395,1395,1395,1395,1395,1395,1399.5,1395,1395,1395,1450,1425,1450,1495,1450,1447,1400,1430,1400,1395,1452,1450,1475,1495,1498.5,1500,1495,1495,1495,1495,1495,1495,1495,1500,1550,1552.5,1595,1595,1595,1595,1595,1595,1592.5,1595,1600
"North Las Vegas","NV","Las Vegas-Henderson-Paradise","Clark County",113,,,,,,,1195,1195,1195,1149,1125,1150,1100,1100,1150,1150,1150,1150,1150,1150,1100,1100,1100,1095,1075,1075,1075,1095,1100,1100,1095.5,1095,1095,1095,1088.5,1095,1065,1095,1095,1100,1100,1100,1095,1100,1100,1100,1113.5,1100,1100,1099,1100,1100,1147.5,1150,1150,1150,1150,1100,1100,1100,1100,1100,1150,1150,1150,1150,1150,1150,1150,1175,1150,1177,1195,1200,1195,1195,1200,1200,1150,1200,1195,1150,1200,1195,1225,1225,1250,1295,1295,1275,1300,1295,1295,1295,1295,1295,1295,1300,1300,1325,1345,1350,1350,1350,1395,1395,1395,1400,1425
"Fremont","CA","San Francisco-Oakland-Hayward","Alameda County",114,,,,,,,,,,,,,1995,1850,2037.5,2000,2162.5,1950,1997.5,1995,2100,1997.5,2150,2000,1990,1995,2100,2150,2200,2150,2100,2095,2195,2100,2093,2102.5,2080.5,2100,2012,2100,2260,2400,2285,2065,2325,2295,2350,2500,2397.5,2362.5,2395,2477.5,2500,2497.5,2600,2600,2687.5,2600,2600,2700,2475,2525,2595,2750,2800,2950,2997.5,3000,3000,3000,3000,2900,2895,2977.5,2875,2850,2995,3100,3100,2992.5,3100,3000,2950,2925,2995,3100,3065,3150,3200,3200,3200,3200,3200,3100,3000,3050,3000,3200,3200,3297.5,3395,3400,3350,3300,3300,3290,3200,3200,3200
"Santa Clarita","CA","Los Angeles-Long Beach-Anaheim","Los Angeles County",115,,,,,,,,,,,,,,1950,2000,1975,1995,1999.5,2200,2100,2000,1900,1900,1800,1800,1900,1900,1975,2000,1995,1900,1962.5,2000,1930,1800,1800,1900,1855,1860,1975,2245,2200,2200,2050,2200,2200,2200,2200,2150,2150,2172.5,2170,2300,2300,2300,2300,2285,2300,2300,2300,2250,2300,2350,2300,2297.5,2350,2400,2375,2350,2300,2325,2300,2300,2300,2395,2395,2400,2400,2450,2450,2250,2372.5,2395,2322.5,2400,2400,2450,2450,2500,2495,2485,2500,2425,2450,2395,2450,2422.5,2432.5,2400,2400,2500,2662.5,2715,2750,2695,2600,2547.5,2600,2595
"Fontana","CA","Riverside-San Bernardino-Ontario","San Bernardino County",116,,,,,,,,,,,,,1700,1750,1900,1895,1850,1800,1937.5,1900,1895,1897.5,1850,1800,1800,1800,1750,1699,1700,1769.5,1795,1775,1777,1800,1800,1799.5,1800,1795,1835,1850,1799,1800,1795,1799,1800,1835,1825,1875,1885,1850,1850,1850,1950,1900,1950,1950,1945,1969,1950,1950,1950,1979.5,1975,1987,2000,2014.5,1997.5,1979.5,1995,2000,1950,1975,1995,2000,2037.5,2037.5,2000,2000,2100,2050,2037.5,2097.5,1950,1975,2100,2100,2197,2200,2200,2200,2200,2200,2200,2195,2195,2195,2200,2250,2250,2275,2300,2300,2250,2250,2277.5,2250,2200,2195,2200
"Irving","TX","Dallas-Fort Worth-Arlington","Dallas County",117,,,,,,,,,,,,,,,,,,,,,,,,,,,,,,,,,,,,,,,,,,,,,,,,,,,,,,1600,1550,1595,1595,1500,1600,1600,1600,1600,1750,1600,1695,1825,1795,1750,1600,1600,1695,1600,1650,1795,1772.5,1750,1795,1700,1697.5,1650,1697.5,1625,1699.5,1595,1575,1800,1772.5,1950,2000,2072.5,2100,2100,2050,1945,1900,1985,1900,1850,1850,1900,1850,1875,1850,1800,1800,1800,1775,1825,1825
"Arlington","VA","Washington-Arlington-Alexandria","Arlington County",118,,1650,1700,1884,1995,2000,2200,2442.5,2350,2100,2300,2300,2100,2125,2300,2300,2425,2500,2400,2300,2300,2450,2200,2200,2136,2250,2395,2437,2337.5,2500,2416,2432,2400,2295,2300,2245,2255,2195,2194,2195,2350,2400,2350,2297,2397.5,2400,2350,2350,2250,2300,2300,2300,2400,2400,2400,2449.5,2400,2400,2324.5,2285,2247.5,2200,2250,2300,2300,2400,2300,2400,2400,2375,2300,2295,2250,2200,2212.5,2395,2400,2462.5,2500,2500,2350,2300,2250,2225,2295,2300,2300,2400,2550,2500,2500,2495,2390,2300,2350,2375,2350,2300,2400,2450,2500,2500,2500,2500,2500,2500,2499,2450,2400
"Springfield","MO","Springfield","Greene County",119,,,,,,,,,,,,,650,650,725,750,750,750,750,750,750,707.5,695,650,600,625,650,650,675,695,675,725,700,695,695,695,697.5,650,600,625,650,695,695,650,650,695,695,597.5,600,625,650,650,650,695,725,695,725,695,650,650,675,685,695,650,695,650,625,650,650,650,625,600,600,647,650,650,750,750,697.5,745,695,650,650,750,675,650,674,675,650,675,695,700,715,700,675,650,650,675,680,695,695,695,725,850,845,795,795,700,700
"Birmingham","AL","Birmingham-Hoover","Jefferson County",120,,,,,,,,,,,,,,,,,,,,,,,,800,697.5,712.5,750,700,700,700,725,750,725,749,750,725,700,700,700,725,715,725,700,737.5,750,750,750,790,750,750,750,750,750,750,750,750,750,750,750,750,750,750,750,750,750,750,750,787.5,775,795,775,775,799.5,785,785,795,775,750,800,750,775,800,795,800,780,795,800,800,800,795,800,800,800,825,815,825,800,800,825,850,850,800,825,825,845,825,850,850,850
"Santa Rosa","CA","Santa Rosa","Sonoma County",121,,,,,,,,,,,,,,,,,,,,,,,,,,,,,,,,,,,,,,,,,,,,,,,,,,,,,,,,,,,,,,,,,,,,,,,,,,,,,,,,,,2300,2250,2247.5,2350,2400,2400,2275,2300,2300,2300,2375,2400,2425,2200,2462.5,2500,2530,2500,2575,2600,2815,2800,2600,2650,2645,2500,2625,2530
"Greenville","SC","Greenville-Anderson-Mauldin","Greenville County",122,,,,,,,,,,,,,,,,,,,,,,,,,,,,,750,850,837.5,750,750,775,837.5,850,850,797.5,795,800,825,850,850,900,995,995,900,1000,962.5,925,950,990,1095,1100,1072.5,1095,1095,1137.5,1100,1150,1150,1195,1150,1195,1200,1250,1100,1172.5,1100,1100,1100,1100,1175,1100,1195,1185,1172.5,1250,1095,1100,1095,1092.5,1050,1100,1100,1175,1200,1295,1275,1295,1295,1250,1200,1175,1185,1200,1200,1195,1195,1215,1215,1250,1295,1250,1250,1250,1250,1222.5,1200
"Oxnard","CA","Oxnard-Thousand Oaks-Ventura","Ventura County",123,,,,,,,,,,,,,,2025,2200,2300,2047.5,1895,1950,1900,1895,1850,1900,2000,1912.5,1985,1900,1895,1750,1775,1900,1897.5,1995,2000,1995,1950,1962.5,2100,2100,2000,2025,2100,2200,2000,2195,2200,2200,2200,2197.5,2195,2100,2150,2250,2250,2300,2300,2350,2250,2325,2350,2350,2400,2350,2325,2300,2395,2450,2397.5,2300,2400,2395,2392.5,2397.5,2400,2400,2400,2400,2472.5,2300,2450,2450,2325,2472.5,2400,2500,2500,2600,2585,2520,2650,2625,2650,2650,2600,2600,2695,2550,2650,2800,2800,2857.5,2750,2695,2750,2800,2800,2792.5,2800,2797.5
"Richmond","VA","Richmond","Richmond City",124,,,,,,,,,,,,,,799,825,875,899,950,950,900,875,850,890,885,850,897,925,950,950,949,925,900,895,895,895,925,925,947,995,1000,1000,995,950,950,950,975,975,997,997,1000,1025,1050,1095,1050,1095,1100,997,995,995,950,1000,1099.5,1150,1200,1195,1200,1150,1100,1147.5,1150,1095,1100,1100,1135,1199.5,1299.5,1200,1250,1325,1195,1150,1195,1045,1099,1150,1150,1275,1395,1395,1400,1399,1300,1250,1200,1200,1250,1200,1250,1350,1399,1400,1495,1482.5,1350,1295,1295,1300,1300,1237.5
"Des Moines","IA","Des Moines-West Des Moines","Polk County",125,,,,,,,,,,,,,,,,,,,,,,,,,985,850,812.5,772.5,725,750,797.5,850,900,875,895,875,835,850,825,800,850,850,775,800,925,950,897.5,950,900,900,900,900,950,1050,975,1050,1050,1050,925,995,975,925,975,995,985,950,995,995,950,975,975,962.5,985,995,975,1000,995,995,995,1000,1050,995,995,950,1050,995,1000,995,1025,1025,1037.5,1000,1038,1050,1095,1050,1050,1060,1050,1060,1095,1095,1095,1055,1050,1000,995,995,995
"Ocala","FL","Ocala","Marion County",126,,,,900,862.5,812.5,800,825,850,950,1000,925,797.5,800,850,875,850,850,850,850,850,800,800,800,795,800,825,825,825,825,825,807.5,850,825,800,800,800,800,822.5,850,850,812.5,800,850,812.5,850,850,850,850,850,850,850,850,852.5,850,850,850,875,875,895,850,850,862.5,950,922.5,950,900,900,900,900,900,900,900,900,900,925,925,900,950,900,900,950,937.5,950,950,950,1000,1000,1000,1000,1000,1000,1095,1100,1000,1000,1050,1100,1100,1100,1195,1195,1100,1100,1100,1195,1200,1195,1100
"Boca Raton","FL","Miami-Fort Lauderdale-West Palm Beach","Palm Beach County",127,,,1850,1900,1900,1875,2000,2225,2100,2000,1997,2000,1850,1800,1800,1800,1900,2000,1850,1895,1850,1900,1875,1800,1800,1800,1800,1750,1800,1850,1900,1900,1950,1800,1800,1800,1800,1800,1800,1800,1800,1800,1800,1800,2000,2000,2000,2000,2000,2000,1995,1995,2000,2000,2000,2000,2000,2000,2000,2000,2000,2000,2000,2000,2000,2000,2050,2200,2200,2200,2195,2100,2072.5,2000,2100,2100,2160,2100,2065,2150,2091,2000,2200,2000,2000,2000,2050,2100,2150,2200,2200,2200,2200,2195,2200,2155,2150,2100,2100,2112.5,2200,2200,2257.5,2240,2240,2250,2300,2250,2239
"Bradenton","FL","North Port-Sarasota-Bradenton","Manatee County",128,,,,,,,,,,,,,,,,,,,,,,,,,,,,,,,,,,,,,,,,,,,,,,,,,,,,,,,,,,,,,,,,,,,,,,,,,,,,,,,,,,,,,1600,1642,1650,1695,1695,1750,1799,1785,1800,1800,1825,1850,1810,1900,1895,1845,1850,1895,1900,1882,1850,1877.5,1895,1897,1825
"Woodbridge","VA","Washington-Arlington-Alexandria","Prince William County",129,,,1575,1625,1650,1650,1800,1800,1712.5,1650,1650,1600,1650,1650,1600,1600,1600,1650,1650,1650,1647.5,1600,1650,1650,1695,1650,1650,1695,1750,1795,1750,1750,1700,1695,1695,1650,1675,1695,1700,1750,1780,1787.5,1750,1775,1750,1750,1750,1750,1725,1700,1725,1749.5,1800,1800,1812.5,1800,1775,1750,1790,1750,1775,1795,1800,1800,1850,1825,1800,1800,1800,1800,1750,1750,1795,1799,1800,1825,1800,1800,1800,1825,1792.5,1800,1750,1800,1800,1800,1850,1825,1895,1900,1900,1880,1800,1800,1800,1800,1800,1800,1800,1847.5,1900,1900,1900,1895,1892.5,1900,1900,1895,1850
"Rochester","NY","Rochester","Monroe County",130,,,,,,,,,,,,,,,,,,,,,,,,,,,,,,,,,,,,,,,,,,,,,,,,,,,,,,,,,,,,,,,,,,,,,,,,,,,,,,,,950,900,950,975,900,937.5,995,1000,1012.5,1000,1000,1100,1100,1050,1000,1000,1050,1100,1100,1150,1250,1250,1200,1200,1100,1095,1050,1050,1000,1095
"Montgomery","AL","Montgomery","Montgomery County",131,,,,,,,,,,,,,,,,,,,,,,,,,,,825,726.5,725,750,750,750,725,725,715,725,750,750,750,755,750,750,750,750,795,790,770,750,750,750,750,758,850,800,850,800,800,800,800,799,800,825,825,850,875,865,850,849,850,850,840,825,800,825,850,850,875,895,850,850,850,825,865,825,850,850,875,875,895,875,875,875,850,850,850,850,850,837.5,850,875,875,875,875,875,850,850,875,875,857.5
"Corona","CA","Riverside-San Bernardino-Ontario","Riverside County",132,,,,,,,,,,,,,1972.5,1967.5,1897.5,1960,2100,2000,1985,2000,1995,1950,1995,2000,1800,1800,1900,1900,1950,1925,1995,1934.5,1900,1899,1800,1800,1885,1890,1850,1850,1925,1937.5,1995,1995,2000,2000,1995,2050,2059.5,2000,1995,1995,2000,2100,2000,2022.5,2097.5,2072.5,2097.5,2000,2025,2100,2026.5,2100,2050,2100,2143,2149.5,2200,2200,2200,2200,2200,2200,2245,2250,2195,2200,2000,2150,2200,2200,2095,2190,2150,2250,2300,2264.5,2295,2325,2300,2297.5,2300,2275,2250,2295,2277.5,2295,2295,2300,2350,2350,2350,2300,2362.5,2350,2350,2399.5,2400
"Oceanside","CA","San Diego-Carlsbad","San Diego County",133,,,,,,,,,1997.5,2025,2050,2077.5,1800,1950,1900,1800,1825,1985,1900,1895,1866,1832.5,1850,1800,1795,1795,1795,1800,1800,1895,1895,1900,1895,1995,1900,1895,1897.5,1847.5,1850,1850,1850,1900,1900,1895,1900,1925,1925,1916,1950,1895,1900,1900,1995,2000,1995,1900,2050,2000,2050,2050,2100,2100,2085,2150,2100,2100,2150,2099,2100,2150,2200,2200,2195,2200,2150,2150,2050,2150,2200,2250,2195,2099,2097.5,2100,2200,2250,2275,2250,2285,2295,2300,2300,2295,2295,2250,2295,2250,2350,2450,2424.5,2500,2500,2400,2480,2400,2395,2395,2400,2495
"Tacoma","WA","Seattle-Tacoma-Bellevue","Pierce County",134,,,,,,,,,,,,,1197.5,1195,1195,1295,1200,1195,1162.5,1150,1150,1135,1100,1100,1150,1150,1125,1145,1100,1100,1150,1150,1150,1140,1100,1050,1050,1050,1050,1150,1200,1200,1200,1249.5,1200,1250,1250,1250,1200,1200,1200,1200,1250,1200,1200,1250,1250,1250,1295,1250,1250,1250,1295,1295,1311.5,1300,1295,1350,1330,1300,1363,1395,1300,1351.5,1392.5,1360,1395,1350,1415,1355,1495,1350,1395,1300,1412.5,1430,1450,1510,1550,1500,1600,1600,1550,1585,1595,1595,1595,1600,1650,1595,1675,1695,1747.5,1697,1699.5,1695,1670,1650,1685
"Grand Rapids","MI","Grand Rapids-Wyoming","Kent County",135,,,,,,,,,,,,,,900,797.5,795,795,797.5,800,850,862.5,795,777.5,795,800,800,850,800,800,800,800,800,850,846,850,850,850,850,862.5,900,850,825,836,800,925,995,995,1000,1000,1000,1000,1000,1000,950,975,925,1050,1000,1000,950,915,900,992.5,1050,1100,1050,1095,1050,1025,1200,1100,1000,1000,1100,1200,1200,1200,1200,1197.5,1100,1195,1100,1175,1100,1200,1212.5,1200,1250,1350,1300,1275,1250,1235,1350,1300,1295,1300,1350,1400,1375,1395,1377.5,1312.5,1300,1200,1300,1350,1350,1400
"Gainesville","FL","Gainesville","Alachua County",136,,1153,1000,975,1050,987.5,995,850,795,795,850,825,850,850,900,950,950,950,950,900,900,885,875,895,875,925,900,895,895,900,900,895,850,850,850,800,850,797,850,850,850,795,800,915,925,925,950,990,1050,1000,1000,1000,1050,1050,1050,1000,999,975,1000,1000,1100,1100,1000,1000,999.5,995,1000,1000,950,900,930,950,1100,1100,1082.5,1100,1112.5,1097.5,1020,1097,1025,1150,1100,1025,1112.5,1200,1200,1250,1250,1200,1200,1200,1195,1162.5,1250,1292.5,1267.5,1250,1250,1250,1200,1200,1250,1200,1200,1200,1300,1250,1400
"Yonkers","NY","New York-Newark-Jersey City","Westchester County",137,,,,,,,,,,,,,,,,,,,,,,,,,,,,,,,,,,,,,,,,,,,,,,,,,,,,,,,,,,,,,,,,,,,,,,,,,,,,,,,,,,,,,,,,,,,,2500,2500,2300,2200,2250,2200,2200,2000,1950,1900,2000,2000,2100,2000,2100,2200,2100,2200
"Shreveport","LA","Shreveport-Bossier City","Caddo Parish",138,,,,,,,,,,,,,,,,,,,,,,,,,,,,,,,,,,,,,,,,,,784,750,700,775,720,750,825,800,850,900,877.5,767.5,750,750,750,775,800,900,850,880,825,897.5,950,1050,1000,875,940,940,900,900,912.5,900,900,950,995,950,950,900,1000,900,850,895,850,837.5,750,800,825,850,875,897,850,800,750,750,750,750,742.5,785,825,850,850,850,795,782.5,775,750,725,750
"Glendale","CA","Los Angeles-Long Beach-Anaheim","Los Angeles County",139,,,,,,,,,,,,,2350,2350,2247.5,1995,2325,2100,2200,2190,2200,1995,2250,1995,1995,2200,2200,2200,2479,2400,2200,2187.5,2300,2220,2395,2600,2360,2395,2300,2195,2005,1900,1937.5,1937.5,2200,2275,2275,2250,2100,2297.5,2295,2250,2195,2262.5,2200,2400,2500,2500,2350,2500,2597.5,2500,2495,2500,2523,2561,2747.5,2800,2625,2561,2550,2672.5,2625,2750,2775,2500,2650,2750,2700,2625,2385,2550,2650,2650,2750,2850,2700,2775,2800,2800,2800,2925,2995,2800,2800,2850,2750,2800,2900,2995,2997.5,3095,2850,2982.5,2800,2900,2999.5,2895,2897.5
"Augusta","GA","Augusta-Richmond County","Richmond County",140,,,,,,,,,,,,,,,,,700,800,795,772.5,795,750,750,775,750,750,812.5,850,800,850,750,750,790.5,780.5,800,795,798,750,775,796,825,800,800,795,837.5,850,825,850,800,800,800,800,835,825,825,815,825,825,800,825,825,850,850,875,870,875,875,850,850,850,850,850,850,875,862.5,895,875,875,895,895,850,875,850,850,875,850,875,895,895,895,900,900,900,900,900,895,895,895,900,900,950,950,925,912.5,900,900,895,895,900
"Moreno Valley","CA","Riverside-San Bernardino-Ontario","Riverside County",141,,,,,,,,,,,,,1400,1397.5,1395,1395,1400,1450,1395,1395,1397.5,1395,1350,1350,1350,1350,1325,1395,1400,1400,1450,1450,1417,1400,1425,1400,1450,1450,1450,1450,1495,1462.5,1477,1475,1495,1472,1450,1450,1450,1400,1425,1429,1495,1495,1450,1480,1495,1450,1480,1495,1495,1495,1500,1550,1563.5,1550,1555.5,1575,1592.5,1550,1534,1522.5,1524.5,1575,1600,1585,1500,1585,1550,1566.5,1585,1550,1550,1525,1625,1675,1695,1695,1695,1700,1700,1720,1695,1650,1700,1700,1725,1750,1725,1795,1795,1800,1800,1795,1797.5,1795,1795,1795,1775
"Akron","OH","Akron","Summit County",142,,,,,,,,,,,,,,,,,,,,670,650,650,650,647.5,650,650,650,685,750,650,650,656,675,650,700,730,696,660,675,675,650,683.5,675,675,700,750,725,675,680,697.5,700,700,750,750,715,737.5,745,725,750,750,700,695,744,700,700,725,750,750,745,750,750,750,725,700,745,750,750,750,775,750,770,747.5,750,700,750,725,730,750,775,750,775,750,750,750,750,750,750,750,750,750,750,775,775,750,750,750,750,750,775
"Aurora","IL","Chicago-Naperville-Elgin","Kane County",143,,,,,,,1547.5,1512.5,1487.5,1400,1400,1450,1400,1400,1400,1400,1400,1400,1475,1400,1400,1400,1400,1395,1350,1399,1395,1400,1450,1450,1450,1450,1400,1400,1400,1450,1450,1474.5,1500,1450,1500,1500,1500,1500,1500,1500,1500,1500,1500,1475,1450,1475,1470,1500,1550,1550,1500,1550,1500,1490,1450,1550,1550,1550,1550,1550,1595,1575,1550,1500,1500,1500,1530,1500,1500,1499,1525,1515,1550,1575,1525,1500,1500,1500,1500,1500,1550,1589,1595,1600,1650,1612.5,1595,1575,1562.5,1580,1565,1550,1585,1600,1650,1620,1600,1599,1550,1550,1575,1600,1595
"Wilmington","NC","Wilmington","New Hanover County",144,,,,,,,,,,,,,962.5,990,990,995,995,1050,995,985,975,950,975,975,975,995,1000,1050,1075,1050,1025,1050,1050,1000,1000,1000,1000,975,1050,1077.5,1050,1075,1050,1050,1085,1100,1097.5,1100,1100,1099.5,1075,1075,1095,1100,1100,1150,1100,1095,1100,1100,1130,1175,1150,1150,1150,1175,1200,1200,1199.5,1200,1200,1197,1175,1195,1200,1200,1200,1200,1200,1200,1200,1200,1175,1187.5,1200,1250,1275,1250,1275,1275,1300,1300,1275,1250,1300,1295,1275,1250,1275,1300,1325,1300,1337.5,1300,1350,1350,1397.5,1400,1450
"Huntington Beach","CA","Los Angeles-Long Beach-Anaheim","Orange County",145,,2100,2200,2325,2500,2450,2700,3000,2800,2525,2500,2500,2300,2250,2395,2350,2450,2495,2500,2450,2450,2450,2195,2212.5,2295,2395,2450,2450,2460,2450,2495,2577.5,2567.5,2600,2400,2500,2500,2525,2450,2450,2500,2600,2600,2500,2600,2700,2695,2700,2700,2800,2700,2700,2800,2800,2700,2772.5,2800,2700,2697.5,2750,2750,2700,2800,2750,2800,2800,2850,2850,2850,2850,2800,2900,2875,2800,2800,2800,2950,2800,2797.5,3000,2950,2990,3195,2975,2800,2795,2995,3195,3100,3000,3200,3150,3100,3025,3000,3100,3150,3100,3100,3200,3200,3200,3200,3200,3100,3100,3150,3200,3200
"Huntsville","AL","Huntsville","Madison County",146,,,,,,,,,,,,,,,,,,,,,,,,,,,,,,,,,,,,,,,,,,,,,,,,,,,,,,,,,,,,,,,,,,,,,,,,,,,,,,,,,,,,,,,,,,,,,,,,,950,910,950,950,950,950,975,995,995,995,1000,1025,995
"Eugene","OR","Eugene","Lane County",147,,,,,,,,,,,,,,,,,1247.5,1195,1195,1200,1180,1100,1097.5,1072.5,1050,1095,1067.5,1100,1200,1195,1195,1150,1185,1175,1095,1030,995,1095,1095,1100,1195,1195,1150,1150,1150,1185,1145,1150,1170,1100,1145,1195,1250,1250,1275,1275,1250,1250,1225,1197.5,1195,1245,1245,1225,1250,1295,1265,1295,1295,1247.5,1197.5,1295,1295,1295,1295,1350,1350,1250,1300,1350,1295,1290,1295,1295,1465,1450,1495,1495,1437.5,1412.5,1495,1495,1500,1450,1445,1395,1550,1590,1550,1550,1550,1550,1550,1595,1545,1562.5,1500,1500,1675
"Salt Lake City","UT","Salt Lake City","Salt Lake County",148,,,,,,,,,,,,,,,,,,,,,,,,,,,,,,,,,,,,,,,,,,,,1095,1195,1295,1250,1225,1200,1250,1250,1250,1250,1200,1200,1295,1250,1300,1200,1200,1195,1200,1250,1295,1250,1270,1250,1250,1250,1250,1295,1297,1200,1295,1250,1250,1195,1337.5,1365,1312.5,1395,1395,1350,1295,1350,1382,1450,1475,1475,1560,1550,1495,1575,1515,1450,1497.5,1450,1495,1495,1513,1500,1500,1600,1500,1562.5,1595,1562.5,1520,1595
"Port Saint Lucie","FL","Port St. Lucie","Saint Lucie County",149,895,1000,1000,999.5,1050,1075,1000,1000,1012.5,1000,1050,1062.5,1025,1100,1100,1100,1125,1100,1100,1100,1100,1100,1100,1100,1100,1150,1150,1150,1175,1175,1150,1175,1200,1200,1150,1150,1150,1150,1150,1200,1200,1200,1200,1200,1250,1250,1250,1250,1250,1250,1250,1250,1300,1300,1295,1285,1275,1300,1300,1300,1300,1300,1327.5,1350,1350,1350,1350,1400,1395,1375,1395,1400,1400,1425,1450,1400,1400,1400,1400,1400,1395,1395,1400,1400,1450,1450,1450,1500,1550,1512.5,1501,1500,1500,1500,1500,1500,1550,1550,1595,1600,1600,1600,1600,1600,1600,1600,1600,1600,1600
"Salinas","CA","Salinas","Monterey County",150,,,,,,,,,,,,,,,,,,,,,,,,,,,,,,,,,,,,,,,,,,,,,,,,,,,,,,,,,,,,,,,,,,,,,,,,,,,,,,,,,,,,,2197.5,2100,2200,2200,2197.5,2275,2225,2400,2200,2150,2395,2495,2482.5,2500,2475,2575,2450,2500,2500,2450,2595,2425,2487.5,2500,2700
"Amarillo","TX","Amarillo","Potter County",151,,,,,,,,,,,,,,,,,,,,,,,,,,,,,,,,,,,,,,,,,,,,,,,,,,,,,,,,,1200,1200,1250,1200,1295,1272.5,1250,1350,1350,1172.5,1197.5,1225,1200,1300,1295,1300,1312.5,1400,1497.5,1360,1300,1225,1295,1250,1200,1195,1250,1175,1197.5,1275,1295,1280,1250,1250,1195,1200,1200,1200,1195,1150,1175,1200,1250,1250,1195,1200,1250,1250,1150,1085,1000,1095,1100
"Little Rock","AR","Little Rock-North Little Rock-Conway","Pulaski County",152,,,,,,,,,,,,,,,,,,,,,,,,,900,875,900,850,950,997.5,895,900,850,895,897.5,825,850,875,925,900,900,900,900,925,897.5,950,950,875,895,900,900,900,950,950,937.5,900,900,900,950,900,950,950,950,995,995,975,975,975,975,975,977.5,980,995,1000,1000,1000,1050,1000,995,975,987.5,1000,975,950,950,950,970,950,950,975,950,950,950,950,950,925,972.5,950,950,950,1000,1000,1000,1050,1050,1050,1000,1000,995
"Fort Collins","CO","Fort Collins","Larimer County",153,,,,,,,,,,,,,,,,,,,,,,,,,,,,1197.5,1112.5,1297.5,1250,1300,1375,1450,1395,1287.5,1295,1295,1300,1337.5,1195,1200,1250,1250,1212.5,1385,1396.5,1350,1395,1395,1400,1400,1400,1437.5,1450,1450,1512.5,1525,1537.5,1512.5,1550,1595,1600,1650,1597.5,1650,1650,1600,1600,1622.5,1650,1650,1650,1650,1650,1650,1695,1695,1650,1650,1600,1595,1600,1550,1600,1650,1695,1700,1700,1700,1695,1650,1650,1650,1675,1650,1650,1695,1750,1750,1750,1725,1725,1695,1695,1695,1700,1725,1750
"Brownsville","TX","Brownsville-Harlingen","Cameron County",154,,,,,,,,,,,,,,,,,,,,,,,,,,,,,,,,,,,,,,,,,,,,,,,,,,,,,,,,,,,,,,,,,,,,,,,,,,,,,,1100,1150,1000,975,1100,1050,1100,1100,1100,1100,1100,1200,1150,1100,1150,1150,1200,1175,1175,1100,1100,1100,1200,1200,1100,1100,1100,1150,1100,1100,1100,1125
"Rockford","IL","Rockford","Winnebago County",155,,,,,,,,,,,,,,,,,,,,,,,,,,,,,750,750,750,775,900,795,750,725,750,800,850,800,900,995,900,800,800,797.5,775,762.5,800,785,795,800,850,850,812.5,825,825,825,800,775,750,750,840,832.5,800,850,800,850,850,825,800,800,795,750,750,750,750,795,850,850,850,800,800,795,800,800,795,825,850,850,895,875,900,900,850,850,850,850,875,875,862.5,875,900,900,937.5,875,895,895,895
"Evansville","IN","Evansville","Vanderburgh County",156,,,,,,,,,,,,,,,,,,,,,,,,,,,,,,,,625,625,587.5,550,550,550,560,600,600,625,550,550,575,625,672.5,600,650,650,650,650,650,700,655,720,750,700,675,695,650,650,625,705,725,725,742.5,750,725,700,715,725,650,645,645,695,662.5,695,695,737.5,750,695,637.5,622.5,650,697.5,699,725,700,700,695,695,682.5,675,700,700,697,695,650,670,725,700,725,750,725,725,700,725,695,725
"Worcester","MA","Worcester","Worcester County",157,,,,,,,,,,,,,,,,,1095,1200,1200,1200,1195,1195,1195,1350,1200,1250,1195,1050,1050,1195,1100,1150,1200,1150,1100,1100,1050,1050,1100,1100,1087.5,1050,1050,1000,1150,1250,1285,1300,1325,1250,1250,1250,1200,1197.5,1250,1250,1250,1300,1300,1300,1285,1300,1350,1200,1200,1200,1300,1350,1325,1350,1300,1300,1300,1300,1400,1300,1300,1300,1400,1400,1325,1400,1300,1225,1375,1300,1350,1350,1350,1400,1400,1400,1500,1400,1400,1400,1450,1400,1450,1497.5,1400,1400,1400,1450,1400,1500,1500,1500,1500
"Overland Park","KS","Kansas City","Johnson County",158,,,,,,,,,,,,,,,,,,,,,,,,,,,,,,,,,,,,,,,,,,,,,,,,,,,,,,,,,,1500,1487,1475,1495,1400,1400,1400,1427.5,1537.5,1495,1650,1595,1550,1597,1599.5,1600,1500,1399.5,1425,1395,1595,1550,1537.5,1500,1600,1600,1450,1587.5,1600,1500,1600,1600,1550,1537.5,1505,1525,1550,1600,1645,1600,1600,1625,1672.5,1700,1762.5,1700,1700,1695,1600,1610,1595,1549
"Lancaster","CA","Los Angeles-Long Beach-Anaheim","Los Angeles County",159,,,,,,,,,,,,,1347.5,1275,1325,1275,1250,1250,1272.5,1250,1250,1300,1250,1250,1250,1200,1225,1300,1300,1299.5,1300,1347,1350,1366,1345,1350,1387,1362.5,1350,1350,1400,1400,1400,1379,1425,1400,1395,1362.5,1350,1345,1325,1300,1325,1350,1300,1300,1300,1300,1300,1350,1350,1395,1399,1400,1450,1450,1495,1499,1500,1450,1400,1405,1495,1500,1495,1397.5,1500,1400,1495,1435,1400,1425,1500,1395,1500,1600,1600,1650,1650,1600,1650,1650,1660,1700,1675,1695,1700,1697.5,1695,1700,1700,1775,1795,1825,1775,1700,1742.5,1795,1800
"Garden Grove","CA","Los Angeles-Long Beach-Anaheim","Orange County",160,,,,,,,,,,,,,,,,,,,,,,,,,,,,,,,,,,,,,,,,,,,,,,2100,2100,2100,2200,2162.5,2100,2000,1997.5,2200,2197.5,2200,2200,2197.5,2125,2050,2100,2100,2050,2050,2100,2200,2195,2250,2200,2200,2390,2297.5,2100,2150,2100,2225,2300,2175,2297.5,2400,2200,2300,2197.5,2250,2295,2300,2400,2300,2400,2300,2325,2350,2300,2450,2425,2625,2650,2575,2600,2675,2600,2499,2475,2700,2795,2750,2500,2400,2447.5
"Grand Prairie","TX","Dallas-Fort Worth-Arlington","Dallas County",161,,,,,,,,,,,,,,,,,,,,1305.5,1295,1300,1295,1250,1295,1350,1395,1237.5,1300,1300,1195,1100,1199,1177.5,1295,1250,1114,1200,1200,1200,1200,1297.5,1300,1213,1275,1295,1275,1350,1300,1350,1300,1325,1395,1350,1350,1395,1367,1300,1350,1395,1375,1395,1450,1485,1450,1450,1447.5,1397.5,1375,1495,1395,1395,1450,1395,1450,1414.5,1395,1450,1497.5,1497.5,1495,1450,1525,1522.5,1500,1500,1534,1550,1595,1600,1650,1595,1590,1595,1595,1570,1550,1582.5,1597.5,1673,1655,1649.5,1700,1650,1640,1645,1625,1595,1595
"Escondido","CA","San Diego-Carlsbad","San Diego County",162,,,,,,,,,,,,,2200,1975,1912.5,1950,1950,1800,1900,1787.5,1797.5,1797.5,1850,1897.5,1850,1600,1600,1550,1545,1500,1525,1695,1750,1797.5,1895,1750,1825,1750,1795,1795,1749,1925,1886,1695,1895,1900,1890.5,1862.5,1850,1825,1895,1895,1893,1895,1900,1950,1990,1990,1995,1886,1890.5,1800,1962.5,1895,1925,1868,2000,1985,1995,2000,2100,2100,2100,2100,2100,1890.5,1962.5,2000,2100,1997.5,1995,2000,2000,2125,2195,2195,2199,2100,2225,2267.5,2195,2100,2200,2195,2100,2195,2300,2147.5,2200,2347.5,2300,2400,2500,2400,2395,2350,2350,2350,2350
"Providence","RI","Providence-Warwick","Providence County",163,,,,,,,,,,,,,,,,,,,,,,,,,,,,,,,,,,,,,,,,,,,,,,,,,,,,,,,,,,,,,,,,,,,,,,,,,1900,1900,1900,1900,1800,1530,1650,1500,1687.5,1675,1650,1625,1750,1762.5,1987.5,2000,1875,1950,1987.5,2000,2000,1900,1975,1900,1950,2100,2000,2000,2075,2000,1925,1837.5,1950,1975,2100,2200,2147.5
"Fort Lauderdale","FL","Miami-Fort Lauderdale-West Palm Beach","Broward County",164,,,,,,,,,,,,,,,,,,,,,,,1850,1875,1795,1750,1800,1700,1700,1800,1762.5,1800,1695,1745,1700,1695,1745,1750,1800,1800,1800,1750,1700,1709.5,1800,1900,1900,1800,1750,1700,1700,1700,1700,1700,1700,1775,1800,1850,1895,1800,1800,1799,1780,1785,1800,1799,1800,1750,1800,1850,1850,1850,1800,1850,1829,1900,1950,1950,1900,1829.5,1850,1850,1950,1850,1900,1875,1900,1950,1950,1975,1999,2000,2049.5,2000,1950,2000,1975,1950,2000,2000,2000,2000,2000,2000,2000,2000,2050,2000,1970
"Ontario","CA","Riverside-San Bernardino-Ontario","San Bernardino County",165,,,,,,,,,,,,,1400,1475,1587.5,1472.5,1485,1525,1600,1600,1495,1600,1547.5,1500,1462.5,1440,1372.5,1395,1450,1495,1550,1500,1450,1495,1460,1450,1450,1450,1435,1450,1450,1450,1450,1500,1650,1600,1595,1600,1675,1650,1675,1695,1795,1797.5,1695,1750,1750,1675,1600,1672.5,1850,1795,1700,1700,1750,1765,1750,1795,1795,1800,1797.5,1800,1800,1850,1900,1850,1825,1885,1900,1800,1700,1895,1872.5,1850,1900,1900,1950,1972.5,1995,2000,2075,2000,2072.5,2000,2000,2100,2050,2055,2075,2100,2147.5,2200,2200,2250,2150,2100,2150,2245,2200
"Columbus","GA","Columbus","Muscogee County",166,,,,,,,,,,,,,,,,,,,,,,,,,,800,830,895,895,897.5,925,895,850,895,895,895,850,800,850,850,850,850,800,850,850,850,850,875,875,850,850,850,875,900,897.5,850,850,850,850,850,850,825,850,850,875,895,895,850,850,800,850,850,800,800,850,850,850,825,895,850,850,795,800,797.5,800,800,795,850,850,850,850,825,800,800,795,795,782.5,795,825,850,850,900,885,865,850,850,850,850,850
"Sioux Falls","SD","Sioux Falls","Minnehaha County",167,,,,,,,,,,,,,,,,,,,,,,,,,,,,,,,,,,,,,,,,,,,,,,,,,,,,,,,,,,,,,,,,,,,,,,,,,,,,,,,,,,,,900,995,1000,1100,1150,1175,1195,1125,1057.5,1070,1137.5,1125,1095,1075,1050,1100,1097.5,1095,1150,1150,1112.5,1150,1095,1050,1045,1095
"Charleston","SC","Charleston-North Charleston","Charleston County",168,,1200,1277.5,1500,1500,1675,1925,1800,1500,1300,1200,1200,1225,1350,1450,1400,1500,1500,1400,1475,1400,1350,1400,1300,1300,1350,1312.5,1375,1400,1395,1400,1350,1335,1400,1350,1400,1500,1550,1400,1400,1437.5,1412.5,1450,1462.5,1425,1425,1450,1387.5,1497.5,1450,1450,1449,1500,1550,1562.5,1600,1600,1550,1572.5,1550,1595,1600,1600,1600,1650,1680,1650,1700,1737.5,1640,1572.5,1600,1637.5,1700,1750,1800,1675,1800,1750,1700,1700,1700,1695,1650,1820,1895,1895,1850,1900,1895,1800,1800,1800,1800,1800,1800,1900,1850,1900,1900,1950,1950,1900,1875,1900,1900,1850,1900,2000
"Kissimmee","FL","Orlando-Kissimmee-Sanford","Osceola County",169,,,,,,,,,,,1097.5,1000,1000,1000,1000,1000,1012.5,1000,1092.5,1050,1050,1050,1050,1050,1050,1050,1100,1100,1125,1200,1200,1200,1200,1150,1150,1150,1200,1200,1200,1295,1270,1300,1300,1250,1300,1295,1295,1280,1275,1250,1250,1250,1350,1400,1400,1250,1250,1200,1225,1200,1200,1247.5,1262.5,1295,1300,1337.5,1300,1275,1300,1300,1300,1300,1300,1300,1350,1350,1350,1325,1350,1300,1350,1300,1350,1325,1379.5,1350,1395,1400,1400,1450,1450,1425,1400,1400,1450,1425,1425,1471,1500,1500,1500,1500,1535,1500,1500,1500,1500,1499,1500
"Clarksville","TN","Clarksville","Montgomery County",170,,,,,,,,,,,,,,,,,,,,1100,1050,1025,1050,1050,1000,1025,1050,1100,1075,1075,1075,1050,1000,995,995,995,975,950,950,995,995,995,995,995,1000,1050,1000,1000,1000,1000,1000,1000,1040,1025,1000,1000,1050,1025,1000,995,1000,995,1025,1095,1100,1100,1100,1095,1050,1050,1045,1000,1025,1000,1075,1050,1075,1068.5,1095,1000,1025,995,1000,1000,1000,999.5,1025,1095,1100,1145,1125,1100,1095,1075,1025,1050,1050,1050,1100,1100,1100,1150,1150,1150,1150,1125,1100,1100,1095
"Chattanooga","TN","Chattanooga","Hamilton County",171,,,,,,,,,,,,,,,,,,,,,,,,,,,,,,,,,,,,,1100,1200,1097.5,1125,1200,1100,1050,995,1037.5,1100,1125,1100,1000,1000,1000,1095,1195,1200,1200,1295,1295,1285,1250,1100,1195,1200,1150,1100,1050,1095,1100,1100,1100,1200,1100,1100,1295,1200,1200,1350,1200,1125,1100,1175,1100,1100,1250,1097.5,1200,1197.5,1295,1300,1300,1300,1250,1250,1295,1250,1250,1299.5,1295,1275,1297,1300,1350,1350,1350,1395,1372.5,1300,1335,1250,1262.5
"Tempe","AZ","Phoenix-Mesa-Scottsdale","Maricopa County",172,,,1197.5,1250,1362.5,1295,1195,1100,1050,1095,1095,1100,1100,1150,1200,1250,1225,1200,1195,1100,1200,1150,1095,1104.5,1150,1150,1150,1250,1200,1200,1250,1200,1195,1195,1150,1166,1195,1150,1195,1200,1250,1222,1250,1175,1200,1195,1200,1195,1195,1200,1200,1200,1225,1240,1200,1195,1195,1200,1245,1200,1250,1250,1350,1390,1325,1300,1350,1340,1300,1299.5,1300,1300,1350,1350,1350,1400,1400,1352.5,1350,1295,1300,1275,1300,1250,1350,1379.5,1450,1495,1500,1500,1495,1450,1400,1400,1400,1400,1400,1425,1525,1600,1579,1625,1645,1600,1550,1545,1550,1550,1595
"Murfreesboro","TN","Nashville-Davidson--Murfreesboro--Franklin","Rutherford County",173,,,,,,,,,,,,,,,900,950,975,1025,995,1025,1000,1000,1000,995,975,950,975,995,1000,1050,1050,1025,999.5,1050,1037.5,995,995,975,950,1000,929,1050,1000,1017,1100,1100,1095,1099,1100,1100,1112.5,1150,1197.5,1142.5,1185,1200,1250,1295,1295,1250,1250,1325,1300,1300,1250,1225,1200,1250,1250,1290,1295,1295,1295,1299.5,1350,1300,1299,1322.5,1350,1300,1350,1237.5,1350,1249,1392.5,1419,1450,1450,1455,1450,1395,1400,1450,1450,1450,1450,1445,1449,1490,1480,1450,1470,1460,1400,1400,1395,1450,1460,1450
"Rancho Cucamonga","CA","Riverside-San Bernardino-Ontario","San Bernardino County",174,,,,,,,,,1730,1695,1845,1700,1795,1795,1800,1800,1800,1850,1800,1800,1800,1697.5,1730,1762.5,1762.5,1875,1900,1825,1875,1900,1900,1900,1895,1892.5,1850,1850,1895,1880,1850,1850,1900,1900,1950,1950,1950,2000,1995,1995,1995,1980,1995,1995,2000,2000,2050,2000,2089,2000,2000,2095,2100,2075,2100,2190,2100,2150,2150,2180,2150,2175,2162.5,2100,2190,2150,2195,2197.5,2200,2200,2200,2195,2250,2200,2220,2200,2200,2200,2250,2300,2390,2350,2300,2300,2300,2300,2300,2300,2300,2300,2300,2300,2350,2400,2385,2380,2400,2395,2400,2395,2350
"Killeen","TX","Killeen-Temple","Bell County",175,,,,,,,,,,,,,1000,900,950,1000,1000,975,875,875,850,875,850,850,850,875,895,900,950,900,950,950,950,950,925,950,950,925,935,927.5,925,950,925,900,945,925,950,917.5,900,900,900,900,950,975,950,950,950,950,950,950,950,950,950,950,950,950,945,925,925,925,925,925,934,925,925,925,950,950,950,950,950,950,950,950,950,950,950,950,975,975,975,950,950,929.5,950,925,925,950,940,975,995,995,995,975,975,975,975,995,995
"Fredericksburg","VA","Washington-Arlington-Alexandria","Spotsylvania County",176,,,1300,1500,1450,1600,1700,1400,1450,1450,1300,1395,1295,1295,1347.5,1495,1495,1495,1500,1400,1395,1395,1335,1300,1295,1295,1350,1400,1400,1400,1400,1450,1450,1400,1395,1395,1350,1400,1450,1450,1550,1550,1497.5,1447.5,1450,1400,1400,1395,1395,1375,1395,1400,1500,1500,1547.5,1547.5,1500,1495,1500,1500,1500,1500,1500,1500,1550,1500,1500,1500,1475,1500,1500,1495,1475,1475,1495,1500,1550,1500,1512.5,1500,1500,1475,1450,1495,1450,1450,1495,1500,1600,1550,1595,1595,1595,1500,1500,1500,1500,1500,1500,1500,1595,1575,1550,1550,1550,1500,1550,1595,1500
"Palmdale","CA","Los Angeles-Long Beach-Anaheim","Los Angeles County",177,,,,,,,,,,,,,,1494,1494,1450,1475,1325,1362.5,1395,1450,1395,1300,1300,1425,1495,1400,1450,1450,1450,1400,1450,1450,1450,1495,1450,1475,1495,1495,1500,1500,1500,1499,1495,1499,1495,1472.5,1450,1450,1450,1400,1400,1400,1450,1450,1400,1450,1495,1482.5,1500,1500,1550,1585,1550,1595,1595,1550,1564.5,1559,1550,1500,1500,1572,1525,1550,1500,1500,1550,1523.5,1560,1550,1550,1525,1550,1582.5,1724.5,1600,1700,1725,1720,1750,1762.5,1695,1775,1837.5,1850,1800,1755,1750,1897,1947.5,1935,1975,1950,1899,1880,1880,1900,1957.5
"Cape Coral","FL","Cape Coral-Fort Myers","Lee County",178,,,,,,,,,,,,,,,,,,,,,,,,,,,,,,,,,,,,,,,,,,,,,,,,,,,,,,,,,,,,,,,,,,,,,,,,,,,,,,,,,,,,,1450,1450,1500,1550,1500,1500,1500,1595,1600,1550,1600,1650,1600,1650,1640,1625,1580,1495,1475,1515,1535,1550,1575,1575,1550
"Savannah","GA","Savannah","Chatham County",179,,,,,,,,,,,,,,1015,1100,1100,1100,1097.5,1075,1100,1100,1100,1100,1075,1050,995,1100,1150,1150,1165,1150,1150,1100,1100,1100,1100,1100,1077.5,1100,1100,1150,1100,1100,1100,1100,1100,1150,1150,1100,1100,1100,1150,1200,1250,1250,1225,1220,1200,1200,1200,1200,1200,1225,1225,1250,1250,1250,1250,1250,1200,1200,1200,1180,1200,1200,1200,1250,1262.5,1200,1200,1200,1200,1222.5,1250,1225,1220,1295,1350,1350,1300,1325,1350,1300,1295,1295,1275,1295,1300,1350,1350,1325,1350,1395,1350,1295,1300,1300,1275,1275
"Newport News","VA","Virginia Beach-Norfolk-Newport News","Newport News City",180,,,1295,1250,1295,1300,1255,1300,1200,1195,1185,1200,1195,1200,1200,1200,1225,1250,1200,1200,1200,1195,1150,1147.5,1195,1195,1195,1100,1150,1200,1195,1112.5,1100,1150,1150,1112.5,1100,1050,1100,1100,1100,1175,1150,1150,1200,1175,1150,1180,1150,1150,1175,1190,1200,1200,1200,1200,1200,1200,1200,1200,1199.5,1100,1150,1195,1200,1225,1225,1199,1195,1195,1150,1150,1195,1195,1200,1250,1275,1250,1250,1250,1200,1200,1200,1200,1195,1195,1200,1200,1225,1250,1200,1195,1195,1100,1100,1150,1125,1100,1195,1200,1200,1250,1200,1200,1200,1200,1200,1200,1200
"El Cajon","CA","San Diego-Carlsbad","San Diego County",181,,,,,,,,,,,,,,,,,,,,,,,,,,,,,,,,,,,,,,,,,,,,,,,,,,,,,,,,,,,,,,,,,,,,,,,,,,,,,,,,,1925,1647.5,1775,1695,1795,1700,1910,1995,1900,2000,2195,2000,2000,2025,2100,2095,2100,1962.5,1850,2100,2212.5,2147.5,2172.5,2200,2295,2300,2272.5,2195,2100
"Jackson","MS","Jackson","Hinds County",182,,,,,,,,,,,,,,,,,,,,,,,,,,,,,,700,750,750,750,750,750,750,750,715,750,750,750,725,750,750,782.5,750,765,750,750,750,750,750,750,750,725,750,750,775,750,750,775,800,800,800,800,767,759,850,775,750,797,775,754.5,795,800,797,872.5,850,825,775,825,850,800,835,775,800,800,850,800,800,825,825,800,850,795,800,825,825,850,875,875,900,900,900,850,850,850,875,875
"Elk Grove","CA","Sacramento--Roseville--Arden-Arcade","Sacramento County",183,,,,,,,,,,,,,1450,1472.5,1500,1495,1495,1495,1495,1495,1495,1450,1395,1395,1400,1495,1500,1500,1495,1500,1500,1495,1495,1500,1500,1495,1475,1450,1495,1495,1550,1525,1525,1495,1495,1495,1495,1495,1495,1525,1495,1500,1575,1500,1520,1550,1575,1595,1595,1595,1595,1595,1595,1595,1650,1695,1650,1650,1637.5,1650,1671,1673.5,1650,1695,1695,1600,1600,1750,1695,1695,1695,1700,1669,1649,1695,1700,1795,1795,1795,1795,1797.5,1875,1850,1850,1895,1912.5,1895,1882.5,1895,1895,1895,1960,1950,1897.5,1895,1900,1950,1900,1950
"Peoria","AZ","Phoenix-Mesa-Scottsdale","Maricopa County",184,,1300,1300,1395,1350,1275,1350,1312.5,1295,1200,1200,1200,1195,1195,1200,1200,1250,1200,1227.5,1225,1200,1195,1195,1175,1195,1150,1150,1195,1195,1200,1200,1200,1195,1195,1162.5,1150,1150,1162.5,1189,1195,1200,1200,1195,1150,1180,1195,1200,1199,1195,1200,1200,1200,1225,1250,1247.5,1250,1250,1250,1250,1275,1250,1275,1275,1295,1300,1350,1325,1300,1275,1250,1299.5,1300,1350,1350,1337,1350,1350,1300,1390,1300,1300,1350,1300,1295,1300,1350,1350,1450,1400,1400,1400,1400,1400,1400,1400,1450,1450,1465,1500,1495,1495,1495,1490,1450,1455,1450,1450,1497.5,1500
"Naperville","IL","Chicago-Naperville-Elgin","DuPage County",185,,,,,,,,,,,,,1800,1800,1797,1750,1750,1950,1795,1700,1712.5,1695,1700,1600,1700,1695,1750,1700,1650,1795,1725,1600,1475,1407.5,1400,1437.5,1400,1400,1595,1675,1850,1750,1695,1600,1630,1675,1662.5,1600,1685,1675,1650,1700,1750,1795,1700,1750,1750,1750,1800,1800,1750,1712.5,1800,1800,1750,1850,1850,1845,1850,1850,1850,1762.5,1750,1800,1800,1772.5,1800,1880,1925,1850,1850,1950,1750,1895,1800,1750,1750,1822.5,1800,1800,1900,1900,1850,1900,1850,1800,1850,1845,1850,1850,1850,1850,1900,1850,2000,2000,2000,2000,2000
"Fairfax","VA","Washington-Arlington-Alexandria","Fairfax County",186,,,1925,1800,1890,1985,2037.5,2225,2050,2000,1800,1750,1900,1900,1950,1900,2000,2100,2000,2100,2100,2000,2000,1995,2000,2000,2050,2050,2100,2100,2099.5,2100,2025,2000,1995,2000,2024.5,2044.5,2005,2005,2100,2100,2100,2100,2025,1998.5,2050,1990,1999,2000,2000,2000,2150,2200,2250,2200,2150,2100,2100,2100,2100,2100,2100,2100,2200,2287.5,2250,2250,2250,2200,2175,2150,2175,2150,2150,2200,2200,2250,2275,2225,2300,2100,2100,2075,2295,2250,2300,2300,2300,2350,2400,2350,2300,2250,2200,2200,2250,2200,2200,2300,2375,2397,2350,2300,2295,2300,2300,2300,2300
"Boynton Beach","FL","Miami-Fort Lauderdale-West Palm Beach","Palm Beach County",187,,1500,1500,1500,1512.5,1650,1625,1750,1600,1500,1500,1500,1450,1491,1475,1400,1495,1450,1500,1500,1500,1500,1500,1450,1400,1450,1450,1450,1421,1477.5,1450,1495,1487.5,1425,1400,1400,1400,1400,1395,1400,1475,1500,1500,1500,1600,1700,1675,1725,1700,1700,1650,1650,1695,1650,1650,1600,1600,1650,1690,1650,1695,1700,1700,1700,1750,1700,1750,1700,1700,1700,1750,1750,1700,1700,1700,1700,1700,1750,1700,1750,1650,1700,1800,1700,1750,1700,1750,1750,1795,1800,1800,1825,1800,1800,1800,1800,1800,1800,1775,1775,1800,1850,1850,1845,1850,1895,1875,1950,1850
"Topeka","KS","Topeka","Shawnee County",188,,,,,,,,,,,,,,,,,,,,,,812.5,725,710,727.5,825,885,950,867.5,795,775,785,862.5,795,795,795,675,650,685,700,825,805,775,850,825,850,800,750,795,795,775,785,795,800,800,747.5,750,735,750,795,750,727.5,750,750,750,785,797.5,800,795,835,795,750,750,750,775,775,795,795,775,750,795,800,812.5,775,750,750,795,795,795,800,850,810,800,775,795,800,775,775,800,825,825,850,800,775,750,800,850,836.5,845
"McKinney","TX","Dallas-Fort Worth-Arlington","Collin County",189,,,,,,,,,,,1575,1532.5,1400,1400,1450,1450,1500,1500,1500,1500,1550,1495,1495,1495,1500,1500,1500,1500,1550,1550,1595,1550,1550,1500,1550,1585,1550,1545,1550,1550,1575,1600,1612.5,1600,1620,1650,1600,1597.5,1595,1600,1600,1600,1650,1675,1695,1650,1650,1650,1650,1650,1695,1695,1700,1700,1725,1700,1750,1750,1750,1747.5,1725,1750,1750,1750,1750,1750,1795,1750,1790,1800,1792.5,1800,1799.5,1700,1750,1800,1850,1847.5,1850,1850,1845,1800,1799,1795,1795,1795,1795,1800,1849,1850,1850,1850,1850,1850,1825,1850,1885,1900,1895
"Lafayette","LA","Lafayette","Lafayette Parish",190,,,,,,,,,,,,,,,,,,,,,,,,,,,,,,,,,,,,1350,1387.5,1400,1400,1350,1400,1225,1123.5,1237.5,1400,1200,1300,1375,1250,1300,1300,1250,1300,1444,1462.5,1495,1250,1350,1375,1287.5,1250,1300,1395,1395,1267.5,1300,1350,1337.5,1300,1300,1300,1300,1300,1300,1285,1200,1300,1250,1200,1217.5,1225,1249,1300,1300,1225,1200,1250,1250,1250,1250,1250,1250,1200,1200,1200,1200,1200,1200,1200,1200,1200,1200,1200,1200,1200,1200,1175,1150,1150
"Sugar Land","TX","Houston-The Woodlands-Sugar Land","Fort Bend County",191,,,,,,,,,,,,,,,,,,,,,,,,,,,,,,,,,,,,,,,,,,,1795,1700,1700,1800,1800,1800,1800,1800,1800,1800,1880,1950,2000,1950,1895,1850,1845,1850,1900,1950,1990,2100,2000,1995,1995,2000,2000,1900,1950,1950,1975,1980,1999.5,2000,1995,2000,1950,1950,1962.5,1800,1875,1800,1800,1812.5,1825,1850,1875,1875,1877.5,1850,1875,1900,1900,1900,1850,1900,1950,1900,1850,1850,1850,1850,1850,1825,1800,1795,1795
"Pembroke Pines","FL","Miami-Fort Lauderdale-West Palm Beach","Broward County",192,,,,,,,,,,,1400,1495,1500,1600,1650,1775,1750,1800,1700,1700,1700,1650,1650,1650,1550,1550,1600,1600,1600,1550,1500,1600,1500,1500,1550,1500,1600,1600,1650,1600,1700,1725,1750,1800,1800,1850,1875,1850,1800,1850,1800,1800,1850,1850,1900,1850,1850,1850,1800,1800,1850,1800,1850,1850,1800,1850,1900,1950,1950,1900,1950,1975,1975,1960,1950,2000,2000,2000,1900,1800,1900,2100,1999,1950,1950,1959,1907.5,1927,1950,1950,2000,2000,1975,2000,1990,1950,2000,1975,1975,1900,1900,1900,1900,1900,1950,1900,1950,1950,1995
"Edmond","OK","Oklahoma City","Oklahoma County",193,,,,,,,,,,,,,,,,,,,,1487.5,1500,1525,1495,1385,1475,1400,1395,1350,1295,1397.5,1495,1497.5,1395,1300,1500,1395,1500,1500,1500,1500,1572.5,1595,1550,1500,1500,1495,1595,1575,1550,1550,1525,1495,1450,1447.5,1475,1495,1495,1495,1495,1445,1475,1495,1475,1495,1495,1475,1445,1450,1450,1425,1400,1395,1400,1450,1450,1495,1400,1400,1395,1390,1375,1345,1375,1350,1375,1395,1395,1400,1400,1395,1395,1395,1350,1350,1300,1312.5,1350,1345,1350,1362.5,1400,1400,1395,1395,1395,1400,1395,1397.5,1395
"Pueblo","CO","Pueblo","Pueblo County",194,,,,,,,,,,,,,,,,,,,,,,,,,,,,,,,,,,,,,,,,,,,,,,,,,,,,,,,,,,,,,,,,,,,,,,,,,,,,,,,,975,950,825,875,900,850,850,950,1000,1000,1050,1000,997.5,1000,950,950,945,900,962.5,975,1000,995,985,1000,1050,1000,1000,1100,990,950
"Salem","OR","Salem","Marion County",195,,,,,,,,,,,,,825,845,850,895,900,895,950,900,900,995,922.5,950,950,995,985,965,965,975,995,990,950,995,995,995,950,950,950,950,925,1025,900,795,925,1050,1025,1012.5,1050,1000,995,1000,1100,1075,1065,1100,1095,1195,1162.5,1125,1150,1095,1162.5,1195,1275,1250,1300,1295,1245,1200,1195,1200,1197.5,1220,1295,1195,1197.5,1197.5,1385,1295,1350,1312.5,1195,1272.5,1350,1272.5,1395,1395,1395,1395,1395,1450,1495,1500,1450,1400,1450,1400,1450,1450,1450,1495,1495,1495,1450,1500,1500,1500,1500
"Springfield","MA","Springfield","Hampden County",196,,,,,,,,,,,,,,,,,,,,,,,,,,,,,,,,,,,,,,,,,,,,,,,,,,,,,,,,,,,,,,,,,1275,1300,1225,1300,1300,1350,1300,1200,1150,1100,1225,1300,1150,1225,1250,1349.5,1350,1337.5,1275,1250,1250,1300,1350,1450,1450,1325,1400,1350,1300,1300,1400,1300,1250,1400,1295,1300,1300,1300,1275,1250,1400,1450,1425,1325,1400
"Spring","TX","Houston-The Woodlands-Sugar Land","Harris County",197,,,,,,,,,,1475,1475,1500,1425,1400,1400,1400,1297.5,1450,1450,1400,1350,1300,1375,1337.5,1325,1350,1350,1385,1350,1397.5,1425,1350,1275,1200,1275,1275,1262.5,1200,1350,1325,1350,1450,1450,1450,1400,1425,1450,1450,1400,1400,1400,1450,1500,1550,1500,1500,1500,1500,1527,1525,1525,1525,1550,1575,1600,1599.5,1575,1575,1550,1525,1525,1500,1500,1500,1550,1599,1560,1595,1550,1550,1500,1500,1500,1500,1500,1500,1550,1550,1550,1550,1550,1550,1550,1535,1550,1550,1525,1550,1575,1600,1600,1600,1600,1600,1595,1550,1550,1550,1550
"Henrico","VA","Richmond","Henrico County",198,,,1022.5,1050,1050,1017.5,1050,1050,975,947.5,995,925,995,987.5,975,1012.5,1000,995,980,985,995,995,995,1050,1050,1050,1100,1150,1200,1200,1150,1095,1100,1100,1120,1195,1200,1150,1195,1225,1250,1250,1200,1250,1200,1200,1200,1200,1200,1200,1200,1250,1295,1295,1297.5,1295,1295,1295,1295,1295,1295,1295,1295,1312.5,1350,1350,1345,1395,1350,1350,1350,1337.5,1300,1300,1350,1295,1295,1400,1390,1377.5,1350,1350,1295,1335,1350,1300,1300,1350,1375,1400,1475,1400,1400,1400,1425,1400,1400,1400,1450,1450,1500,1425,1450,1499.5,1495,1500,1500,1497,1500
"Dayton","OH","Dayton","Montgomery County",199,,,,,,,,,,,,,570,565,555,562.5,600,600,600,612.5,640,575,537,575,575,575,596.5,590,600,578,600,625,650,650,650,600,600,562.5,550,595,600,600,650,650,650,650,650,650,637.5,650,650,650,700,695,700,745,700,685,700,695,675,650,685,675,675,695,675,695,650,695,700,695,695,700,695,750,750,712.5,675,712.5,700,725,735,725,700,700,700,745,725,750,750,750,750,750,750,747.5,750,750,750,750,750,785,775,775,750,775,750,750,765
"Lakewood","CO","Denver-Aurora-Lakewood","Jefferson County",200,,,,,,,,,,,,,,,,,,,,,,,,,,1000,1000,995,1050,1100,1150,1195,1195,1050,1105,1000,999,1025,1005,1080,1100,1150,1100,1173,1242.5,1242.5,1297.5,1225,1200,1200,1200,1295,1250,1295,1295,1350,1350,1295,1295,1200,1225,1325,1350,1450,1397,1460,1437.5,1420,1470,1450,1350,1400,1472.5,1450,1545,1400,1600,1625,1450,1485,1485,1495,1460,1400,1500,1487,1550,1600,1650,1695,1695,1600,1750,1700,1695,1700,1700,1750,1697.5,1750,1795,1795,1725,1700,1750,1775,1650,1650,1700
"Cumming","GA","Atlanta-Sandy Springs-Roswell","Forsyth County",201,,,1525,1500,1515,1500,1585,1800,1797.5,1595,1500,1400,1495,1450,1450,1500,1595,1500,1462.5,1500,1400,1425,1550,1500,1495,1495,1550,1500,1597.5,1625,1600,1500,1450,1500,1550,1497.5,1450,1450,1500,1500,1450,1550,1595,1500,1595,1600,1575,1575,1550,1500,1500,1500,1550,1575,1600,1600,1600,1600,1600,1645,1600,1600,1675,1695,1687,1700,1650,1695,1645,1621,1600,1645,1650,1630,1625,1649,1707.5,1675,1700,1700,1695,1695,1672,1663,1650,1650,1675,1700,1723.5,1720,1750,1710,1700,1695,1680,1650,1630,1695,1725,1763,1795,1760,1795,1775,1700,1700,1743,1736.5,1750
"Alexandria","VA","Washington-Arlington-Alexandria","Alexandria City",202,,,,,,,,,,,,,,,,,,,,1670,1772.5,1975,1925,1959.5,1782,2000,2000,1805,1850,1897.5,1890,1822.5,1950,1950,1850,1737.5,1680,1805,1860,1850,1943,1959,1850,1850,1850,1925,1925,1900,1950,1950,1997.5,1995,1900,1895,1937.5,1900,1900,1850,1800,1785,1795,1800,1875,2025,2050,2025,1925,1875,1937.5,1848,1925,1875,1850,1800,1825,1800,1850,1900,1962.5,2000,1895,1925,1862.5,1975,1937.5,1850,1895,1850,1850,1850,1950,1950,1962.5,1950,1972.5,1925,1916,1950,1950,2100,2100,2000,2299.5,2250,2295,2250,2100,2100,2100
"Tyler","TX","Tyler","Smith County",203,,,,,,,,,,,,,,,,,,,,,,,,,,,,,,,,,,,,,,,,,,,,,,,,,,,,,,,,,,,,,,,,,,,,,,,,,,,,,,,1195,1250,1150,1072.5,1150,1072.5,1100,1100,1137.5,1137.5,1175,1150,1195,1135,1172.5,1200,1200,1220,1200,1150,1195,1200,1250,1200,1265,1250,1250,1300,1250,1247.5,1295
"Pomona","CA","Los Angeles-Long Beach-Anaheim","Los Angeles County",204,,,,,,,,,,,,,1700,1597,1600,1500,1550,1550,1525,1500,1500,1500,1475,1550,1595,1500,1425,1574.5,1595,1450,1550,1582.5,1650,1700,1595,1595,1650,1650,1650,1650,1675,1650,1700,1650,1600,1700,1700,1697.5,1700,1700,1695,1675,1699.5,1750,1695,1700,1737.5,1650,1700,1800,1800,1850,1895,1862.5,1795,1890,1900,1900,1980,1795,1800,1900,1850,1895,1875,1895,1800,1890,1900,1850,1950,1900,1950,1725,1900,1900,1950,1995,1950,2000,2100,2100,2100,2025,2000,2050,2000,2000,2100,2095,2100,2175,2200,2199,2200,2150,2200,2295,2200
"Visalia","CA","Visalia-Porterville","Tulare County",205,,,,,,,,,,,,,,,,,,,,,,,,,,,,,,,,1250,1150,1100,1150,1150,1100,1097.5,1200,1225,1200,1175,1200,1097.5,1172.5,1225,1150,1250,1195,1197.5,1197.5,1195,1185,1095,1125,1125,1175,1125,1195,1295,1250,1200,1250,1250,1295,1197.5,1200,1195,1250,1235,1212.5,1195,1225,1250,1237.5,1195,1250,1150,1185,1175,1300,1195,1250,1200,1275,1250,1295,1300,1297.5,1275,1300,1350,1300,1350,1350,1350,1350,1300,1295,1295,1300,1350,1350,1350,1362.5,1395,1395,1400,1350
"Cypress","TX","Houston-The Woodlands-Sugar Land","Harris County",206,,,,,,,,,,,,,,1375,1350,1350,1350,1295,1250,1175,1250,1250,1400,1397.5,1375,1425,1450,1450,1450,1500,1512.5,1500,1462.5,1400,1337.5,1450,1466,1350,1550,1500,1500,1597,1487.5,1560,1507.5,1500,1500,1500,1395,1400,1425,1575,1650,1650,1600,1600,1650,1697,1697,1650,1650,1700,1669,1700,1700,1700,1795,1750,1750,1700,1700,1700,1700,1700,1750,1750,1699,1750,1730,1700,1700,1695,1712.5,1675,1650,1695,1690,1700,1700,1700,1700,1700,1692.5,1650,1680,1700,1700,1722.5,1750,1750,1750,1775,1750,1700,1700,1700,1700,1700,1700
"Round Rock","TX","Austin-Round Rock","Williamson County",207,,,,,,,,,,,,,,,,,,,,,,,,,,,,,,,,,,,,,,1145,1068,1145,1200,1350,1295,1250,1325,1350,1390,1395,1350,1392,1400,1425,1395,1395,1400,1425,1418,1400,1400,1411,1450,1427,1495,1475,1500,1495,1495,1500,1545,1500,1495,1495,1495,1450,1450,1450,1495,1525,1495,1495,1425,1450,1450,1418,1495,1550,1577.5,1600,1649.5,1635,1595,1595,1595,1550,1577.5,1550,1587.5,1595,1595,1600,1650,1650,1675,1641,1600,1600,1595,1597,1600
"Kansas City","KS","Kansas City","Wyandotte County",208,,,,,,,,,,,,,,,,,,,,,,,,,,,,,,699.5,795,795,750,705,700,700,700,725,740,727.5,795,850,762.5,750,750,785,750,750,752.5,750,757.5,760,800,795,795,795,795,797,795,797.5,750,750,775,800,850,850,850,825,837.5,790,797,775,837.5,812.5,875,810,875,850,950,875,850,875,822.5,937.5,850,912.5,987.5,950,950,950,895,895,875,925,940.5,900,925,975,975,995,1095,1050,990,895,925,895,875,900,947.5
"Hollywood","FL","Miami-Fort Lauderdale-West Palm Beach","Broward County",209,,,,,,,,,,,,,,1650,1650,1600,1650,1600,1600,1612.5,1650,1600,1600,1550,1500,1550,1600,1500,1500,1550,1500,1500,1500,1599,1600,1580,1600,1600,1650,1650,1699,1700,1650,1650,1650,1700,1750,1800,1700,1700,1650,1650,1700,1700,1700,1750,1750,1750,1700,1700,1739,1750,1760,1760,1800,1800,1800,1875,1800,1850,1900,1850,1900,1900,1900,1850,1850,1900,1750,1800,1800,1800,2000,1791,1850,1899.5,1995,1900,1900,1850,1800,1995,2000,1900,1900,1975,1995,1950,1989,1995,1995,2000,1975,1975,2000,2000,2000,2000,2000
"Sunnyvale","CA","San Jose-Sunnyvale-Santa Clara","Santa Clara County",210,,,,,,,,,,,,,,,,,,,,,,,,,,,,2697.5,2800,2797.5,2850,2610,2590,2297.5,2210,2137.5,2395,2297.5,2250,2365,2500,2725,2550,2896,2725,2880,2790,2950,2925,2950,2950,2950,3000,3250,3500,3450,3495,3285,3300,3225,3200,3200,3600,3447.5,3300,3500,3500,3800,3600,3500,3600,3500,3465,3550,3500,3800,3850,3850,3800,3695,3497.5,3550,3500,3499.5,3500,3500,3700,3800,3950,3900,3795,3772.5,3850,3690,3650,3800,3725,3695,3800,3895,3997,4140,3950,3995,3900,3800,3800,3800,3850
"Las Cruces","NM","Las Cruces","Dona Ana County",211,,,,,,,,,,,,,,,,,,,985,985,995,1000,1025,995,1000,1100,1025,995,995,950,950,995,992.5,995,995,995,995,997.5,975,995,1000,985,950,975,957.5,965,950,950,925,950,950,950,965,950,975,975,950,950,950,950,950,975,970,950,950,950,975,950,950,950,950,950,950,900,900,940,900,950,950,900,950,950,900,895,899,950,960,975,975,950,1000,950,950,970,925,975,975,980,980,995,975,1000,1000,999,995,995,999,995,1000
"Conroe","TX","Houston-The Woodlands-Sugar Land","Montgomery County",212,,,,,,,,,,,,,,,,,,,,,,,,,,,,,,,,,,,,,,,,,,,,,,,,,,,1500,1500,1550,1595,1599,1500,1550,1495,1500,1600,1600,1600,1550,1575,1575,1600,1600,1637.5,1600,1600,1550,1550,1595,1500,1595,1550,1650,1525,1595,1597.5,1650,1600,1600,1500,1550,1495,1469,1550,1550,1577.5,1600,1600,1595,1550,1550,1600,1600,1600,1650,1662.5,1600,1645,1650,1625,1595,1555,1585,1575,1600
"Lansing","MI","Lansing-East Lansing","Ingham County",213,,,,,,,,,,,,,,,,,,,,,675,678,675,676.5,678,650,650,662.5,675,675,720,700,700,700,695,700,700,700,700,700,700,700,750,700,725,750,750,750,750,740,750,750,750,750,750,750,750,750,700,750,750,750,775,775,750,775,775,750,760,750,750,750,750,750,775,750,750,784.5,820,750,775,755,775,775,800,795,800,825,825,800,800,795,800,800,825,800,795,795,792.5,795,812.5,817.5,825,825,825,825,800,800,825
"South Bend","IN","South Bend-Mishawaka","Saint Joseph County",214,,,,,,,,,,,,,,,,,,,,650,650,650,650,650,650,665,645,612.5,650,650,650,625,600,600,622,625,600,620,600,650,650,637.5,650,625,650,650,650,612.5,600,625,650,650,650,650,675,675,665,650,650,650,650,650,700,700,675,675,675,650,650,650,670,650,675,680,722.5,775,750,700,700,700,700,675,740,675,745,725,750,750,747.5,720,750,795,780,850,795,725,750,750,750,785,750,750,750,750,750,750,755,750,765
"Pasadena","TX","Houston-The Woodlands-Sugar Land","Harris County",215,,,,,,,,,,,,,,,,,,,,,,,,,,,,,,,,,,,,,,,,,,,,,,,,,,,,,,,,,,,,,,,,,,,,,,,,,,,,,,,1400,1500,1300,1200,1250,1200,1300,1300,1250,1350,1375,1372.5,1350,1297.5,1275,1260,1300,1312.5,1300,1300,1300,1400,1350,1350,1350,1350,1350,1325,1350,1350,1385
"Cary","NC","Raleigh","Wake County",216,,,1395,1347.5,1500,1450,1495,1575,1595,1600,1495,1600,1395,1395,1412.5,1495,1495,1395,1395,1495,1495,1395,1425,1395,1387.5,1375,1450,1450,1495,1495,1500,1495,1450,1422.5,1400,1400,1395,1275.5,1350,1450,1495,1495,1462.5,1450,1400,1450,1475,1400,1435,1442.5,1450,1450,1495,1550,1595,1577.5,1500,1500,1495,1450,1495,1495,1495,1550,1595,1650,1650,1600,1595,1550,1500,1500,1495,1495,1500,1595,1575,1595,1595,1600,1595,1550,1595,1595,1625,1650,1695,1650,1695,1695,1695,1695,1685,1685,1650,1650,1650,1675,1650,1680,1675,1695,1675,1680,1650,1600,1640,1650,1600
"Paterson","NJ","New York-Newark-Jersey City","Passaic County",217,,,,,,,,,,,,,,,,,,,,,,,,,,,,,,,,,,,,,,,,,,,,,,,,,,,,,,,,,,,,,,,,,,,,,,,,,,,,,,,,,,,,,,,,,,,1425,1350,1425,1400,1375,1400,1450,1412.5,1500,1450,1600,1450,1475,1475,1500,1450,1400,1420,1450
"Beaumont","TX","Beaumont-Port Arthur","Jefferson County",218,,,,,,,,,,,,,,,,,,,,,,,,,,,,,,,,,,,,,,,,,,,,,,,,,,,,,,,,,,,,,,,,,,,,,,,,,,,,,,,,,,,,,,,1100,1095,1200,1150,1200,1150,1175,1200,1200,1250,1250,1100,1200,1200,1250,1200,1197.5,1250,1200,1200,1100,1100,1100
"Yuma","AZ","Yuma","Yuma County",219,,,,,,,,,,,,,,,,975,975,995,980,950,925,925,925,950,975,975,900,950,975,950,950,972.5,950,1000,962.5,995,995,995,950,950,985,1000,1050,1000,1050,1000,975,1000,995,975,1000,1012.5,1050,1050,1000,1000,1000,1000,975,997.5,995,1000,1000,1000,1000,1000,975,950,950,950,975,975,1000,1050,1050,995,1100,1000,1100,1000,1000,1000,950,1000,1000,1050,1000,1000,1000,1000,1050,1000,1000,975,1000,1000,1000,1050,1050,1100,1050,1000,1050,1000,995,1000,1050,1095,1100
"Columbia","MO","Columbia","Boone County",220,,,,,,,,,,,,,,,,,,,,,,,,,,,,,,,,,1100,1087.5,1112.5,1200,1200,1050,1050,1200,1200,1175,1200,1100,950,1100,1100,1100,1192.5,1137.5,1100,1000,1000,1100,1125,1100,1100,1100,1100,1000,975,1000,1100,997.5,950,975,950,1000,962.5,950,975,990,950,975,975,995,975,925,1000,1050,995,1100,1100,1045,995,950,950,950,950,975,950,995,1000,1000,1000,1000,1000,995,975,950,950,950,955,982.5,950,1000,1025,1000,990
"Syracuse","NY","Syracuse","Onondaga County",221,,,,,,,,,,,,,,,,,,,,,,,,,,,,,,,,,,,,,,,,,,,,,,,,,,,,,,,,,,,,,,,,,,,,,,,,,,,,,,,,,,,,,,,1200,1250,1250,1200,1200,1150,1250,1200,1200,1175,1200,1100,1200,1200,1200,1175,1200,1200,1200,1100,1185,1195,1150
"Frisco","TX","Dallas-Fort Worth-Arlington","Collin County",222,,,,,,,,,,,,,,1800,1700,1800,1850,1800,1837.5,1825,1800,1850,1700,1850,1850,1850,1800,1850,1900,1785,1750,1700,1695,1750,1795,1700,1695,1672.5,1695,1695,1695,1750,1795,1800,1800,1825,1882.5,1850,1897.5,1850,1850,1850,1895,1950,1895,1975,1995,1950,1950,1895,1895,1950,1995,2000,2050,2100,2000,2100,2000,1995,2000,2095,2000,2000,2050,2075,2145,2000,2100,2000,2000,2050,2195,2000,2000,2000,2050,2100,2150,2150,2195,2100,2100,2100,2100,2150,2165,2150,2195,2195,2100,2195,2195,2250,2250,2270,2245,2275,2295
"Renton","WA","Seattle-Tacoma-Bellevue","King County",223,,,,,,,,,,,,,1482.5,1622.5,1547.5,1500,1575,1595,1695,1600,1585,1597.5,1500,1495,1562.5,1562.5,1595,1537.5,1525,1595,1500,1495,1495,1500,1500,1495,1495,1500,1595,1585,1495,1637.5,1600,1672.5,1695,1695,1697.5,1695,1695,1662.5,1695,1695,1750,1790,1750,1795,1755,1750,1700,1697.5,1725,1750,1700,1795,1772.5,1825,1750,1895,1895,1895,1895,1850,1795,1822,1972.5,1995,1967.5,2072.5,1950,2086,1995,1950,1895,1850,1950,2000,2122,2150,2150,2200,2300,2200,2295,2200,2195,2100,2175,2285,2222.5,2195,2300,2395,2392.5,2297.5,2200,2200,2200,2200,2250
"Bridgeport","CT","Bridgeport-Stamford-Norwalk","Fairfield County",224,,,,,,,,1300,1350,1250,1200,1375,1400,1350,1300,1497.5,1600,1495,1500,1550,1400,1300,1200,1200,1200,1250,1325,1240,1200,1200,1200,1300,1300,1240,1250,1200,1200,1200,1200,1200,1200,1200,1200,1200,1350,1500,1300,1400,1350,1350,1392.5,1395,1412.5,1400,1450,1400,1400,1325,1250,1250,1275,1275,1300,1275,1305,1400,1450,1425,1400,1400,1397.5,1350,1410,1450,1495,1475,1600,1462.5,1500,1412.5,1400,1400,1412.5,1450,1350,1400,1500,1600,1600,1600,1575,1475,1437.5,1475,1425,1400,1500,1600,1637.5,1650,1650,1550,1500,1450,1550,1500,1500,1500,1625
"Edinburg","TX","McAllen-Edinburg-Mission","Hidalgo County",225,,,,,,,,,,,,,,,,,,,,,,,,,,,,,,,,,,,,,,,,,,,,,,,,,,,,,,,,,,,,,,,,,,,,,,,,,,,,,,,,,,,,,,1300,1282,1200,1200,1100,992.5,1075,1100,962.5,900,950,950,950,950,937.5,995,1000,1150,1062.5,1150,1200,1100,1095,1100
"Canton","OH","Canton-Massillon","Stark County",226,,,,,,,,,,,,,,,,,,,,,,625,625,632,600,600,597.5,600,600,600,625,625,637.5,625,650,625,600,600,600,600,600,600,600,600,600,625,640,650,650,650,650,650,650,650,627.5,625,625,625,625,625,650,650,647.5,650,695,700,690,695,650,650,650,650,675,650,695,737.5,695,675,700,662.5,675,650,650,650,650,650,750,725,700,695,695,710,710,700,700,700,700,700,700,700,700,722.5,700,700,700,700,675,695,695
"Newark","DE","Philadelphia-Camden-Wilmington","New Castle County",227,,,,,,,,,,,,,,1295,1200,1250,1325,1250,1350,1350,1312.5,1250,1250,1200,1200,1200,1196,1250,1225,1350,1337.5,1275,1292.5,1225,1270,1292.5,1295,1300,1300,1350,1295,1350,1300,1300,1300,1300,1350,1295,1325,1285,1295,1295,1250,1300,1300,1350,1325,1400,1400,1350,1350,1300,1375,1455,1450,1400,1400,1400,1487.5,1400,1400,1450,1500,1500,1437.5,1400,1325,1350,1400,1362.5,1400,1350,1397,1400,1400,1400,1450,1495,1500,1450,1450,1485,1595,1497.5,1450,1500,1500,1495,1500,1550,1500,1500,1500,1495,1600,1550,1500,1500,1475
"Mesquite","TX","Dallas-Fort Worth-Arlington","Dallas County",228,,,,,,,,,,,,,,1095,1097.5,1100,1050,1095,1095,1095,1100,1095,1050,1095,1050,1095,1100,1025,999,1097.5,1100,1095,1050,1025.5,1025,1050,1050,1050,1097.5,1095,1075,1100,1097.5,1095,1100,1150,1150,1185,1149.5,1150,1145,1150,1150,1172.5,1195,1195,1195,1195,1195,1195,1200,1175,1185,1225,1200,1200,1195,1195,1197,1195,1150,1190,1200,1200,1250,1250,1200,1200,1250,1300,1250,1250,1295,1250,1350,1350,1350,1385,1350,1395,1395,1395,1400,1400,1427.5,1400,1400,1445,1445,1425,1450,1485,1495,1475,1475,1460,1475,1475,1475
"Metairie","LA","New Orleans-Metairie","Jefferson Parish",229,,,,,,,,,,,,,,,,,,,,,,,,1300,1297.5,1200,1325,1375,1300,1300,1463.5,1413.5,1400,1400,1500,1425,1300,1400,1303,1250,1100,1075,1127.5,1150,1200,1400,1350,1350,1350,1300,1337.5,1350,1350,1262.5,1350,1405,1450,1400,1450,1437.5,1400,1350,1385,1450,1450,1425,1500,1500,1350,1375,1395,1395,1365,1355,1350,1362.5,1362.5,1325,1400,1400,1350,1275,1450,1450,1447.5,1400,1450,1500,1500,1400,1495,1499.5,1400,1400,1395,1400,1425,1495,1500,1540,1500,1450,1500,1450,1400,1500,1400,1400,1500
"Pasadena","CA","Los Angeles-Long Beach-Anaheim","Los Angeles County",230,,,,,,,,,,,,,2195,2200,2200,2099.5,2195,2250,2300,2300,2350,2350,2250,2200,2030,2200,2200,2300,2400,2300,2300,2300,2395,2360,2400,2365,2200,2160,2090,2100,2200,2225,2100,2075,2000,2200,2200,2250,2200,2225,2200,2200,2200,2300,2350,2400,2450,2445,2400,2475,2350,2350,2500,2400,2450,2495,2500,2562.5,2600,2650,2600,2600,2575,2600,2795,2450,2500,2500,2600,2500,2575,2600,2600,2550,2650,2600,2699.5,2700,2750,2795,2800,2800,2800,2800,2700,2695,2700,2700,2695,2745,2800,2800,2800,2800,2800,2867.5,2900,2800,2750
"Santa Maria","CA","Santa Maria-Santa Barbara","Santa Barbara County",231,,,,,,,,,,,,,,,,,,,,,,,,,,,,,,,,,,,,,,,,,,,,,,,,,,,,,,,,,,,,,,,,,,,,,,,,,,,,,,,,,,,,,1900,1797.5,1800,1897.5,1900,1895.5,1885,1900,1895,1895,1895,1900,1895,1895,1922.5,1812.5,1800,1950,1975,1950,1895,2000,1990,1925,1950
"Torrance","CA","Los Angeles-Long Beach-Anaheim","Los Angeles County",232,,,,,,,,,,,,,,,,,,,,,,,,,,,,,,,,,,,,,,,,,,,,,,2572.5,2600,2625,2650,2600,2600,2650,2600,2600,2600,2650,2700,2664,2650,2650,2650,2725,2750,2650,2700,2750,2750,2775,2800,2750,2800,2850,2850,2800,2800,2700,2750,2700,2995,2825,2950,2725,2675,2650,2825,2900,3000,2995,3000,3200,3100,3000,2995,2950,2900,2950,3000,3000,2950,2900,2950,3000,3100,3200,3000,3000,3100,3000,3200
"Clearwater","FL","Tampa-St. Petersburg-Clearwater","Pinellas County",233,,,,,,,,,,,,,,,,,,,,,,,,,,,,,,,,,,,,,,,,,,,,,,,,,,,,,,,,,,,,,,,,,,,,,,,,,,,,,,,,,,,,1400,1395,1395,1450,1450,1500,1499.5,1500,1500,1595,1595,1595,1600,1637.5,1635,1650,1690,1700,1650,1695,1662.5,1700,1650,1625,1650,1600
"Fullerton","CA","Los Angeles-Long Beach-Anaheim","Orange County",234,,,,2150,2225,2300,2300,2500,2350,2197.5,2200,2200,2300,2250,2200,2274.5,2299.5,2300,2297,2300,2150,2172.5,2200,2200,2250,2250,2097.5,2100,2300,2299.5,2200,2250,2200,2250,2195,2200,2200,2000,2150,2200,2212.5,2200,2200,2185,2297.5,2212.5,2300,2300,2300,2300,2395,2325,2312.5,2300,2400,2450,2400,2400,2400,2300,2300,2400,2500,2462.5,2450,2450,2500,2550,2500,2485,2400,2424.5,2497,2475,2500,2550,2500,2600,2600,2600,2475,2450,2525,2500,2600,2500,2500,2472.5,2525,2695,2550,2672.5,2700,2650,2600,2625,2647.5,2600,2700,2600,2600,2750,2650,2600,2625,2700,2700,2700,2800
"McAllen","TX","McAllen-Edinburg-Mission","Hidalgo County",235,,,,,,,,,,,,,,,,,,,,,,,,,,,,,,,,,,,,,,,,,,,,,,,,,,,,,,,,,,,,1650,1500,1350,1300,1250,1300,1300,1300,1300,1300,1362.5,1350,1350,1397,1300,1300,1300,1300,1200,1325,1300,1200,1300,1350,1250,1300,1200,1200,1225,1300,1300,1300,1250,1250,1250,1200,1250,1250,1200,1250,1300,1350,1300,1350,1300,1300,1262.5,1300,1267.5,1250
"Orange","CA","Los Angeles-Long Beach-Anaheim","Orange County",236,,,,,,,,,,,,2100,2100,2162.5,2185,2275,2250,2425,2297.5,2500,2272.5,2197.5,2000,2097.5,2000,2100,2200,2200,2300,2250,2200,2300,2395,2325,2350,2350,2295,2375,2400,2500,2400,2250,2270,2195,2350,2450,2500,2450,2400,2400,2400,2400,2572.5,2550,2550,2600,2595,2550,2495,2495,2500,2495,2500,2500,2550,2600,2500,2595,2500,2525,2462.5,2450,2400,2600,2750,2600,2597.5,2697.5,2725,2822.5,2625,2600,2600,2525,2600,2550,2747.5,2885,2700,2725,2867.5,2900,2895,2850,2850,2800,2850,2800,2800,2800,2850,2900,2887.5,2890,2850,2800,2795,2795,2950
"Hampton","VA","Virginia Beach-Norfolk-Newport News","Hampton City",237,,1150,1085,1100,1100,1100,1095,1150,1097.5,1100,1197.5,1100,1000,1000,1075,1150,1150,1150,1095,1035,1000,997.5,995,1000,1050,1050,1095,1000,1000,1036,1050,1000,1000,1000,1000,975,975,975,977.5,1000,1050,1050,1095,1095,1095,1100,1000,1095,1050,1050,1067.5,1100,1150,1175,1200,1200,1200,1150,1150,1150,1100,1100,1150,1195,1200,1195,1175,1175,1192.5,1150,1100,1100,1175,1150,1150,1200,1195,1150,1185,1150,1175,1195,1100,1199,1150,1195,1150,1100,1100,1150,1195,1150,1147,1150,1150,1150,1125,1195,1200,1200,1195,1200,1200,1200,1200,1195,1195,1150,1150
"Bellevue","WA","Seattle-Tacoma-Bellevue","King County",238,,,,,,,,,,,,,,,,,,,,,,,,,1975,1825,1872.5,1895,1972.5,1997.5,1901,1995,2000,1823.5,1695,1700,1850,1800,1750,1887.5,2195,2195,2250,2300,2200,2195,2195,2300,2172.5,2200,2200,2250,2400,2400,2500,2500,2400,2395,2397.5,2300,2397.5,2300,2300,2295,2400,2495,2600,2600,2595,2499,2495,2500,2500,2495,2495,2500,2500,2650,2692.5,2700,2500,2500,2450,2500,2500,2600,2650,2900,2800,3000,2995,2850,2795,2700,2695,2695,2695,2600,2700,2792.5,2950,2950,2895,2800,2700,2675,2680,2700,2800
"Inglewood","CA","Los Angeles-Long Beach-Anaheim","Los Angeles County",239,,,,,,,,,,,,,,,,,,,,,,,,,,,,,,,,,,,,,,,,,,,,,,,,,,,,,,,,,,,,,,,,,,,,,,,,,,,,,,,,,,,,,,,,,,,,,,,,,2375,2500,2472.5,2567.5,2497.5,2500,2500,2750,2500,2397.5,2347.5,2312.5,2445
"West Valley City","UT","Salt Lake City","Salt Lake County",240,,,,,,,,,,,,,,,,,,,,,,,,,,,,,,,,,,,,,,,,,,,,,,,,,,,,,,,,,,,,,,,,,,,,,,,,,,,,,,1395,1350,1425,1315,1300,1400,1295,1295,1437.5,1425,1400,1395,1350,1362.5,1395,1450,1425,1450,1450,1372.5,1450,1425,1475,1450,1400,1495,1495,1450,1445,1350,1350,1395
"Olathe","KS","Kansas City","Johnson County",241,,,,,,,,,,,,,,,,,,,,,1495,1375,1425,1450,1450,1495,1400,1450,1495,1495,1495,1450,1450,1400,1425,1350,1425,1412.5,1400,1475,1495,1550,1300,1395,1354.5,1395,1450,1450,1375,1337.5,1395,1450,1495,1550,1599,1495,1400,1495,1495,1495,1472.5,1450,1495,1549.5,1500,1495,1597,1572,1495,1495,1495,1495,1450,1400,1475,1395,1495,1575,1450,1485,1500,1425,1472.5,1645,1495,1495,1570,1599,1625,1600,1637.5,1597,1500,1495,1495,1495,1495,1475,1595,1595,1595,1650,1695,1650,1612.5,1600,1620,1597.5,1550
"Warren","MI","Detroit-Warren-Dearborn","Macomb County",242,,,,,,,,,,,850,825,817.5,800,800,797.5,800,798,795,775,760,775,780,775,775,775,775,785,800,800,800,800,800,775,770,775,775,795,800,800,800,800,800,800,800,800,800,825,800,800,800,800,840,835,850,850,850,850,825,850,825,825,850,825,850,850,850,850,850,850,850,850,850,850,900,918,885,900,875,900,900,850,870,850,875,850,899,900,900,875,935,937.5,950,925,900,895,900,900,925,985,975,975,975,950,975,997,1000,950,950
"Miramar","FL","Miami-Fort Lauderdale-West Palm Beach","Broward County",243,,,,2100,1975,2000,2200,1995,1900,1700,1700,1800,1700,1700,1700,1750,1750,1850,1762.5,1800,1750,1700,1600,1650,1600,1600,1600,1625,1600,1600,1600,1650,1600,1650,1650,1670,1700,1650,1650,1700,1700,1750,1750,1750,1750,1750,1795,1790,1750,1750,1750,1750,1800,1795,1800,1750,1750,1795,1750,1797,1800,1750,1750,1800,1800,1800,1810,1875,1850,1825,1800,1800,1850,1900,1900,1975,1900,2000,1850,1800,1850,1900,1900,1800,1850,1975,1950,1950,1900,1934,1900,1900,1900,1950,1900,1900,1950,1950,1950,1950,1932.5,1950,1950,1900,1928,1900,1900,1947,1950
"Thornton","CO","Denver-Aurora-Lakewood","Adams County",244,,,,,,,,,,,,,,,,,,1295,1220,1250,1199,1312.5,1350,1295,1250,1250,1295,1250,1250,1250,1343,1395,1350,1350,1337,1350,1300,1300,1450,1450,1300,1295,1450,1450,1485,1495,1500,1550,1550,1500,1495,1495,1497.5,1500,1525,1545,1650,1650,1650,1650,1650,1787,1795,1697,1650,1625,1695,1700,1740,1762.5,1750,1759.5,1797,1769,1700,1720,1695,1800,1895,1662.5,1695,1695,1675,1695,1750,1850,1850,1899.5,1899.5,1850,1885,1850,1850,1825,1850,1850,1895,1900,1900,1900,1950,2000,1950,1995,1995,1907,1950,1950,1995
"Abilene","TX","Abilene","Taylor County",245,,,,,,,,,,,,,,,,,,,885,850,895,825,850,799.5,795,775,862.5,895,762.5,885,925,799,795,750,750,725,750,800,737.5,850,895,850,850,850,800,850,800,800,837.5,850,850,850,850,900,912.5,900,950,950,950,895,900,895,975,950,950,999.5,1000,995,980,995,975,995,995,1000,1095,1095,995,957.5,1000,929,1060,995,995,995,1050,1025,925,1000,1050,1050,1000,975,950,900,925,950,975,995,1050,995,1095,1100,1100,1095,1095,1050,995,925,925
"Billings","MT","Billings","Yellowstone County",246,,,,,,,,,,,,,,,,,,,,,,,,,,,,,,,,,,,,,,,,,,,,,,,,,,,,,,,,1000,995,995,995,925,995,950,900,950,900,995,995,1000,1000,990,950,995,1095,1045,1035,995,995,995,962.5,945,995,985,1025,1075,1050,1050,1025,1095,1095,1097.5,1122.5,1100,1095,1100,1010,995,945,995,1050,1025,1095,1150,1195,1200,1075,1150,1112.5,1137.5,1150
"Concord","CA","San Francisco-Oakland-Hayward","Contra Costa County",247,,,,,,,,,,,,,,,,,,,,,,,,,,,,,,,,,,,,,,,,,,,,,,,,,,,,,,,,,,,,,,,,,,,,,,,,,,,,,,,,,2400,2450,2197.5,2325,2300,2325,2325,2400,2500,2525,2500,2500,2562.5,2500,2495,2495,2400,2250,2350,2500,2500,2700,2625,2500,2500,2525,2600,2685,2650
"Ramapo","NY","New York-Newark-Jersey City","Rockland County",248,,,,,,,,,,,,,,,,,,,,,,,,,,,,,,,,,,,,,,,,,,,,,,,,,,,,,,,,,,,,,,,,,,,,,,,,,,,,,,,,,,,,,,,,,,,,,2800,2500,2500,2500,2500,2500,2500,2500,2500,2750,2687.5,2675,2500,2500,2700,2850,2800
"Bloomington","IN","Bloomington","Monroe County",249,,,,,,,,,,,,,,,,,,,,,,,,,,,,,,,,,,,,,,,,,,,,,,,,,,,,,,,,,,,,,,,,,,,,,,,1075,995,995,992.5,1050,1075,995,1095,1125,1200,1085,1100,1200,1200,1200,1100,1125,1150,1175,1200,1200,1195,1250,1300,1200,1200,1150,1150,1200,1225,1200,1220,1200,1200,1250,1238.5,1295,1250,1265
"Boulder","CO","Boulder","Boulder County",250,,,,,,,,,,,,,,,,,,,,,,,,,,,,,,,,,1995,2195,2400,2200,2250,2175,1795,1875,1995,1795,1900,1862.5,2100,2250,2550,2285,2250,2250,2200,2150,1962.5,1882.5,1950,1995,2000,1995,2195,2350,2300,2195,2072.5,2000,1975,2100,2150,2400,2300,2350,2275,2250,2397.5,2300,2397.5,2395,2297.5,2162.5,2200,2100,2150,2050,2300,1995,2250,2250,2190,2200,2200,2100,2197.5,2192.5,2150,2300,2395,2400,2390,2400,2400,2400,2350,2345,2300,2262.5,2400,2495,2400,2300,2325
"Sterling Heights","MI","Detroit-Warren-Dearborn","Macomb County",251,,,,,,,,,,,,,,1200,1200,1195,1147.5,1300,1225,1250,1200,1200,1125,1137.5,1200,1262.5,1200,1200,1200,1185,1195,1200,1200,1200,1200,1250,1250,1200,1200,1200,1200,1250,1215,1250,1250,1287.5,1295,1250,1287.5,1200,1200,1295,1300,1300,1280,1300,1300,1300,1250,1300,1350,1300,1300,1300,1297.5,1300,1350,1275,1300,1350,1375,1325,1350,1350,1350,1300,1295,1300,1400,1325,1295,1350,1300,1300,1300,1300,1350,1397,1350,1325,1350,1400,1335,1335,1300,1299.5,1280,1295,1350,1400,1375,1400,1350,1350,1350,1350,1300,1397,1400
"Saginaw","MI","Saginaw","Saginaw County",252,,,,,,,,,,,,,,,,,,,,,,,,,,,,,,,,,,,,,,,,,,,,,,,,,,,,,,,,,,,,,,,,,,,,,,,,,,,,,,,,,,,,,,,,,,,,,699.5,657.5,685,775,700,650,650,685,650,650,650,725,747.5,700,739,700,700
"Beaverton","OR","Portland-Vancouver-Hillsboro","Washington County",253,,,,,,,,,,,,,,,,,,,1250,1245,1295,1250,1295,1295,1295,1295,1295,1249.5,1295,1297,1299.5,1297,1250,1295,1250,1200,1195,1195,1195,1249,1295,1295,1295,1295,1295,1300,1350,1372.5,1300,1300,1345,1350,1395,1395,1395,1395,1445,1425,1425,1450,1425,1395,1395,1425,1495,1495,1577,1595,1575,1595,1545,1550,1595,1557.5,1595,1550,1595,1595,1650,1695,1695,1624.5,1650,1595,1650,1650,1650,1657.5,1700,1750,1750,1750,1790,1750,1699,1696.5,1695,1700,1750,1795,1795,1795,1795,1795,1795,1795,1750,1747.5,1760
"Carrollton","TX","Dallas-Fort Worth-Arlington","Denton County",254,,,,,,,,,,,,,,,,,,,,,,,,,,,,,1350,1425,1395,1439,1432,1400,1450,1395,1397,1400,1350,1395,1350,1400,1425,1400,1450,1599.5,1595,1595,1557.5,1500,1500,1500,1650,1600,1612.5,1650,1650,1650,1650,1650,1675,1695,1700,1697.5,1700,1695,1650,1695,1650,1650,1650,1670,1750,1700,1750,1695,1700,1695,1795,1800,1750,1750,1795,1797.5,1700,1700,1715,1795,1895,1895,1850,1800,1847.5,1800,1795,1750,1792.5,1800,1800,1850,1850,1885,1875,1850,1850,1892.5,1850,1825,1850
"Coral Springs","FL","Miami-Fort Lauderdale-West Palm Beach","Broward County",255,,,,,,,,,,1175,1199,1025,1195,1200,1262.5,1300,1330,1395,1400,1399.5,1400,1347,1392.5,1325,1250,1350,1400,1350,1375,1550,1450,1500,1350,1300,1300,1300,1350,1395,1395,1350,1350,1350,1432.5,1500,1600,1650,1700,1700,1600,1600,1550,1595,1550,1550,1500,1400,1499,1425,1450,1450,1550,1450,1600,1699.5,1725,1600,1650,1650,1600,1600,1625,1600,1600,1650,1625,1600,1612.5,1800,1650,1600,1550,1598,1599,1600,1600,1600,1600,1600,1550,1550,1625,1600,1600,1600,1600,1495,1510,1600,1600,1645,1650,1650,1675,1725,1700,1700,1750,1650,1685
"Thousand Oaks","CA","Oxnard-Thousand Oaks-Ventura","Ventura County",256,,,,,,,,,,,,,,,2700,2600,2675,2600,2700,2500,2550,2600,2600,2650,2575,2550,2550,2550,2500,2600,2600,2700,2650,2600,2500,2597.5,2600,2595,2595,2500,2595,2695,2700,2795,2800,2800,2750,2725,2772.5,2795,2795,2750,2700,2650,2800,2800,2800,2850,2925,2950,2925,2850,2950,3000,3199.5,3100,3097.5,3150,3150,2975,2900,2950,2999.5,2950,2850,2925,3100,3175,3150,2950,2950,2800,3050,2950,2975,3000,3000,3200,3295,3397.5,3265,3200,3100,3000,3000,3000,3100,3100,3100,3200,3300,3400,3250,3277,3300,3250,3400,3400,3300
"Victorville","CA","Riverside-San Bernardino-Ontario","San Bernardino County",257,,,,,,,,,,,,,1200,1195,1200,1195,1200,1195,1250,1200,1200,1195,1195,1150,1150,1150,1175,1200,1200,1195,1195,1150,1100,1132,1132,1100,1100,1100,1150,1150,1150,1175,1195,1195,1195,1195,1159,1195,1150,1150,1150,1195,1200,1200,1195,1200,1200,1200,1195,1200,1200,1200,1200,1200,1250,1250,1250,1250,1250,1250,1250,1250,1250,1200,1250,1200,1200,1250,1225,1250,1200,1295,1250,1250,1300,1340,1300,1295,1300,1375,1395,1390,1350,1392.5,1350,1395,1395,1395,1362.5,1350,1400,1395,1400,1400,1450,1450,1495,1450,1450
"Roseville","CA","Sacramento--Roseville--Arden-Arcade","Placer County",258,,,,,,,,,,,,,,,,,,,,1497.5,1500,1500,1550,1497.5,1495,1495,1525,1575,1550,1595,1595,1550,1595,1600,1595,1600,1595,1595,1595,1595,1595,1595,1645,1595,1675,1695,1685,1650,1650,1649.5,1630,1600,1695,1725,1745,1750,1795,1775,1750,1795,1762.5,1750,1725,1750,1795,1797.5,1795,1825,1850,1795,1795,1795,1812.5,1795,1795,1795,1795,1875,1849.5,1895,1987.5,1850,1895,1900,1995,1995,1937.5,2000,2000,2095,2100,2000,2042,2000,2000,1995,1995,2150,2122.5,2100,2145,2195,2195,2195,2100,2095,2170,2100,2095
"Surprise","AZ","Phoenix-Mesa-Scottsdale","Maricopa County",259,,,1050,1050,1072.5,1000,1000,995,997,995,995,995,999,1049.5,1050,1087.5,1050,1050,1025,1050,1000,1050,1075,1050,1050,1060,1050,1050,1075,1075,1050,1020,1000,1025,1000,1012.5,1025,1050,1050,1075,1095,1095,1075,1050,1050,1050,1045,1040,1025,1025,1049.5,1050,1100,1095,1095,1092.5,1099.5,1100,1145,1100,1100,1150,1120,1125,1150,1175,1150,1150,1150,1150,1195,1190,1195,1199.5,1200,1200,1195,1200,1219,1199.5,1195,1195,1199,1195,1200,1250,1295,1300,1300,1300,1300,1295,1300,1295,1295,1295,1295,1300,1350,1350,1395,1350,1395,1395,1395,1395,1395,1395,1395
"New Haven","CT","New Haven-Milford","New Haven County",260,,,,,,,,,,,,,,,,,,,,,,,,,,,,,,,,,,,,,,,,,,,,,,,,,,,,,,,,,,,,,,,,,,,,,,,,,,,,,,,,,1500,1447.5,1400,1500,1400,1425,1500,1572.5,1500,1550,1595,1500,1550,1550,1525,1500,1500,1500,1500,1500,1595,1600,1500,1500,1450,1450,1400,1400,1400
"Simi Valley","CA","Oxnard-Thousand Oaks-Ventura","Ventura County",261,,,,,,,,,,,,,,2297.5,2295,2350,2395,2372.5,2250,2200,2200,2250,2197.5,2197.5,2200,2395,2295,2200,2250,2350,2350,2295,2250,2200,2200,2262.5,2300,2300,2300,2300,2300,2400,2450,2372.5,2400,2425,2299,2300,2350,2350,2362.5,2395,2400,2450,2300,2397.5,2400,2350,2300,2300,2297.5,2325,2400,2500,2462.5,2475,2500,2600,2500,2500,2525,2562.5,2595,2600,2575,2600,2600,2400,2462.5,2550,2600,2600,2595,2600,2500,2500,2625,2650,2672.5,2678,2797.5,2750,2750,2750,2700,2700,2650,2700,2700,2750,2675,2850,2785,2850,2795,2825,2850,2850,2850
"Waco","TX","Waco","McLennan County",262,,,,,,,,,,,,,,,,,,,,,,,,,,,,,,,,,,,,,,,,,,,,,,,,,,,,,,,,,,,,,,,,,,,,,,,,,,,,,,,,,,,950,997.5,925,995,1085,1100,1050,1095,1075,1050,995,1100,1100,1225,1150,1195,1225,1395,1325,1295,1295,1125,1195,1195,1200,1125,1100
"Stamford","CT","Bridgeport-Stamford-Norwalk","Fairfield County",263,,,,,,2108.5,2425,2250,1964,1877.5,1850,1964,2100,2150,2145,2170,2190,2225,2200,2250,2250,2250,2200,2400,2250,2250,2200,2200,2175,2175,2250,2100,2250,2197.5,2225,2000,2000,1950,2195,2300,2250,2200,2100,2200,2350,2387.5,2375,2500,2350,2300,2195,2195,2250,2275,2300,2400,2400,2400,2350,2400,2300,2300,2299.5,2295,2295,2200,2200,2262.5,2300,2300,2300,2250,2300,2300,2272.5,2300,2450,2500,2300,2395,2372.5,2400,2222.5,2312.5,2195,2200,2250,2200,2250,2300,2350,2500,2400,2250,2245,2200,2250,2245,2200,2200,2325,2350,2375,2400,2475,2395,2377.5,2300,2250
"Pearland","TX","Houston-The Woodlands-Sugar Land","Brazoria County",264,,,,,,,,,,,,,,,,,,,,,,,,,,,,,,,,,,,,,,,,,,,,,,,1700,1650,1700,1700,1700,1700,1800,1850,1850,1900,1900,1937,1900,1859,1900,1882,1950,1950,1900,1950,1950,1950,2000,1900,1900,1900,1862.5,1895,1950,1995,1995,1950,1950,1950,1950,1872.5,1897.5,1900,1900,1895,1895,1895,1890,1895,1895,1850,1895,1900,1850,1850,1850,1850,1850,1900,1900,1900,1900,1895,1875,1850,1850,1895,1895
"Denton","TX","Dallas-Fort Worth-Arlington","Denton County",265,,,,,,,,,,,,,,1225,1250,1250,1250,1250,1300,1300,1272.5,1200,1250,1250,1262.5,1295,1250,1212.5,1250,1250,1300,1300,1295,1285,1250,1250,1250,1150,1225,1200,1212.5,1275,1350,1295,1325,1300,1350,1350,1350,1350,1350,1375,1350,1350,1395,1395,1350,1450,1450,1450,1450,1450,1450,1475,1375,1400,1450,1450,1450,1450,1432,1450,1495,1500,1495,1495,1450,1450,1497.5,1495,1450,1400,1450,1450,1499,1500,1550,1550,1550,1550,1550,1510,1500,1500,1500,1500,1500,1550,1595,1590,1600,1600,1650,1600,1597,1575,1550,1595,1599
"Gainesville","GA","Gainesville","Hall County",266,,,,,,,,,,,,,,,,,,,,1000,1012.5,1000,1062.5,997.5,1037.5,1095,1050,1150,1125,997.5,1000,1100,1095,1050,1025,1095,1100,950,1000,1000,1025,1050,1025,980,1000,1075,1050,1037.5,1037.5,1050,1050,1050,1062.5,1050,1095,1100,1150,1100,1080,1100,1125,1100,1100,1200,1158,1150,1113,1200,1255,1250,1271,1200,1200,1200,1250,1192.5,1300,1234.5,1287.5,1300,1200,1172.5,1212.5,1200,1300,1300,1309.5,1390,1350,1350,1359.5,1400,1400,1397.5,1300,1325,1325,1337.5,1412.5,1350,1445,1400,1425,1500,1500,1487.5,1500,1487.5,1500
"Allentown","PA","Allentown-Bethlehem-Easton","Lehigh County",267,,,,,,,,,,,,,1000,995,987.5,1000,1107,1097.5,1100,1000,995,990,975,937.5,925,995,1012.5,975,925,995,995,950,950,995,1000,995,1050,1000,1000,1050,1000,1072.5,995,975,1000,1025,1095,1050,1050,1075,1075,1097.5,1100,1095,1000,1075,1095,1100,1150,1100,1100,1100,1100,1175,1100,1195,1195,1100,1075,1075,1100,1050,1100,1075,1100,1100,1100,1125,1100,1100,1099,1150,1000,1050,1125,1175,1195,1100,1100,1100,1100,1150,1150,1100,1150,1100,1150,1195,1200,1200,1250,1200,1197.5,1200,1200,1197.5,1195,1195,1250
"Lake Charles","LA","Lake Charles","Calcasieu Parish",268,,,,,,,,,,,,,,,,,,,,,,,,,,,,,,,,,,,,,,,,,,,,,,,,,,,,,,,,,,,,,,,,,,,,,1242.5,1200,1200,1195,1150,1150,1200,1225,1295,1150,1100,1295,1187.5,1150,1250,1200,1225,1250,1200,1350,1350,1395,1325,1350,1400,1350,1350,1225,1250,1250,1300,1400,1362.5,1250,1300,1395,1300,1300,1362.5,1300,1295
"Frederick","MD","Washington-Arlington-Alexandria","Frederick County",269,,,,,,,,,1500,1475,1400,1500,1587.5,1600,1599.5,1600,1600,1600,1599.5,1550,1600,1500,1450,1550,1550,1525,1599,1687.5,1597.5,1550,1550,1575,1550,1575,1500,1550,1550,1500,1500,1600,1650,1650,1650,1585,1510,1530,1517,1550,1550,1550,1575,1550,1612.5,1650,1650,1692.5,1650,1600,1600,1587.5,1625,1600,1599.5,1600,1695,1695,1695,1600,1600,1550,1550,1595,1575,1550,1550,1595,1672.5,1595,1597.5,1650,1600,1600,1600,1600,1500,1600,1600,1650,1650,1650,1650,1600,1599.5,1595,1585,1575,1550,1600,1650,1700,1750,1750,1725,1700,1700,1699,1700,1695,1685
"Flint","MI","Flint","Genesee County",270,,,,,,,,,,,,,,,,,,,,,,,,,,,,,,,,,,,,,,,,,,,,,,,,,,,,,,,,,,,,525,550,550,550,550,550,530,525,575,575,550,575,575,575,575,600,600,575,600,600,600,600,587.5,650,602.5,600,625,637.5,650,637.5,600,650,600,650,650,650,650,625,610,600,600,600,625,640,650,650,650,650,650,650
"Hartford","CT","Hartford-West Hartford-East Hartford","Hartford County",271,,,,,,,,,,,,,,,,,,,,,,,,,,,,,,,,,,,,,,,,,,,,,,,1100,1050,1026,1001,850,887.5,850,950,975,900,900,950,980,987.5,995,995,1000,995,987.5,1000,1000,1000,1026,1100,1050,1000,1000,1150,1195,1200,1225,1200,1075,1000,1026,1150,1150,1050,1100,1200,1200,1200,1200,1200,1190,1200,1200,1200,1200,1150,1150,1100,1125,1150,1150,1150,1180,1150,1125,1050,1000,1100,1050
"Murrieta","CA","Riverside-San Bernardino-Ontario","Riverside County",272,,,,,,,,,,,,,1772.5,1750,1695,1700,1795,1795,1795,1750,1750,1750,1699.5,1695,1695,1700,1700,1695,1695,1700,1700,1700,1700,1700,1700,1750,1795,1785,1775,1760,1812.5,1850,1800,1795,1795,1775,1775,1795,1775,1795,1795,1775,1754,1795,1800,1800,1800,1812.5,1800,1850,1838,1850,1850,1875,1897.5,1850,1850,1850,1850,1850,1895,1895,1850,1895,1885,1850,1895,1895,1895,1850,1895,1850,1895,1895,1900,1975,2000,1950,1995,2000,2000,1995,1995,2000,2000,2047.5,2050,2095,2100,2150,2150,2195,2200,2200,2199,2185,2122.5,2150,2199
"Temecula","CA","Riverside-San Bernardino-Ontario","Riverside County",273,,,,,,,,,,,,,1897.5,1800,1800,1850,1900,2000,1900,1895,1875,1875,1850,1800,1800,1799,1850,1800,1800,1825,1850,1850,1850,1850,1850,1850,1850,1829,1800,1800,1882.5,1900,1899,1895,1875,1850,1885,1895,1895,1850,1850,1850,1895,1950,1950,1950,1900,1950,1900,1895,1899,1895,1900,1995,1900,1900,1900,1950,1995,1950,1995,1950,1965,1950,1950,1912.5,1995,2000,2020,1950,2025,1995,1995,2000,2050,2100,2100,2150,2150,2195,2200,2200,2200,2195,2195,2199.5,2197,2200,2200,2200,2250,2295,2300,2290,2250,2250,2272.5,2200,2250
"Hemet","CA","Riverside-San Bernardino-Ontario","Riverside County",274,,,,,,,,,,,,,995,1050,1100,1100,1200,1300,1285,1222.5,1172.5,1195,1150,1150,1100,1150,1200,1150,1122.5,1150,1100,1100,1100,1150,1195,1150,1150,1162.5,1175,1150,1150,1195,1195,1195,1200,1200,1195,1200,1225,1200,1195,1195,1250,1200,1200,1250,1262.5,1250,1250,1250,1225,1225,1250,1250,1275,1250,1250,1250,1250,1250,1250,1295,1295,1300,1300,1272.5,1297.5,1300,1295,1295,1275,1250,1295,1295,1380,1362.5,1350,1350,1337.5,1350,1350,1350,1350,1350,1399.5,1395,1350,1375,1450,1395,1450,1437.5,1450,1395,1490,1475,1395,1450,1495
"Joliet","IL","Chicago-Naperville-Elgin","Will County",275,,,,,,,,,,,,,,,,,,,,,,,,,895,997,995,1045,1100,1000,1100,1095,1095,1095,1045,999.5,1000,1100,1199,1300,1250,1200,1072.5,1122.5,1200,1237.5,1200,1250,1275,1300,1250,1250,1350,1325,1300,1250,1250,1350,1300,1250,1295,1372.5,1400,1400,1300,1300,1300,1267.5,1300,1347.5,1300,1300,1250,1275,1300,1297.5,1300,1300,1325,1300,1250,1200,1250,1250,1219.5,1300,1335,1285,1400,1449,1325,1325,1345,1295,1250,1200,1200,1300,1395,1400,1400,1400,1400,1375,1385,1300,1350,1400,1400
"Springfield","IL","Springfield","Sangamon County",276,,,,,,,,,,,,,,,,,,,,,,,,,,,,,,,,,,,,,,,,,,,,,,,,,,,,,,,,,,,,,,,,,,,,,,,,,,,,,,,,797.5,850,875,895,812.5,850,850,900,975,975,950,900,900,900,875,850,875,875,895,900,895,900,850,850,850,850,850,850,850,850
"Vallejo","CA","Vallejo-Fairfield","Solano County",277,,,,,,,,,,,,,,,,,,,,,,,,,,,,,,,,,,,,,,,,,,,,,,,,,,,,,,,,,,,,,,,,,,,,,,,,,,,,,,,,,,,,,,,,,,,,,,1977.5,2000,2000,2000,2000,2083,2100,2035,2091,2000,2100,2100,2095,2150,2147.5,2162.5
"Santa Clara","CA","San Jose-Sunnyvale-Santa Clara","Santa Clara County",278,,,,,,,,,,,,,,,,,,,,,,,,,,,,,,,,,,,,,,,,,,2695,2595,2335,2550,2775,2800,2800,2800,2800,2772.5,2772.5,2895,3000,2997.5,3000,3000,2995,2900,2976,2900,3047.5,2997.5,2937.5,3200,3250,3197.5,3195,3400,3325,3295,3295,3300,3200,3250,2970,3197.5,3225,3495,3100,3250,3195,3100,3170,3295,3250,3295,3300,3395,3425,3600,3500,3372.5,3285,3250,3300,3395,3450,3400,3537.5,3600,3785,3700,3595,3500,3450,3495,3400,3450
"Amherst","NY","Buffalo-Cheektowaga-Niagara Falls","Erie County",279,,,,,,,,,,,,,,,,,,,,,,,,,,,,,,,,,,,,,,,,,,,,,,,,,,,,,,,,,,,,,,,,,,,,,,,,,,,,,,,,,,,,,1400,1425,1395,1400,1450,1450,1400,1452.5,1500,1500,1399.5,1400,1495,1495,1500,1500,1500,1500,1700,1600,1500,1575,1660,1500,1625
"Athens","GA","Athens-Clarke County","Clarke County",280,,,,,,,,,,,,,,,,900,900,900,900,900,900,897.5,900,890,940,950,900,900,892.5,820,850,800,800,850,850,800,875,850,850,820,840,850,850,800,832.5,900,947.5,950,950,950,975,975,950,975,975,950,975,1000,1050,1150,1100,1100,1100,1035,1000,975,995,1000,1000,1100,1200,1130,1100,1065,1100,1140,1100,1100,1045,1022.5,1000,1100,1200,1155,1095,1100,1100,1100,1195,1150,1200,1200,1200,1200,1200,1200,1200,1200,1200,1200,1200,1250,1200,1200,1200,1350,1335,1300,1300
"Cedar Rapids","IA","Cedar Rapids","Linn County",281,,,,,,,,,,,,,,,,,,,,,,,,,,,,,,,,,,,,,,,,,,,,,,,,,,,,,,,,,,,,,,,,,,,,,,,,,,,,,,,950,1000,1050,950,950,1000,950,980,995,1007.5,1007.5,1025,1000,995,995,995,995,1000,1000,982.5,995,975,1000,1000,1001,1000,995,995,1000,975,995
"Falls Church","VA","Washington-Arlington-Alexandria","Fairfax County",282,,,1775,1850,1850,1775,1890,2200,2000,1712.5,1650,1870,1800,1779.5,1800,1800,2000,2000,2000,2100,2000,2000,1995.5,1972.5,1825,1800,1800,2000,2197,2200,2100,2000,2000,1996,1995,1912.5,1950,2000,2000,2150,2025,2050,1996,2050,2095,2085,2100,2150,2000,2000,1962.5,2000,2200,2200,2200,2200,2150,2000,2095,2100,2000,2040,2047.5,2025,2250,2295,2295,2295,2185,2150,2150,2097.5,2000,2000,2100,2200,2395,2200,2200,2400,2295,2200,2265,2000,2250,2200,2270,2200,2300,2450,2400,2300,2150,2125,2090,2150,2177,2250,2200,2295,2500,2500,2500,2400,2250,2350,2395,2300,2100
"Norman","OK","Oklahoma City","Cleveland County",283,,,,,,,,,,,,,,,,,,,,,,,,,,,,,,,,,,995,1000,900,900,1000,1075,1097.5,1074,975,925,980,950,1095,1150,1100,1000,1100,1100,1150,1150,1150,1100,1100,1170,1125,1150,1100,1160,1175,1195,1195,1185,1177.5,1150,1097.5,1050,1025,1045,1075,1100,1150,1190,1185,1195,1095,1100,1050,1000,1025,1000,1095,995,1045,1100,1150,1150,1150,1125,1095,1050,1000,1045,1082.5,1095,1100,1150,1150,1100,1090,1095,1095,1050,1050,1057.5,1050,1075
"Nampa","ID","Boise City","Canyon County",284,,,,,,,,,,,,,,,,,800,795,795,750,750,750,725,725,725,750,695,712.5,750,750,750,750,725,725,750,775,775,720,697.5,695,775,825,825,800,825,825,825,825,840,825,850,850,895,875,875,875,895,900,875,850,875,895,900,862.5,895,925,900,895,925,895,900,895,900,895,920,925,967.5,925,950,950,925,950,930,925,970,950,950,950,1025,1095,1100,1097.5,1050,1050,1100,1025,1050,1000,1100,1175,1212.5,1225,1195,1195,1200,1200,1200,1195,1150
"Westminster","CO","Denver-Aurora-Lakewood","Adams County",285,,,,,,,,,,,,,,,,,,1300,1295,1250,1095,1197.5,1290,1250,1250,1295,1272.5,1450,1395,1350,1295,1275,1350,1300,1362.5,1325,1300,1200,1295,1400,1200,1200,1395,1350,1377.5,1360,1395,1495,1500,1495,1425,1437.5,1300,1495,1450,1500,1500,1675,1597.5,1450,1400,1495,1597.5,1600,1650,1699,1575,1685,1700,1695,1750,1697.5,1695,1742.5,1730,1765,1787.5,1895,1695,1895,1750,1695,1795,1795,1800,1850,1800,1825,1850,1907.5,1900,1900,1855,1800,1860,1800,1842.5,1850,1900,1950,1985,1905,1900,1925,1995,1975,1995,2000,1995
"Clovis","CA","Fresno","Fresno County",286,,,,,,,,,,,,,,,,,,,,,,,,,,,,,,,1137.5,1250,1300,1295,1350,1300,1350,1250,1350,1325,1250,1250,1250,1195,1295,1385,1337.5,1350,1350,1300,1350,1350,1350,1395,1412.5,1495,1400,1370,1395,1395,1495,1495,1400,1495,1495,1400,1495,1495,1450,1450,1495,1495,1495,1495,1572.5,1500,1500,1595,1475,1475,1495,1600,1525,1650,1550,1600,1595,1585,1620,1600,1650,1637.5,1600,1595,1600,1612.5,1650,1600,1662.5,1650,1695,1700,1695,1662.5,1670,1695,1695,1697.5,1700
"Richmond","CA","San Francisco-Oakland-Hayward","Contra Costa County",287,,,,,,,,,,,,,,,,,,,,,,,,,,,,,,,,,,,,,,,,,,,,,,,,,,,,,,,,,,,,,,,,,,2000,2150,2100,2000,2100,2250,2225,2300,2295,2195,2195,2400,2500,2395,2400,2400,2400,2300,2400,2300,2400,2500,2400,2600,2475,2500,2500,2650,2600,2500,2572.5,2600,2500,2500,2500,2600,2650,2775,2700,2700,2700,2700,2600,2600
"Stone Mountain","GA","Atlanta-Sandy Springs-Roswell","Dekalb County",288,,,,,,,,,,,,,950,962.5,950,950,950,950,995,950,950,950,950,950,950,950,950,950,950,950,950,950,950,925,900,900,925,900,925,950,950,950,950,950,950,950,950,950,950,950,950,950,975,975,950,950,950,975,950,972.5,950,950,985,995,995,1000,995,1000,995,975,987,995,995,1000,1000,1025,1050,1050,1025,1012.5,1050,1050,1050,1027,1075,1075,1100,1100,1095,1100,1127,1120,1100,1100,1105,1102,1150,1150,1150,1175,1200,1200,1200,1250,1190,1195,1200,1200,1200
"Summerville","SC","Charleston-North Charleston","Dorchester County",289,,,,,,,,,,,,,1000,1100,1100,1125,1245,1197.5,1125,1150,1100,1150,1150,1032.5,1150,1195,1150,1200,1250,1200,1200,1250,1295,1300,1250,1167.5,1187.5,1200,1175,1200,1250,1200,1197.5,1167.5,1225,1250,1225,1225,1250,1200,1200,1200,1300,1275,1250,1250,1250,1250,1250,1262.5,1250,1275,1325,1350,1350,1395,1400,1400,1375,1395,1350,1350,1250,1250,1295,1300,1350,1392.5,1350,1400,1375,1285,1350,1277.5,1425,1400,1375,1450,1475,1475,1450,1450,1450,1450,1400,1425,1450,1450,1497.5,1550,1550,1545,1500,1495,1475,1500,1500,1500,1500
"Vista","CA","San Diego-Carlsbad","San Diego County",290,,,,,,,,,,,,,,,,,,1895,1850,1850,1850,2000,1895,1937.5,1832.5,1733,1800,1695,1750,1850,1850,1825,1812.5,1800,1800,1800,1750,1700,1750,1695,1695,1695,1722.5,1695,1900,2012.5,2147,2148.5,1972.5,1925,1950,1949,1950,1972.5,2125,2172.5,2125,2175,2247.5,2125,2075,2225,2295,2172.5,2250,2325,2150,2167.5,2150,2197.5,2050,2050,2100,2100,2200,2297.5,2337.5,2250,2297.5,1995,2300,2197.5,2150,1995,2195,2295,2300,2300,2275,2400,2450,2450,2300,2400,2495,2450,2495,2400,2495,2400,2450,2672,2550,2500,2500,2495,2500,2497.5,2500
"Broken Arrow","OK","Tulsa","Tulsa County",291,,,,,,,,,,,,,,,,,,,,,,,,,,,1285,1100,1000,1000,1145,1250,1275,1300,1337.5,1195,1200,1250,1299,1225,1300,1250,1250,1325,1250,1250,1250,1295,1295,1295,1262.5,1250,1295,1300,1300,1325,1350,1350,1295,1295,1250,1300,1325,1350,1300,1300,1250,1350,1295,1250,1250,1250,1295,1300,1295,1347.5,1345,1325,1300,1200,1200,1200,1200,1250,1200,1200,1200,1250,1250,1225,1200,1200,1195,1195,1175,1195,1200,1195,1200,1200,1225,1250,1250,1250,1250,1245,1200,1275,1250
"Rochester","MN","Rochester","Olmsted County",292,,,,,,,,,,,,,,,,,,,,,,,,,,,,,,,,,,,,,,,1250,1250,1195,1195,1145,1195,1150,1100,1100,995,995,1100,1072.5,1095,1195,1200,1200,1195,1150,1100,1100,1100,1195,1195,1200,1200,1250,1195,1250,1275,1247.5,1355,1355,1300,1250,1275,1295,1350,1300,1260,1252.5,1295,1350,1200,1255,1200,1230,1250,1250,1295,1295,1295,1290,1250,1200,1195,1195,1185,1195,1200,1295,1350,1300,1350,1350,1300,1275,1295,1250,1250,1292.5
"Arvada","CO","Denver-Aurora-Lakewood","Jefferson County",293,,,,,,,,,,,,,,,,,,,,,,1395,1272.5,1195,1225,1272.5,1350,1299,1295,1385,1400,1395,1385,1300,1350,1395,1350,1300,1395,1395,1303,1349.5,1400,1300,1295,1295,1395,1375,1397.5,1400,1400,1450,1400,1450,1450,1572.5,1600,1495,1550,1525,1500,1600,1650,1795,1650,1695,1700,1795,1695,1700,1700,1700,1750,1775,1800,1755,1800,1800,1695,1965,1750,1822.5,1700,1800,1847.5,1900,1925,1872.5,1995,1997,2000,1950,1950,1935,1995,1925,1850,2000,1995,1995,2100,2000,2030,2100,2000,2000,1995,2000,1997.5
"Charlottesville","VA","Charlottesville","Albemarle County",294,,,,1025,995,1172.5,1172.5,1200,1100,1072.5,1100,1200,1225,1250,1250,1200,1297.5,1295,1275,1250,1200,1200,1200,1192.5,1200,1200,1227,1200,1255,1250,1200,1250,1250,1250,1295,1295,1200,1250,1300,1300,1325,1325,1295,1295,1350,1350,1350,1300,1265,1295,1300,1300,1325,1300,1300,1275,1295,1325,1375,1397.5,1350,1377.5,1395,1395,1300,1375,1420,1450,1425,1395,1450,1395,1400,1420,1400,1300,1375,1450,1497.5,1400,1450,1495,1500,1485,1495,1475,1500,1500,1550,1582.5,1650,1600,1575,1575,1550,1500,1500,1500,1550,1550,1595,1600,1600,1650,1795,1695,1645,1575,1600
"Independence","MO","Kansas City","Jackson County",295,,,,,,,,,,,,,,,,,,,,782.5,812.5,757.5,750,775,775,750,750,750,750,750,725,725,750,795,750,750,742.5,750,775,775,750,750,737.5,750,750,762.5,775,795,825,850,850,850,800,800,800,795,800,800,795,795,780,785,812.5,795,795,800,850,850,800,795,775,750,795,795,825,850,795,825,837.5,837.5,750,797.5,795,875,800,825,850,850,900,875,900,895,892.5,899.5,895,895,907.5,915,950,995,950,950,950,975,995,995,950,945,950
"Macon","GA","Macon-Bibb County","Bibb County",296,,,,,,,,,,,,,,,,,,,,,,,,,,,,,,,,,,,,,,,,,,,,,,,,,,,,,,795,800,800,795,750,825,850,850,830,797.5,797.5,800,850,837.5,800,795,795,837.5,795,750,750,785,760,797.5,875,800,785,795,850,795,850,793,762.5,750,750,795,772.5,795,750,775,800,799,799,750,750,737.5,737.5,767.5,795,800,800,825,830,800,800,775
"Tuscaloosa","AL","Tuscaloosa","Tuscaloosa County",297,,,,,,,,,,,,,,,,,,,,,,,,,,,,,,,,,,,,,,,,,,,,,,,,,,,,,,,,,,,,,,,,,,,,,,,,,,,,,,,,,,,,,,,,,,,,,,1350,1350,1350,1350,1295,1300,1300,1200,1200,1200,1200,1200,1400,1400,1350,1350
"Concord","NC","Charlotte-Concord-Gastonia","Cabarrus County",298,,,,,,,,,,,,,,,,,,,,,,,,,,,,,,,,,,,,,795,875,995,1125,1100,1100,1100,1125,1100,1097.5,1075,1050,1050,1095,1100,1100,1150,1100,1170,1197.5,1150,1195,1195,1200,1175,1175,1249.5,1237,1200,1200,1275,1250,1195,1225,1197.5,1190,1287.5,1300,1295,1247.5,1250,1300,1250,1262.5,1285,1250,1295,1300,1250,1277,1350,1350,1350,1350,1375,1360,1390,1375,1370,1365,1349,1370,1395,1420,1375,1369,1434,1450,1445,1400,1399,1457.5,1395
"New Port Richey","FL","Tampa-St. Petersburg-Clearwater","Pasco County",299,,,,,,,,,,,,,,999,1000,950,900,950,905,950,950,905,895,900,895,925,950,900,900,900,900,900,900,885,950,950,910,957.5,1000,1100,1195,1195,1150,1200,1150,1175,1100,1100,1050,1062.5,1050,1037.5,1100,1100,1012.5,1050,1050,1000,1025,1050,1100,1100,1150,1095,1200,1150,1150,1199.5,1195,1145,1175,1175,1150,1150,1195,1195,1150,1150,1095,1139.5,1200,1047.5,1209,1245,1249.5,1225,1200,1200,1200,1200,1175,1200,1225,1200,1200,1200,1199,1199,1247,1275,1250,1200,1200,1250,1300,1250,1200,1200,1210
"Spartanburg","SC","Spartanburg","Spartanburg County",300,,,,,,,,,,,,,,,,,,,,,,,,,,,,,,,,,,,,,,,,,,,,,,,,,,,,,,,,,,,,,,,,,,,,,,,,,,,,,,,,,,,,850,862.5,950,950,900,950,925,950,875,975,900,895,895,880,925,972.5,950,950,950,950,901,900,885,925,900,896
"Melbourne","FL","Palm Bay-Melbourne-Titusville","Brevard County",301,,950,900,875,900,900,975,1050,999,995,900,925,950,925,975,975,950,950,950,900,950,1000,995,982.5,950,950,975,1000,1050,1090,1025,1000,1000,1037.5,1012.5,1000,1000,1000,1000,1050,1050,1050,1100,1100,1150,1150,1125,1150,1150,1150,1150,1150,1150,1150,1150,1200,1200,1200,1172.5,1200,1197.5,1200,1200,1250,1250,1225,1225,1250,1250,1200,1200,1200,1292.5,1275,1300,1300,1282.5,1300,1300,1292.5,1300,1297,1350,1250,1300,1385,1400,1395,1400,1400,1450,1400,1450,1450,1483,1450,1425,1450,1450,1450,1500,1470,1499,1475,1450,1500,1495,1500,1500
"Costa Mesa","CA","Los Angeles-Long Beach-Anaheim","Orange County",302,,,,,,,,,,,,,,2350,2437.5,2400,2400,2500,2525,2300,2477.5,2425,2350,2400,2250,2225,2250,2252.5,2495,2500,2400,2420,2410,2395,2397.5,2400,2400,2395,2500,2570,2260,2230,2122.5,2500,2500,2700,2500,2597.5,2600,2600,2695,2697.5,2800,2750,2600,2695,2750,2725,2500,2645,2700,2700,2737.5,2700,2700,2800,2700,2700,2800,2922.5,2800,2800,2700,2800,2910,2697.5,2872.5,2875,2700,2900,2700,2897,2950,2790,2950,2995,2995,2999,2995,2995,2995,3050,3000,2875,2995,3050,3200,3250,3450,3000,3100,3195,3195,3147.5,3000,3025,3100,3200,3200
"Sparks","NV","Reno","Washoe County",303,,,,,,,,,,,,,,,,,1200,1195,1197.5,1200,1200,1195,1150,1200,1125,1145,1150,1125,1195,1200,1199,1195,1175,1195,1195,1195,1195,1150,1195,1150,1162.5,1150,1225,1282.5,1262.5,1295,1295,1295,1295,1295,1295,1295,1295,1295,1300,1350,1300,1345,1295,1300,1375,1375,1375,1395,1395,1400,1450,1425,1395,1395,1412.5,1395,1395,1425,1495,1425,1400,1500,1450,1500,1425,1495,1475,1500,1450,1525,1597.5,1537.5,1695,1650,1650,1650,1650,1650,1662.5,1662.5,1695,1695,1700,1750,1700,1795,1800,1800,1800,1800,1800,1799,1800
"College Station","TX","College Station-Bryan","Brazos County",304,,,,,,,,,,,,,,,1350,1450,1400,1400,1385,1295,1250,1050,1100,1095,1137.5,1250,1295,1290,1250,1250,1295,1200,1200,1197,1100,1100,1200,1260,1290,1195,1200,1200,1200,1200,1295,1299.5,1350,1395,1495,1395,1395,1395,1395,1395,1400,1400,1495,1495,1500,1500,1500,1425,1395,1500,1500,1500,1495,1450,1450,1500,1650,1700,1600,1470,1470,1485,1495,1595,1500,1500,1400,1512.5,1650,1605,1595,1560,1500,1500,1500,1500,1450,1395,1395,1427.5,1500,1550,1550,1595,1500,1500,1475,1400,1350,1295,1350,1450,1525,1595,1550
"Bend","OR","Bend-Redmond","Deschutes County",305,,,,,,,,,,,,,,,,,,,,,,,,975,950,962.5,1095,1100,1050,1100,1150,1100,1195,1195,1100,1095,1147.5,1195,1195,1150,1150,1095,1200,1200,1295,1362.5,1350,1375,1275,1325,1295,1337.5,1397.5,1495,1595,1595,1600,1595,1550,1595,1550,1550,1600,1650,1695,1650,1695,1787.5,1700,1695,1595,1595,1600,1650,1695,1625,1750,1700,1625,1700,1762.5,1695,1685,1695,1750,1725,1750,1795,1795,1895,1800,1795,1795,1845,1750,1700,1750,1795,1750,1795,1770,1800,1847.5,1850,1850,1825,1950,1900,1895
"El Monte","CA","Los Angeles-Long Beach-Anaheim","Los Angeles County",306,,,,,,,,,,,,,,,,,,,,,,,,,,,,,,,,,,,,,,,,,,,,,,,,,,,,,,,,,,,,,,,,,,,,,,,,,,,,,,,,,,,,,,,,,,,,,,,,2300,2250,2200,2225,2300,2300,2300,2350,2300,2170,2200,2300,2200,2300
"Miami Gardens","FL","Miami-Fort Lauderdale-West Palm Beach","Miami-Dade County",307,,,,,,,,,,,,,1200,1250,1250,1225,1300,1325,1300,1300,1375,1350,1300,1350,1300,1300,1300,1330,1350,1350,1325,1400,1350,1350,1350,1350,1400,1400,1400,1450,1400,1450,1500,1450,1512.5,1500,1500,1515,1537.5,1500,1500,1500,1500,1500,1550,1600,1600,1597.5,1572.5,1500,1500,1500,1600,1689,1650,1650,1669,1675,1650,1697.5,1675,1659.5,1700,1750,1750,1750,1750,1762.5,1700,1675,1737.5,1687.5,1700,1699,1690,1675,1675,1700,1749,1700,1750,1750,1700,1699,1650,1662.5,1675,1700,1750,1797,1750,1800,1797,1795,1750,1790,1800,1800,1750
"Manchester","NH","Manchester-Nashua","Hillsborough County",308,,,,,,,,,,,,,,,,,,,,1150,1275,1200,1200,1197.5,1125,1152.5,967,950,972.5,1000,1175,1187.5,1100,1100,1225,1152.5,1100,1095,1097.5,1100,1172.5,1100,1035,1097,1200,1285,1250,1250,1250,1250,1250,1250,1212.5,1250,1297.5,1280,1300,1280,1250,1295,1300,1280,1300,1297.5,1325,1350,1325,1300,1350,1350,1350,1400,1300,1375,1362.5,1362.5,1400,1390,1350,1300,1400,1400,1300,1300,1280,1262.5,1300,1400,1350,1400,1297.5,1300,1300,1325,1300,1297.5,1295,1300,1400,1440,1400,1400,1350,1475,1462.5,1495,1492.5,1400,1400
"Downey","CA","Los Angeles-Long Beach-Anaheim","Los Angeles County",309,,,,,,,,,,,,,,,,,,,,,,,,,,,,,,,,,,,,,,,,,,,,,,,,,,,,,,,,,,,,,,,,,,,,,,,,,,,,,,,,,,2200,2000,2200,2347.5,2200,2200,2300,2200,2200,2250,2400,2300,2475,2250,2250,2300,2400,2425,2350,2250,2497.5,2500,2500,2500,2500,2500,2500,2500
"Tracy","CA","Stockton-Lodi","San Joaquin County",310,,,,,,,,,,,,,,,,1650,1600,1695,1650,1650,1650,1650,1650,1600,1672.5,1595,1650,1600,1695,1780,1750,1700,1700,1700,1695,1700,1700,1695,1700,1750,1795,1795,1795,1800,1800,1800,1850,1825,1800,1800,1800,1837.5,1850,1850,1950,1850,1872.5,1850,1850,1850,1850,1950,1972.5,1950,1995,2000,1950,1995,2000,2100,2097.5,2075,2062.5,2100,2099,2100,2100,2200,2250,2197.5,2200,2200,2200,2100,2150,2200,2200,2250,2300,2350,2350,2300,2250,2295,2300,2390,2300,2295,2350,2395,2395,2395,2400,2375,2395,2325,2350,2325,2300
"Ventura","CA","Oxnard-Thousand Oaks-Ventura","Ventura County",311,,,,,,,,,,,,,,,,,,,,,,,,,,,,,,,,,,,,,,,,,,,,,,,,,,,,,,,,,,,,,,,,,,,,,,,,,,,,,,,2300,2150,2300,2200,2295,2200,2250,2272.5,2250,2450,2350,2400,2422.5,2450,2500,2512.5,2425,2600,2750,2600,2700,2600,2600,2650,2700,2612.5,2600,2550,2650,2600,2672.5
"North Charleston","SC","Charleston-North Charleston","Charleston County",312,,,,,,,,,,,,,1000,1025,900,975,900,900,900,937.5,1097.5,1050,962.5,950,912.5,875,950,900,900,925,925,900,925,950,977.5,950,900,950,1000,1050,995,1050,1100,1075,1100,1175,1100,1150,1150,1062.5,1100,1100,1125,1100,1100,1175,1100,1150,1175,1150,1150,1150,1185,1250,1250,1250,1225,1225,1195,1185,1195,1200,1300,1250,1300,1325,1250,1300,1225,1175,1200,1275,1200,1225,1300,1250,1250,1300,1300,1300,1300,1295,1300,1300,1342.5,1305,1300,1350,1395,1395,1400,1450,1495,1395,1350,1350,1350,1300,1355
"Lewisville","TX","Dallas-Fort Worth-Arlington","Denton County",313,,,,,,,,,,,,,,1500,1450,1450,1472.5,1450,1350,1300,1295,1295,1250,1350,1350,1395,1400,1225,1400,1425,1350,1350,1400,1412.5,1365,1350,1250,1300,1300,1300,1370,1550,1485,1391,1400,1500,1525,1525,1475,1525,1550,1550,1600,1600,1612.5,1600,1600,1595,1650,1687.5,1650,1650,1650,1650,1650,1625,1675,1650,1600,1600,1650,1659,1695,1659,1695,1700,1695,1695,1650,1700,1650,1650,1750,1650,1737.5,1750,1797.5,1795,1767.5,1797.5,1750,1795,1795,1750,1700,1712.5,1700,1797,1802.5,1850,1800,1837.5,1850,1800,1800,1800,1800,1760,1772.5
"West Covina","CA","Los Angeles-Long Beach-Anaheim","Los Angeles County",314,,,,,,,,,,,,,,,,,,1850,1772.5,1800,1900,1775,1700,1690,1750,1830,1850,1800,1900,1885,1812.5,1875,1800,1850,1800,1850,1850,1880,1840,1900,1850,1850,1850,1800,1900,1997.5,1950,1950,1900,1950,1950,1950,1897.5,1925,1997.5,1950,1900,1900,1900,2000,2050,1965,2000,2100,2100,2125,2000,2100,2100,2100,2175,2100,2150,2150,2100,2100,2100,2150,2100,2150,2100,2125,2100,2150,2100,2200,2200,2200,2300,2225,2300,2350,2300,2300,2350,2300,2350,2350,2300,2350,2300,2400,2350,2500,2350,2300,2300,2325,2400
"Rock Hill","SC","Charlotte-Concord-Gastonia","York County",315,,,,,,,,,,,,,,,,,,,,,,,,,,,,,,,,,,,,,,,,,,,,,,,,,,,,,,,,,,,,,,,,,,,,,,,,,,,,,,,,,,,,925,1075,1025,1095,1050,1050,1095,1095,1050,1100,1050,1025,1050,1050,1025,1050,1075,1095,1025,995,1012.5,1050,1087.5,995,1000,1025
"Bowling Green","KY","Bowling Green","Warren County",316,,,,,,,,,,,,,,,,,,,,,,,,,,,,,,,,,,,,,,,,,,,,,,,,,,,,,,,,,,,,,,,,,,,,,,,,,,,,,,,,,,,,925,1000,975,950,950,1000,1050,1039,1000,1044,975,1000,1000,1039,1000,1049,1100,1039,1050,1000,1000,995,934,999,995,950
"Yakima","WA","Yakima","Yakima County",317,,,,,,,,,,,,,,,,,,,,,,,,,,,,,,,,,,,,,,,,,,,,,,,,,,,,,,,,,,,,,,,,,,,,,,,,,,,,,,,,,,,,,,,,,,,,,1150,1110,1175,1195,1100,1125,1175,1200,1250,1200,1212.5,1200,1195,1195,1295,1200,1195
"Redding","CA","Redding","Shasta County",318,,,,,,,,,,,,,,,,,,,,,,,,,,,,,,,,,,,,,,,,,,,,,,1200,1200,1100,1172.5,1100,1150,1150,1200,1200,1200,1195,1250,1200,1225,1200,1200,1172.5,1162.5,1200,1200,1200,1250,1297.5,1350,1300,1300,1300,1250,1275,1295,1295,1250,1285,1295,1200,1195,1200,1200,1250,1225,1300,1325,1350,1295,1295,1300,1300,1350,1300,1412.5,1450,1450,1437.5,1400,1400,1395,1350,1395,1312.5,1362.5,1300,1375,1350,1450
"Saint Augustine","FL","Jacksonville","Saint Johns County",319,,,,,,,,,,,,,1597.5,1462.5,1437.5,1525,1585,1450,1350,1350,1450,1300,1300,1337.5,1262.5,1250,1250,1250,1275,1300,1350,1325,1395,1395,1400,1395,1350,1312.5,1350,1400,1400,1400,1500,1600,1650,1650,1624,1595,1550,1525,1497,1495,1595,1595,1600,1595,1500,1550,1600,1600,1575,1595,1552.5,1595,1685,1650,1650,1675,1600,1600,1600,1600,1612.5,1595,1650,1650,1700,1650,1650,1650,1550,1592,1525,1600,1592,1600,1600,1675,1650,1650,1650,1655,1695,1650,1661,1695,1675,1750,1700,1650,1750,1744.5,1683,1700,1650,1617.5,1662,1680,1680
"Delray Beach","FL","Miami-Fort Lauderdale-West Palm Beach","Palm Beach County",320,,,,,,,,,,,,,,1585,1500,1450,1500,1500,1400,1400,1400,1400,1400,1400,1400,1400,1400,1400,1400,1500,1500,1500,1512.5,1500,1500,1500,1499,1450,1450,1450,1500,1500,1525,1600,1800,1800,1800,1800,1800,1760,1750,1750,1750,1695,1695,1750,1750,1700,1750,1700,1700,1700,1625,1675,1650,1700,1750,1800,1800,1800,1800,1812.5,1850,1799,1800,1750,1750,1750,1712.5,1725,1800,1800,2000,1700,1800,1700,1700,1690,1795,1800,1850,1850,1800,1800,1850,1850,1800,1800,1780,1800,1800,1850,1900,1950,1925,1950,1950,1900,1885
"Lowell","MA","Boston-Cambridge-Newton","Middlesex County",321,,,,,,,,,,,,,,,,1150,1200,1150,1265,1200,1275,1257.5,1250,1300,1275,1290,1200,1200,1200,1300,1362.5,1300,1200,1350,1300,1255,1300,1350,1350,1400,1295,1250,1225,1300,1300,1400,1250,1312.5,1300,1200,1250,1250,1225,1300,1400,1400,1400,1400,1400,1350,1300,1300,1300,1250,1325,1400,1400,1337.5,1300,1400,1390,1350,1350,1400,1400,1275,1350,1297.5,1297.5,1400,1400,1400,1400,1350,1400,1400,1400,1425,1500,1500,1500,1500,1500,1450,1500,1495,1525,1512.5,1500,1600,1650,1800,1800,1661,1600,1595,1500,1500,1597.5
"Waterbury","CT","New Haven-Milford","New Haven County",322,,,,,,,,,,,,,,,,,,,,,,,,,,,,,,,,,,,,,,,,,,,,,,1100,1100,1100,1100,1000,1000,1095,1150,1195,1185,1200,1185,1197.5,1175,1150,1150,1100,1150,1100,1100,1150,1100,1025,1100,1150,1100,1100,1100,1100,1100,1000,1000,1000,1025,1100,1050,1100,1100,1050,1100,1100,1150,1150,1200,1200,1150,1150,1100,1100,1050,1050,1100,1150,1150,1100,1162.5,1175,1200,1195,1100,1100,1100,1100,1100
"West Palm Beach","FL","Miami-Fort Lauderdale-West Palm Beach","Palm Beach County",323,,,1500,1500,1350,1362.5,1500,1562.5,1399.5,1300,1299.5,1350,1350,1350,1300,1400,1400,1350,1300,1300,1300,1250,1275,1200,1200,1250,1250,1250,1200,1250,1250,1250,1250,1250,1200,1200,1200,1200,1250,1200,1250,1299.5,1350,1350,1400,1500,1450,1600,1599.5,1500,1500,1500,1500,1475,1500,1450,1450,1425,1400,1404,1425,1400,1450,1495,1450,1492.5,1540,1550,1550,1550,1550,1595,1550,1550,1550,1550,1550,1550,1599,1550,1600,1585,1600,1500,1550,1600,1650,1650,1699,1695,1700,1750,1750,1700,1750,1700,1700,1650,1732.5,1750,1750,1700,1725,1750,1700,1700,1700,1750,1729.5
"Carlsbad","CA","San Diego-Carlsbad","San Diego County",324,,,,,,,,,2500,2350,2450,2500,2400,2500,2595,2500,2695,2500,2597.5,2450,2395,2400,2295,2200,2350,2350,2300,2295,2372.5,2500,2595,2600,2500,2500,2495,2350,2400,2400,2400,2440,2500,2550,2500,2500,2697.5,2595,2600,2750,2700,2695,2600,2600,2700,2750,2800,2800,2800,2695,2800,2895,2850,2800,2850,2800,2900,2900,2800,2750,2650,2700,2650,2795,2891.5,2900,2850,2997.5,2900,2900,2850,2925,2900,2700,2885,2750,2897.5,2850,3000,2995,3000,3047.5,3100,3225,3000,3000,3000,3150,3100,3100,3100,3000,3200,3397.5,3350,3200,3100,3125,3150,3200,3350
"Elgin","IL","Chicago-Naperville-Elgin","Kane County",325,,,,,,,,,,,,,,,1400,1447.5,1447.5,1525,1500,1550,1375,1375,1350,1397,1400,1450,1475,1400,1300,1400,1397.5,1400,1425,1450,1400,1350,1399,1400,1400,1395,1392,1350,1400,1450,1450,1500,1462.5,1500,1500,1425,1447,1435,1500,1500,1525,1534.5,1500,1500,1500,1500,1500,1524.5,1550,1550,1550,1600,1597,1575,1550,1512.5,1582,1600,1575,1575,1550,1500,1500,1550,1500,1500,1462.5,1550,1500,1475,1500,1500,1562.5,1575,1609.5,1650,1612.5,1625,1600,1570,1550,1562.5,1562.5,1595,1576.5,1600,1525,1550,1650,1650,1650,1579,1595,1600,1600
"Laurel","MD","Washington-Arlington-Alexandria","Prince Georges County",326,,,,,,,,,,1825,1795,1772.5,1800,1800,1800,1699,1800,1800,1800,1850,1850,1795,1700,1700,1700,1650,1650,1700,1700,1700,1750,1750,1800,1750,1750,1650,1700,1700,1825,1800,1750,1850,1812.5,1767.5,1800,1800,1800,1800,1850,1800,1800,1800,1800,1800,1800,1850,1850,1800,1797.5,1800,1850,1769,1765,1850,1800,1800,1775,1825,1825,1825,1850,1800,1850,1850,1850,1850,1850,1775,1900,1895,1800,1837.5,1775,1800,1750,1850,1850,1875,1900,1925,1877.5,1900,1925,1850,1850,1850,1800,1800,1800,1850,1900,1925,1975,1900,1895,1900,1925,1950,1950
"Cambridge","MA","Boston-Cambridge-Newton","Middlesex County",327,,,,,,,,,,,,,,,,,2400,2400,2450,2500,2700,2724,2630,2600,2738,2742.5,2630,2542,2500,2630,2600,2600,2800,2897.5,2800,2732.5,2700,2754,2800,2800,2690,2695,2700,2738,2700,2895,2889.5,2800,2800,2800,2800,2800,2850,2800,2700,2700,2800,2800,2800,2800,2800,2815,2801.5,2801.5,2800,2800,2850,2850,2800,2775,2794,2800,2800,2800,2800,2865.5,2955,2917,2869,2900,2900,2900,2873,2900,2850,2895,2950,2985,3000,3000,2975,2900,2900,2880,2897.5,2900,2815,2850,2900,3000,2950,2955,3000,2975,2998,3000,2995,2952.5,2955
"Kent","WA","Seattle-Tacoma-Bellevue","King County",328,,,,,,,,,,,,,,,,,,,,,,,,,,,,,,,,,,,,,,,,,,,,,,,,,,1575,1575,1575,1550,1567.5,1595,1695,1675,1595,1630,1600,1585,1525,1425,1495,1597.5,1550,1495,1595,1695,1649,1635,1600,1650,1695,1595,1525,1572.5,1525,1492.5,1695,1600,1595,1472.5,1550,1625,1600,1750,1785,1700,1750,1895,1850,1897.5,1925,1895,1895,1895,1895,1800,1910,1995,1995,2100,2095,1895,1925,1899,2000,2100
"Fargo","ND","Fargo","Cass County",329,,,,,,,,,,,,,,,,,,,,,,,,,,,,,,,,,,,,,,,,,,,,,,,,,,,,,,,,,,,,,,,,,,,,,,,,,,,,,,,,,,,,,,,,,,,,,1325,1200,1200,1250,1300,1312.5,1350,1350,1250,1200,1275,1257,1292.5,1372.5,1372.5,1350,1350
"Riverview","FL","Tampa-St. Petersburg-Clearwater","Hillsborough County",330,,,,,,,,,1225,1162.5,1200,1197.5,1200,1200,1200,1200,1250,1250,1295,1250,1225,1200,1200,1200,1200,1200,1200,1200,1225,1250,1250,1295,1275,1275,1295,1250,1250,1300,1300,1350,1395,1400,1395,1395,1350,1300,1300,1300,1300,1300,1300,1300,1350,1375,1375,1395,1350,1350,1350,1350,1350,1350,1375,1395,1395,1395,1395,1400,1400,1400,1400,1400,1400,1400,1400,1400,1425,1450,1450,1425,1400,1450,1400,1440,1450,1450,1490,1495,1500,1500,1500,1500,1495,1480,1495,1500,1499,1495,1500,1545,1557.5,1595,1600,1565,1550,1550,1550,1575,1550
"West Jordan","UT","Salt Lake City","Salt Lake County",331,,,,,,,,,,,,,,,,,,,,,,,,,,,,,,,,,,,,,,,,,,,,,,,,,,,,,,,,,,,,,,,,,,,,,,,,,,,,,,,,,,,,,1400,1395,1497.5,1595,1495,1475,1547.5,1550,1595,1500,1495,1500,1450,1635,1500,1647.5,1500,1500,1495,1625,1500,1550,1575,1575,1650
"Greenville","NC","Greenville","Pitt County",332,,,,,,,,,,,,,,900,950,900,900,975,925,1000,950,925,895,895,800,800,800,900,900,900,900,872.5,875,875,875,875,865,897.5,900,900,877.5,875,850,850,850,925,900,900,912.5,900,900,900,925,925,900,950,950,950,950,912.5,900,900,925,900,975,1000,950,1000,1000,900,950,920,927.5,900,900,925,850,850,880,925,950,900,910,925,900,925,950,900,900,895,950,950,950,937.5,950,950,950,947.5,900,900,950,950,975,975,985,1050,1100,1072.5,1100
"Manassas","VA","Washington-Arlington-Alexandria","Prince William County",333,,,,,,,,,,,,1350,1350,1350,1350,1575,1700,1500,1492.5,1575,1624.5,1595,1450,1450,1400,1455,1550,1450,1500,1500,1575,1577.5,1625,1500,1400,1395,1400,1395,1395,1399.5,1600,1700,1700,1600,1600,1650,1600,1600,1650,1600,1600,1600,1750,1700,1700,1650,1650,1600,1650,1625,1600,1750,1700,1600,1600,1600,1600,1600,1600,1662.5,1625,1695,1695,1700,1650,1685,1667.5,1750,1625,1625,1740,1725,1700,1695,1600,1600,1625,1700,1797.5,1700,1775,1750,1750,1750,1700,1745,1700,1735,1750,1795,1825,1850,1837.5,1800,1750,1700,1700,1725,1750
"Hillsboro","OR","Portland-Vancouver-Hillsboro","Washington County",334,,,,,,,,,,,,,,,1250,1250,1247.5,1295,1250,1335,1295,1295,1295,1295,1295,1295,1200,1295,1337.5,1350,1350,1350,1295,1295,1262,1295,1295,1295,1299,1350,1395,1395,1395,1395,1395,1395,1395,1395,1395,1395,1400,1400,1400,1475,1495,1495,1495,1450,1450,1425,1450,1495,1495,1495,1597.5,1595,1675,1662.5,1600,1595,1595,1595,1600,1650,1695,1650,1700,1722.5,1695,1695,1695,1695,1695,1662.5,1695,1695,1695,1750,1800,1795,1800,1850,1799,1795,1750,1750,1750,1750,1732,1750,1800,1850,1800,1795,1795,1795,1785,1785,1795
"Lakeland","FL","Lakeland-Winter Haven","Polk County",335,,,,,,,,,,,,,875,895,895,950,995,995,862.5,895,900,895,850,850,850,850,850,795,800,850,857.5,872,850,850,895,895,900,925,941,895,995,1000,975,1000,995,950,989,995,950,925,950,950,1000,1050,950,950,950,950,950,995,995,995,995,1075,1001,1075,1075,1095,1100,1085,1085,1075,1075,1050,1112.5,1150,1112.5,1100,1075,1095,1050,1050,1100,1050,1100,1100,1100,1150,1225,1199,1125,1150,1200,1195,1195,1150,1200,1150,1150,1200,1225,1195,1195,1200,1200,1191,1100,1200,1212
"Palm Bay","FL","Palm Bay-Melbourne-Titusville","Brevard County",336,,,850,825,850,850,800,862.5,825,825,800,800,800,847.5,850,825,850,850,850,850,850,850,850,850,850,850,850,875,850,900,900,900,900,877.5,900,900,875,875,895,925,925,950,950,950,945,925,900,925,925,925,950,950,950,975,1000,975,975,990,975,1000,995,1000,1025,1012.5,1050,1100,1095,1095,1097.5,1085,1050,1075,1092.5,1095,1100,1125,1065,1100,1150,1147.5,1195,1100,1200,1125,1150,1200,1250,1250,1250,1207.5,1250,1270,1250,1268,1295,1260,1300,1300,1299.5,1295,1300,1335,1300,1300,1325,1350,1347.5,1335,1305
"Richardson","TX","Dallas-Fort Worth-Arlington","Dallas County",337,,,,,,,,,,,,,,,,,,,,,,,,,,,,,,,,,,,,,,,,,,,1400,1350,1500,1517.5,1500,1517.5,1530,1530,1500,1500,1575,1595,1675,1695,1695,1600,1697,1650,1695,1699,1700,1700,1750,1672.5,1700,1700,1700,1685,1690,1695,1650,1650,1797.5,1695,1650,1795,1700,1725,1695,1650,1695,1795,1750,1750,1750,1825,1850,1895,1900,1850,1850,1837.5,1795,1849.5,1849,1850,1850,1895,1885,1895,1897.5,1850,1850,1850,1895,1825,1800
"West Chester","PA","Philadelphia-Camden-Wilmington","Chester County",338,,,,,,,,,,,,,1900,1750,1650,1550,1800,1750,1850,1700,1625,1850,1650,1887.5,2000,1800,1800,1895,1800,1800,1800,1800,1787.5,1800,1600,1575,1612.5,1695,1687.5,1787.5,1750,1700,1800,1700,1650,1700,1625,1695,1700,1725,1750,1850,1850,1850,1862.5,1800,1850,1750,1850,1800,1800,1825,1850,1900,1900,1950,1925,1900,1900,1887.5,1900,1900,1950,1970,1875,1875,1850,1850,1900,1850,2000,1850,1925,1900,1900,1875,1900,1950,1900,1900,1900,1900,1900,1900,1875,1925,2000,2025,1950,1900,1995,2000,2000,1995,2000,1985,1950,2000,1985
"Norwalk","CA","Los Angeles-Long Beach-Anaheim","Los Angeles County",339,,,,,,,,,,,,,,,,,,,,,,,,,,,,,,,,,,,,,,,,,,,,,,,,,,,,,,,,,,,,,,,,,,,,,,,,,,,,,,,,,,,,,,,,,2050,2250,2250,2025,2225,2250,2300,2297.5,2225,2272.5,2342.5,2400,2400,2300,2400,2397.5,2350,2350,2350,2450,2400
"Peoria","IL","Peoria","Peoria County",340,,,,,,,,,,,,,,,,,,,,,,,,,,,,,,,,,,,,,,,,,,,,,,,,,,,,,,,,,,,,,,,,,,,,,,,,,,,,,,,,,,,,,739.5,750,807.5,862.5,875,900,887.5,900,885,875,850,800,750,795,760,800,837.5,862.5,800,800,799,812.5,800,795,762.5
"Douglasville","GA","Atlanta-Sandy Springs-Roswell","Douglas County",341,,,1200,1150,1200,1200,1100,1100,1100,1125,1050,1200,1100,1195,1172.5,1200,1200,1125,1125,1100,1050,1000,995,992.5,1000,1000,1000,1000,1095,1050,1050,1000,1000,1000,1000,1000,1000,975,1000,1000,1012.5,1000,1025,1020,1020,1025,1000,1000,1000,1000,1000,1000,1050,1095,1050,1100,1075,1039,1020,1000,1000,1020,1025,1050,1100,1125,1100,1065,1097.5,1097.5,1150,1150,1150,1100,1150,1150,1095,1130,1100,1145,1150,1112.5,1140,1100,1145,1190,1200,1200,1237,1250,1250,1200,1245,1245,1245,1245,1250,1247,1245,1267.5,1250,1250,1262.5,1295,1295,1275,1295,1295,1295
"Centennial","CO","Denver-Aurora-Lakewood","Arapahoe County",342,,,,,,,,,,,,,,,,,,,,,,,,,,,,,,,,,,,,,,,,,,,,,,,,,,,1800,1800,1800,1900,1937.5,2100,1895,1895,1819.5,1800,1900,1800,1909,1999.5,2200,2100,2195,2100,2000,2050,2100,2175,2150,2097.5,2100,2175,2100,2200,2200,2150,2000,2095,2050,2000,2070,2050,2097.5,2150,2250,2200,2200,2100,2050,2150,2100,2150,2100,2195,2200,2295,2250,2287,2200,2249.5,2200,2200,2200,2200,2200
"Perris","CA","Riverside-San Bernardino-Ontario","Riverside County",343,,,,,,,,,,,,,,,,,,,1495,1500,1400,1425,1400,1400,1397.5,1350,1397.5,1350,1350,1400,1400,1400,1380,1399,1424.5,1400,1400,1400,1400,1400,1400,1450,1400,1400,1450,1450,1450,1475,1437,1400,1400,1400,1400,1449,1450,1475,1500,1500,1500,1519.5,1495,1495,1495,1500,1525,1525,1550,1500,1500,1575,1500,1522,1495,1500,1597.5,1600,1597.5,1600,1600,1497.5,1635.5,1600,1600,1600,1662.5,1675,1650,1650,1692.5,1650,1700,1695,1675,1700,1700,1700,1650,1700,1794.5,1665,1749.5,1750,1750,1750,1699,1695,1700,1700,1722.5
"Springfield","VA","Washington-Arlington-Alexandria","Fairfax County",344,,,,,,,,,,,,1850,1950,1997.5,2100,2100,2100,2100,2000,2000,2100,2000,2000,2050,1992.5,2097.5,1997.5,2100,2100,2200,2000,1985,2075,1995,2000,2150,2100,2100,1995,1945,2075,2190,2150,2100,2147.5,2175,2100,2100,2025,2050,2050,2100,2200,2200,2200,2200,2125,2100,2100,2130,2100,2100,2150,2200,2200,2200,2295,2300,2250,2200,2200,2200,2200,2270,2250,2250,2200,2250,2200,2250,2300,2195,2295,2195,2250,2200,2200,2272.5,2300,2385,2385,2300,2300,2296,2200,2200,2200,2195,2200,2300,2350,2400,2400,2400,2350,2350,2350,2200,2300
"Fairfield","CA","Vallejo-Fairfield","Solano County",345,,,,,,,,,,,,,,,,,,1525,1600,1550,1500,1500,1625,1597.5,1525,1550,1595,1550,1577,1650,1595,1650,1695,1600,1600,1600,1590,1577,1619,1599,1550,1550,1550,1550,1624.5,1595,1550,1562.5,1595,1600,1585,1575,1667,1675,1700,1669,1722,1650,1689,1775,1754.5,1700,1675,1850,1800,1818,1878.5,1895,1875,1868.5,1799.5,1895,1862.5,1850,1897.5,1895,1800,1837.5,1800,1975,1750,1750,1895,1800.5,1915,2000,1900,1997.5,2000,2095,2085,2095,2060,2100,2100,2100,2097.5,2195,2250,2200,2095,2197.5,2322.5,2195,2100,2149,2150,2275,2250
"Davenport","IA","Davenport-Moline-Rock Island","Scott County",346,,,,,,,,,,,,,,,,,,,,,,,,,,,,,,,,,,,,,,,,,,,,,,,,,,,,,,,,,,,,,,,,,,,,,,,,,,,,,,,,,,,,,,1029,1019,997.5,1079.5,1050,1004,1050,1000,975,974,974,974,999,1009.5,1050,1050,1000,975,995,950,925,955,970,990
"Lehigh Acres","FL","Cape Coral-Fort Myers","Lee County",347,,,,,,,,,,,,,795,800,795,795,775,790,800,800,775,750,750,775,775,795,800,800,825,800,800,800,800,800,795,762.5,750,800,800,800,800,827.5,850,850,825,850,850,875,895,895,895,875,875,875,899,875,875,900,900,900,900,900,950,945,962.5,995,1000,1000,1000,1012.5,1047.5,1090,1050,1050,1090,1000,1000,1050,1095,1050,1000,1050,1100,1000,1070,1150,1195,1195,1195,1150,1150,1125,1150,1150,1150,1195,1150,1190,1225,1245,1245,1250,1200,1195,1200,1200,1200,1200,1200
"Everett","WA","Seattle-Tacoma-Bellevue","Snohomish County",348,,,,,,,,,,,,,,,,,,,,,,,,,,,,,,,,,,,,,,,,,,,,,,,,,,,,,,,,,,,,,,,,,,,,,,,,,,,,,,,,,,,,,,,,,,,1700,1750,1785,1750,1800,1737.5,1750,1750,1650,1600,1725,1725,1800,1724.5,1695,1700,1837.5,1845,1795
"Pompano Beach","FL","Miami-Fort Lauderdale-West Palm Beach","Broward County",349,,,,,,,,,,1100,1200,1275,1270,1350,1300,1350,1350,1350,1400,1450,1500,1500,1500,1500,1400,1450,1475,1400,1350,1400,1350,1499,1485,1600,1500,1500,1495,1450,1500,1400,1450,1400,1400,1400,1500,1500,1550,1500,1480,1400,1400,1395,1450,1450,1400,1500,1479,1450,1450,1500,1500,1450,1417.5,1450,1450,1500,1500,1500,1500,1550,1550,1600,1535,1500,1500,1550,1450,1500,1500,1600,1600,1600,1600,1500,1550,1600,1600,1600,1595,1600,1600,1600,1600,1650,1650,1600,1600,1600,1600,1600,1600,1650,1700,1700,1695,1666,1690,1681,1650
"Wichita Falls","TX","Wichita Falls","Wichita County",350,,,,,,,,,,,,,,,,,,,,,,,,,,,,,,,,,,,,,,,,,,,,,,,,,,,,,,,,,,,,,,,,,,,,,,,,,,,,,,,,,850,885,975,900,950,900,899.5,900,937.5,950,950,900,897.5,900,900,900,875,850,895,895,900,900,875,900,885,900,895,850,875
"San Leandro","CA","San Francisco-Oakland-Hayward","Alameda County",351,,,,,,,,,,,,,,,,,,,,,,,,,,,,,,,,,,,,,,,,,,,,,,,,,,,,,,,,,,,,,,,,,,,,,,,,,,,,,,,2097.5,2300,2250,2175,2297.5,2200,2425,2500,2372.5,2300,2325,2300,2600,2600,2795,2729,2700,2672.5,2600,2650,2600,2650,2695,2650,2950,2900,2675,2700,2795,2800,2750
"Burbank","CA","Los Angeles-Long Beach-Anaheim","Los Angeles County",352,,,,,,,,,,,,2255,2195,2100,2150,2400,2390,2370,2300,2495,2500,2300,2325,2275,2200,2250,2300,2400,2500,2452.5,2300,2390,2500,2365,2197.5,2250,2200,2340,2325,2300,2350,2450,2350,2235,2300,2599,2500,2400,2550,2650,2600,2650,2625,2600,2797.5,2600,2850,2900,2650,2500,2500,2600,2669.5,2700,2739,2900,2750,2800,2795,2925,2775,2762.5,2650,2739,2825,3000,3200,2925,2769.5,2925,3100,3195,2992,2575,2975,2950,2950,3000,3000,3250,3000,3047.5,3200,3150,3000,2895,2997.5,2992,3000,3000,3000,3200,3200,3200,3090,3200,3200,3300,3275
"Vacaville","CA","Vallejo-Fairfield","Solano County",353,,,,,,,,,,,,,,,,,,1500,1500,1550,1500,1575,1600,1600,1597.5,1500,1600,1650,1700,1650,1585,1617.5,1600,1647,1600,1600,1625,1600,1600,1650,1650,1650,1612.5,1600,1650,1650,1650,1650,1695,1675,1675,1650,1725,1762.5,1800,1750,1799,1800,1799,1862.5,1879,1800,1750,1799,1799,1895,1900,1799.5,1825,1797,1850,1864.5,1900,1950,1975,1850,1897.5,1883,1897.5,1950,1780,1937.5,1897.5,1850,1950,1999.5,2074.5,1995,2150,2150,2150,2095,2000,2095,2097.5,2050,2172.5,2150,2150,2187.5,2200,2209.5,2219,2200,2195,2100,2185,2205,2150
"Albany","NY","Albany-Schenectady-Troy","Albany County",354,,,,,,,,,,,,,,,,,,,,,,,,,,,,,,,,,,,,,,,,,,,,,,,,,,,,,,,,,,,,,,,,,,,,,,,,,,,,,,,,,,,,,1300,1362.5,1412.5,1400,1450,1350,1425,1200,1250,1350,1300,1500,1450,1500,1500,1600,1450,1395,1500,1500,1395,1375,1375,1362.5,1362.5
"Grand Junction","CO","Grand Junction","Mesa County",355,,,,,,,,,,,,,,,,,,1125,1150,1095,1100,1000,1000,995,1000,1000,1000,1037.5,1100,1000,1025,1000,1050,1100,1000,1050,1000,1000,1000,1000,1000,1000,1050,1000,1000,1050,1082.5,1075,1097.5,1075,1050,1070,1090,1100,1100,1095,1099,1075,1100,1050,1050,1000,1095,1100,1112.5,1100,1100,1100,1095,1100,1100,1095,1100,1100,1100,1100,1100,1100,1100,1100,1095,1150,1095,1100,1095,1100,1095,1100,1150,1195,1100,1195,1200,1200,1149.5,1149.5,1195,1195,1195,1195,1200,1225,1200,1212.5,1245,1200,1200,1200,1247.5
"Hesperia","CA","Riverside-San Bernardino-Ontario","San Bernardino County",356,,,,,,,,,,,,,,1200,1195,1250,1300,1200,1200,1200,1195,1200,1200,1200,1172.5,1200,1222.5,1245,1175,1149,1150,1175,1295,1125,1100,1100,1200,1162.5,1195,1150,1150,1195,1100,1100,1200,1200,1200,1200,1200,1200,1200,1200,1250,1200,1195,1250,1200,1200,1200,1250,1250,1300,1250,1250,1250,1295,1250,1262.5,1250,1200,1295,1250,1250,1350,1297.5,1250,1300,1350,1350,1350,1350,1262.5,1300,1350,1350,1397.5,1400,1400,1350,1400,1372.5,1350,1400,1395,1375,1400,1445,1450,1450,1400,1425,1475,1445,1350,1450,1450,1395,1450,1487.5
"Jackson","MI","Jackson","Jackson County",357,,,,,,,,,,,,,,,,,,,,,,,,,,,,,,,,,,,,,,,,,,,,,,,,,,,,,,,,,,,,,,,,,,,,,,,,,,,,,,,,,,700,695,685,695,697.5,700,700,725,700,737.5,753,799,799,799,799,795,799,725,700,749,750,775,750,795,775,750,695,695
"Franklin","TN","Nashville-Davidson--Murfreesboro--Franklin","Williamson County",358,,,,,,,,,,,,,1985,2150,1985,1795,1995,2249.5,2000,2100,2125,1995,2000,1972.5,1825,1897.5,1900,1895,1995,1950,1887.5,1917.5,1700,1695,1600,1800,1700,1750,1800,1797.5,1725,1825,1900,1762.5,1750,2000,1997.5,2000,1900,1962.5,1997.5,2000,2100,2195,2200,2175,2100,2000,2100,2100,2100,2172.5,2217.5,2350,2295,2300,2300,2200,2125,2100,2125,2125,2250,2172.5,2100,2100,2095,2100,2200,2097.5,2025,2150,2100,2100,2075,2200,2100,2100,2200,2297.5,2300,2275,2200,2187.5,2100,2195,2100,2172.5,2250,2200,2200,2150,2150,2100,2050,2100,2200,2250,2350
"Longview","TX","Longview","Gregg County",359,,,,,,,,,,,,,,,,,,,,,,,,,,,,,,,,,,,,,,,,,,,,,,,,,,,,,,,,,,,,,,,,,,,,,,,,,,,,,,,1125,1197.5,1185,1100,1185,1090,1095,1095,1095,1150,1195,1150,1195,1175,1185,1125,1195,1195,1195,1192.5,1250,1200,1200,1200,1197.5,1185,1100,1172.5,1150,1150,1137.5
"San Mateo","CA","San Francisco-Oakland-Hayward","San Mateo County",360,,,,,,,,,,,,,,,,,,,,,,,,,,,,,,,,,,,,,,,,,,,,,,,,,,,,,,,,3625,3500,3500,3600,3625,3435,3800,3390,3450,3875,4050,3800,3825,3900,3800,3600,3547.5,3387.5,3700,3850,3850,3850,3725,3975,3825,3600,3600,3850,3850,3725,3655,3790,3525,3800,3689.5,3900,3850,3700,3897.5,3950,3797.5,3800,3825,3850,4000,4000,4125,4100,4050,4000,3992.5,4000,4200,4000
"Antioch","CA","San Francisco-Oakland-Hayward","Contra Costa County",361,,,,,,,,,,,,,1800,1650,1650,1600,1600,1650,1750,1650,1600,1650,1559,1585,1620,1675,1625,1650,1600,1650,1700,1650,1600,1600,1650,1650,1675,1650,1675,1700,1695,1675,1650,1650,1700,1699,1725,1700,1750,1795,1795,1795,1795,1825,1800,1800,1795,1795,1799.5,1795,1795,1825,1797.5,1850,1950,1895,1895,1925,1900,1895,1899.5,2000,1960,1950,1900,1850,2000,1895,1995,1900,1950,1900,1895,1950,1950,1995,1995,1975,1995,2000,2000,2100,2195,2150,2100,2100,2145,2130,2150,2150,2195,2197,2225,2250,2275,2295,2285,2200,2300
"Edison","NJ","New York-Newark-Jersey City","Middlesex County",362,,,,,,,,,,,,,1550,1550,1500,1600,1725,1650,1725,1750,1800,1750,1749,1700,1700,1650,1672.5,1700,1650,1800,1800,1800,1850,1900,1812.5,1750,1750,1750,1800,1750,1900,1937.5,1800,1750,1750,1750,1750,1697.5,1790,1775,1750,1800,1900,1900,2000,1950,1875,1875,1850,1850,1850,1875,2000,1875,2100,2100,2050,2000,2000,1850,1962.5,1875,2025,2100,2100,1900,2000,2100,2000,2100,1900,2000,1887.5,1950,2100,2100,2100,2100,2100,2200,2200,2100,2100,2100,2100,2100,2050,1965,1950,2000,2000,2050,2100,2150,2100,2100,2195,2000,2000
"Sandy Springs","GA","Atlanta-Sandy Springs-Roswell","Fulton County",363,,,,,,,,,,,,,,,,,,,,,,,,,,,,,,,,,,,,,,,,,,,,,,,,,,,,,,,,,,,,,,,,,,,,,,,,,,,,,,,,,,,,,,1797.5,2100,2147.5,2350,2275,2125,2000,1800,1899,1900,1897,1927.5,2100,2100,2100,2250,2195,2095,2195,2100,2150,2200,2350,2350
"Merced","CA","Merced","Merced County",364,,,,,,,,,,,,,1075,1000,1025,950,947.5,890,925,900,900,890,875,875,875,900,900,850,837.5,850,850,900,875,850,850,895,900,850,875,900,895,900,900,900,950,1000,950,972.5,950,950,950,950,1062.5,1025,950,1000,1000,1000,950,950,950,950,1000,1000,1050,1097,1095,1000,1000,1045,1097.5,1100,1145,1125,1195,1150,1212.5,1100,1250,1210,1050,1175,1200,1062.5,1200,1200,1250,1300,1300,1395,1350,1350,1350,1300,1300,1350,1350,1350,1395,1499,1497.5,1500,1500,1475,1450,1430,1400,1400,1350
"Jacksonville","NC","Jacksonville","Onslow County",365,,,,,,,,,,,,,,900,895,895,900,900,895,900,900,900,900,925,925,925,925,925,944.5,949.5,950,900,900,895,895,895,875,895,895,895,900,900,895,895,895,896,875,850,850,850,850,875,895,900,900,895,895,867,850,850,875,875,875,900,925,925,925,900,895,887.5,877.5,875,875,875,876,897,925,925,900,900,865,900,890,875,875,850,850,850,875,900,897,875,875,875,850,875,861,850,861,895,895,900,900,900,900,950,950,950,950
"Santa Cruz","CA","Santa Cruz-Watsonville","Santa Cruz County",366,,,,,,,,,,,,,,,,,,,,,,,,,,,,,,,,,,,,,,,,,,,,,,,,,,,,,,,,,,,,,,,,,,,,,,,,,,,,,,,,,,,,,,,2975,3050,3400,3300,3500,3122.5,3500,3400,3300,3400,3300,3200,3000,3000,3400,3275,3400,3250,3300,3300,3262.5,3400,3300
"Lexington","SC","Columbia","Lexington County",367,,,,,,,,,,,,,,1100,1150,1175,1250,1150,1150,1197.5,1162.5,1150,1100,1150,1175,1100,1100,1175,1175,1200,1285,1250,1195,1200,1150,1095,1100,1172.5,1200,1250,1295,1225,1195,1200,1222.5,1250,1278,1300,1300,1275,1250,1225,1275,1250,1295,1337.5,1200,1150,1200,1225,1225,1212.5,1250,1217.5,1295,1275,1250,1295,1250,1280,1200,1237.5,1295,1300,1295,1300,1250,1300,1250,1337.5,1272.5,1295,1250,1275,1200,1250,1350,1275,1295,1395,1325,1325,1300,1300,1300,1295,1250,1295,1300,1350,1300,1300,1350,1300,1300,1295,1344.5,1299,1300
"Chapel Hill","NC","Durham-Chapel Hill","Orange County",368,,,,,,,,,,,,,,,,,,,,,,,,,,,,,,,,,,,,,,,,,,,,,,,,,,,,,,,,,,,,,,,,,,,,,,,,,,,,,,,,,,,,,,,,,,,,,,,1650,1650,1700,1600,1575,1600,1600,1600,1600,1600,1650,1700,1800,1800,1800
"Kennesaw","GA","Atlanta-Sandy Springs-Roswell","Cobb County",369,,,1150,1250,1225,1197.5,1175,1200,1225,1200,1200,1250,1250,1250,1250,1295,1295,1295,1250,1250,1200,1200,1195,1195,1250,1250,1200,1200,1200,1200,1200,1200,1200,1200,1150,1195,1200,1195,1200,1200,1200,1250,1275,1250,1250,1250,1250,1250,1250,1250,1250,1250,1250,1275,1299,1300,1275,1285,1300,1300,1300,1300,1300,1350,1350,1350,1350,1350,1350,1327.5,1350,1350,1375,1350,1352.5,1375,1350,1375,1375,1350,1350,1395,1350,1300,1400,1413,1419,1425,1450,1419.5,1450,1460,1424,1445,1445,1450,1450,1450,1495,1500,1500,1550,1545,1500,1500,1500,1495,1495,1525
"Daly City","CA","San Francisco-Oakland-Hayward","San Mateo County",370,,,,,,,,,,,,,,,,,,,,,,,,,,,,,,,,,,,,,,,,,,,,,,,,,,,,,,,,,,,,,,,,,,,,,,,,,,,,,,,,,,,3400,3350,2800,3100,2995,3385,3500,3500,3495,3250,3200,3200,3300,3300,3485,3550,3500,3500,3500,3397.5,3600,3600,3500,3500,3495,3495,3400
"Rialto","CA","Riverside-San Bernardino-Ontario","San Bernardino County",371,,,,,,,,,,,,,,,,,,,,,,,1472.5,1497,1595,1600,1600,1512.5,1500,1550,1585,1500,1500,1540,1550,1550,1550,1550,1595,1595,1595,1590,1585,1600,1595,1595,1550,1595,1550,1575,1550,1575,1695,1685,1685,1675,1650,1650,1637.5,1636,1662.5,1699,1725,1769,1697,1699,1662.5,1693,1699.5,1695,1695,1685,1700,1700,1800,1700,1700,1695,1697,1597.5,1697,1699,1600,1699.5,1695,1696.5,1695,1750,1794.5,1797.5,1750,1825,1680,1800,1850,1800,1800,1857.5,1867.5,1885,1919.5,1869.5,1912.5,1894.5,1889,1969,1935,1912.5,1985
"The Woodlands","TX","Houston-The Woodlands-Sugar Land","Montgomery County",372,,,,,,,,,,,,,,,,,,,,,,,,,,,,,,,,,,,,,,,,,,,,,,,,,,,1950,2000,2100,2100,2100,2050,2150,2200,2000,2072.5,2000,2000,2095,2100,2100,2150,2200,2125,2100,2012.5,2000,2000,1995,2000,2050,2075,2072.5,2100,2100,1990,2100,2095,1925,2075,1997.5,1975,1887,1950,1995,1975,1999,1950,1954,1950,1950,2000,2000,1995,2000,2100,2100,2100,2100,2000,1925,1900,1900,1900,1900
"Davie","FL","Miami-Fort Lauderdale-West Palm Beach","Broward County",373,,,,,,,,,,,,,,,,1600,1600,1600,1600,1600,1595,1550,1500,1500,1500,1500,1500,1500,1500,1400,1400,1595,1550,1500,1525,1500,1575,1589.5,1575,1550,1600,1600,1650,1700,1700,1700,1685,1650,1600,1600,1620,1625,1600,1600,1600,1550,1500,1550,1600,1662.5,1650,1650,1700,1700,1750,1750,1750,1850,1800,1800,1800,1850,1900,1850,1850,1925,1850,2012.5,1850,1750,1680,1900,1875,1775,1990,1982,1831,1840,1875,1897.5,1900,1900,1900,1900,1850,1800,1850,1825,1850,1825,1800,1800,1850,1900,1900,1892.5,1875,1950,1975
"Columbia","MD","Baltimore-Columbia-Towson","Howard County",374,,,,,,,,,,1775,1850,1950,1900,1825,1850,1895,1950,1900,1887.5,1900,1800,1800,1800,1800,1800,1700,1700,1600,1775,1900,1950,1900,1900,1850,1800,1800,1885,1800,1800,1850,1700,1800,1900,1900,1862.5,1800,1850,1800,1800,1850,1850,1850,1875,1875,1875,1950,1950,1900,1900,1900,1900,1850,1892.5,1900,1950,1950,1900,1900,1885,1850,1850,1900,1900,1895,1895,1880,1900,1950,1862.5,1950,1949.5,1845,1950,1950,1850,1850,1900,1895,1900,1950,1925,1925,1885,1875,1880,1900,1900,1950,1900,1850,1900,1975,2000,2000,2000,1987.5,1950,1999,2000
"Meridian","ID","Boise City","Ada County",375,,,,,,,,,,,,,,937,949.5,962.5,975,1010,995,995,1075,995,995,950,925,950,995,950,975,1050,1050,997.5,995,1050,1050,1000,990,1050,1012.5,1000,1050,1095,1095,1050,1085,1095,1100,1100,1149.5,1125,1100,1125,1195,1195,1200,1195,1095,1095,1100,1175,1195,1195,1175,1250,1250,1212.5,1197.5,1225,1195,1150,1150,1195,1210,1225,1200,1250,1250,1312.5,1295,1350,1250,1300,1275,1295,1350,1300,1355,1395,1395,1395,1395,1395,1400,1395,1400,1395,1400,1450,1475,1495,1495,1550,1550,1575,1500,1495,1495,1495,1497.5
"Lawrence","KS","Lawrence","Douglas County",376,,,,,,,,,,,,,,,,,,,,,,,,,,,,,,,,,,,,,,,,,,,,,,,,,,,,,,,,,,,,,,,,,,,,,,,,,,,,,,,,,,,,,1050,980,1030,1075,1150,1135,1162.5,1150,1100,1200,1200,1200,1200,1155,1185,1150,1150,1037.5,1075,1200,1225,1200,1225,1225,1200
"Napa","CA","Napa","Napa County",377,,,,,,,,,,,,,,,,,,,,,,,,,,,,,,,,,,,,,2000,2000,2000,1790,1790,1800,1875,1912.5,2000,2047.5,2095,2000,2000,1995,1975,1995,2350,2400,2500,2500,2325,2500,2500,2700,2675,2450,2800,2750,2599,2400,2500,2650,2325,2500,2700,2650,2500,2500,2562.5,2750,2647.5,2550,2550,2550,2400,2500,2625,2600,2550,2600,2500,2700,2750,2697.5,2750,2700,2600,2950,3000,3000,2800,2875,2700,3000,3200,3000,2900,2925,2850,2900,2800,3000,3075
"Lynchburg","VA","Lynchburg","Lynchburg City",378,,,,,,,,,,,,,625,681,684.5,700,694,797.5,850,850,835,700,750,739.5,750,750,725,770,775,797.5,750,725,725,735,700,675,650,687.5,720,720,795,825,795,825,825,825,825,825,795,795,795,825,862.5,950,995,935,900,895,850,812.5,850,850,825,895,955,925,850,900,900,895,895,875,885,895,912.5,875,850,925,950,910,950,900,937.5,850,850,925,875,925,900,895,895,875,875,875,900,895,850,875,885,912.5,850,897.5,1000,1000,995,950,925,955,925
"Greeley","CO","Greeley","Weld County",379,,,,,,,,,,,,,,,,,,,,,,,,,,,,,,,,,,,,,,,,,,,,,,,,,,,,,,,,,,,,,,,,1375,1372.5,1275,1337.5,1300,1297.5,1200,1350,1295,1300,1250,1395,1400,1350,1295,1292.5,1325,1395,1300,1295,1300,1297.5,1385,1325,1375,1450,1437.5,1400,1425,1466,1400,1325,1425,1400,1375,1485,1600,1495,1437.5,1500,1550,1500,1500,1500,1600,1497.5
"League City","TX","Houston-The Woodlands-Sugar Land","Galveston County",380,,,,,,,,,,,,,,,,,,,,,,,,,,,,,,,,,,,,,,,,,,,,,,,1862.5,1737.5,1675,1650,1675,1700,1825,1850,1795,1885,1750,1750,1762.5,1750,1700,1699,1767.5,1850,1800,1850,1975,1900,1945,1900,1800,1879,1912.5,1907.5,1935,1999,1897.5,1895,1835,1750,1900,1800,1845,1800,1895,1875,1850,1875,1850,1897,1895,1900,1950,1950,1850,1895,1850,1850,1900,1895,1900,1945,1900,1875,1850,1850,1825,1800,1800
"Mission Viejo","CA","Los Angeles-Long Beach-Anaheim","Orange County",381,,,,2200,2350,2300,2200,2400,2300,2300,2295,2350,2350,2300,2300,2400,2550,2650,2550,2625,2500,2500,2345,2300,2397.5,2400,2400,2400,2495,2450,2450,2400,2400,2395,2200,2200,2300,2200,2200,2350,2500,2462.5,2462.5,2412.5,2500,2500,2575,2550,2597.5,2597.5,2595,2575,2500,2600,2650,2585,2600,2600,2600,2600,2600,2595,2550,2597.5,2600,2600,2700,2695,2650,2675,2600,2700,2695,2650,2695,2600,2695,2600,2750,2597.5,2625,2695,2700,2600,2695,2750,2850,2800,2800,2795,2850,2895,2850,2850,2750,2750,2800,2800,2800,2850,2962.5,2925,2950,2900,2897.5,2900,2900,2900,2969
"Erie","PA","Erie","Erie County",382,,,,,,,,,,,,,,,,,,,,,,,,,,,,,,,,,,,,,,,,,,,,,,,,,,,,,,,,,,,,,,,,,,,,,,,,,,,,,,,,,,,,,885,894,894,900,900,850,897.5,895,892.5,875,875,895,875,875,950,962.5,960,912.5,942.5,925,875,875,885,937.5,950
"High Point","NC","Greensboro-High Point","Guilford County",383,,,,,,,,,,,,,,,,,,,,,,,,,,,,,,,,,,,,,,,,,,,,,,,,,,,,,,,,,,,,,,,,,,,,,,,,,,,,,,,,1100,1062.5,1100,1099,1195,1100,1050,1095,1125,1100,1130,1100,1150,1195,1125,1150,1195,1195,1137.5,1175,1200,1200,1200,1200,1099,1050,1050,1099,995,990
"Lithonia","GA","Atlanta-Sandy Springs-Roswell","Dekalb County",384,,,950,975,950,937.5,950,997.5,950,950,950,972.5,950,950,950,950,950,950,950,950,950,950,900,925,925,925,925,900,925,945,925,925,925,925,925,950,950,925,925,925,925,925,950,950,945,945,925,925,925,950,950,945,950,950,950,950,950,950,950,950,950,950,975,975,975,989,975,956,950,950,975,975,975,995,1000,995,1000,1025,1025,1000,1049,1095,1037.5,1060,1095,1089.5,1080,1100,1095,1095,1117.5,1100,1100,1100,1100,1100,1100,1125,1125,1150,1195,1175,1195,1194.5,1195,1199,1195,1200,1200
"Apopka","FL","Orlando-Kissimmee-Sanford","Orange County",385,,,,,,,,,,,,,1095,1197.5,1250,1225,1185,1185,1195,1150,1150,1150,1197,1150,1200,1195,1200,1199,1250,1200,1200,1200,1200,1200,1200,1200,1225,1225,1212.5,1250,1275,1275,1250,1275,1250,1247.5,1295,1297.5,1295,1250,1250,1250,1250,1225,1295,1295,1250,1250,1295,1300,1325,1329,1350,1375,1395,1399.5,1395,1395,1395,1400,1450,1395,1395,1375,1400,1400,1397,1395,1395,1395,1375,1409.5,1300,1399.5,1429,1499.5,1495,1500,1529,1520,1500,1490,1495,1495,1495,1460,1550,1500,1595,1550,1552,1560,1570,1604.5,1600,1599,1622.5,1645,1600
"Anderson","SC","Greenville-Anderson-Mauldin","Anderson County",386,,,,,,,,,,,,,,,,,,,,,,,,,,,,,,,,,,,,,,,,,,,,,,,,,,,,,,,,,,,,,,,,,,,,,,,,,,,,,,,,,,912.5,890,845,862.5,900,887.5,825,850,862.5,900,850,937.5,925,900,900,897.5,850,950,900,900,887.5,900,925,940,850,825,800,900
"Livermore","CA","San Francisco-Oakland-Hayward","Alameda County",387,,,,,,,,,,,,,,,,,,,,,,,,2095,1950,2095,1947.5,2100,2050,2200,2250,2297.5,2187.5,2175,2200,2195,2199.5,2200,2100,2197,2250,2250,2225,2250,2185,2385,2300,2300,2300,2300,2350,2350,2297.5,2450,2497.5,2495,2425,2500,2450,2395,2650,2600,2797.5,2750,2800,2850,2850,2725,2925,2750,2800,2725,2672.5,2775,2700,2695,2695,2900,2800,2950,2825,2900,2845,2750,2800,3000,2925,2900,3000,2900,3000,3000,2950,2997.5,2950,3000,2995,2925,2985,3000,3000,3000,2962.5,3000,2990,3000,2995,2995,2999.5
"Spring Hill","FL","Tampa-St. Petersburg-Clearwater","Hernando County",388,,,,,,,,,,,,,,900,975,900,900,875,900,875,895,850,850,885,875,875,900,897.5,875,875,900,925,950,950,975,950,925,900,950,950,995,975,925,950,990,975,950,950,900,950,950,950,912.5,975,975,925,947.5,950,975,995,975,995,1050,1100,1050,1050,1100,1095,1100,1050,1025,1025,1050,1095,1100,1097.5,1050,1100,1050,1082.5,1012.5,985,1000,1037.5,975,1050,1175,1150,1200,1200,1175,1195,1200,1200,1162.5,1195,1195,1247.5,1227.5,1200,1200,1252.5,1250,1295,1250,1300,1250,1250,1250
"Sandy","UT","Salt Lake City","Salt Lake County",389,,,,,,,,,,,,,,,,,,,,,,,,,,,,,,,,,,,,,,,,,,,,,,,,,,,,,,,,,,,,,,,,,,,,,,,,,,,,,,,,,,,,,1650,1800,1725,1700,1750,1695,1750,1695,1695,1695,1650,1795,1795,1895,1800,1800,1825,1850,1800,1795,1800,1950,1947.5,1925,1850
"Wilmington","DE","Philadelphia-Camden-Wilmington","New Castle County",390,,,,,,,,,,,,,,,,,,,,,,,,,1162.5,1047.5,995,975,1000,980,975,975,995,962.5,1000,900,895,925,1037.5,1100,1162.5,1150,1100,1175,1200,1200,1125,1125,1100,1050,1095,1100,1162.5,1100,1150,1100,1100,1150,1175,1100,1150,1195,1125,1150,1200,1200,1200,1200,1200,1200,1200,1200,1150,1150,1195,1200,1200,1200,1250,1200,1200,1175,1200,1200,1125,1162.5,1100,1175,1150,1197.5,1195,1200,1175,1100,1100,1075,1100,1100,1195,1200,1200,1200,1195,1200,1200,1200,1195,1150,1137.5
"Federal Way","WA","Seattle-Tacoma-Bellevue","King County",391,,,,,,,,,,,,,,,,,,,,,,,,,,,,,,,,,,,,,,,,,,,,,,,,,,,,1600,1600,1695,1690,1662.5,1750,1685,1645,1575,1545,1625,1600,1600,1510,1522.5,1698,1725,1700,1695,1795,1600,1700,1760,1711.5,1667.5,1700,1650,1725,1595,1675,1747,1650,1695,1925,1925,1925,1800,1850,1995,1995,1950,1895,1885,1850,1847.5,2050,2000,2004,1950,1942.5,1950,2097.5,2000,1975,2052.5,2000,1995,1995
"Rio Rancho","NM","Albuquerque","Sandoval County",392,,,,,,,,,,,,,,,,,,,1200,1195,1195,1180,1085,1100,1125,1172.5,1137.5,1137.5,1200,1225,1195,1162.5,1100,1095,1050,1050,1095,1100,1150,1150,1150,1150,1200,1195,1195,1195,1165,1160,1165,1125,1100,1100,1100,1125,1150,1150,1100,1100,1100,1100,1100,1100,1150,1175,1150,1150,1150,1162.5,1150,1100,1150,1150,1150,1175,1175,1150,1150,1212.5,1200,1195,1200,1150,1172.5,1150,1175,1175,1195,1200,1195,1195,1225,1225,1200,1200,1250,1225,1200,1200,1225,1250,1250,1295,1275,1270,1250,1250,1295,1297,1262.5
"Bryan","TX","College Station-Bryan","Brazos County",393,,,,,,,,,,,,,,,,,,,,,,,,,,,,,,,,,,,,,,,,,,,,,,,,,,,,,,,,,,,,,,,,,,,,,,,,,,,,,,,,,,,,,1322.5,1295,1250,1300,1295,1300,1285,1200,1195,1195,1200,1262.5,1350,1275,1200,1250,1200,1200,1250,1100,1150,1175,1295,1295,1250
"Champaign","IL","Champaign-Urbana","Champaign County",394,,,,,,,,,,,,,,,,,,,,,,,,,,,,,,,,,,,,950,900,925,950,935,925,900,897.5,865,895,850,885,950,950,967,995,950,950,900,920,900,950,975,995,925,950,950,997.5,995,975,995,972,1000,1065,1000,1050,1000,1050,1000,1035,985,1000,960,1000,969,915,975,997,950,1000,1050,1050,1020,975,975,975,967,995,1000,995,1025,1025,1125,1030,1027.5,1000,995,980,975,1000,995,1000,1000,1095
"Albany","GA","Albany","Dougherty County",395,,,,,,,,,,,,,,,,,,,,,,,,,,,,,,,,,,,,,,,,,,,,,,,,,500,500,500,500,575,562.5,500,500,550,550,525,550,597.5,550,550,525,525,542.5,500,500,525,525,575,600,585,575,600,650,662.5,595,625,662.5,575,650,650,650,675,650,600,600,650,700,775,725,725,700,675,675.5,700,688,665,725,697.5,665,675,695,695,697.5,700,625,600
"Portsmouth","VA","Virginia Beach-Norfolk-Newport News","Portsmouth City",396,,,1050,1195,1200,1150,1225,1162.5,1195,1100,1095,1200,1225,1200,1200,1150,1150,1200,1200,1195,1195,1195,1200,1195,1195,1150,1200,1162.5,1195,1200,1200,1150,1100,1100,1100,1100,1100,1150,1175,1150,1150,1150,1195,1125,1100,1150,1100,1100,1100,1100,1100,1125,1195,1150,1150,1100,1100,1100,1100,1100,1100,1100,1150,1200,1195,1200,1200,1200,1200,1195,1195,1195,1150,1150,1200,1200,1195,1195,1195,1150,1150,1195,1125,1150,1200,1150,1150,1195,1200,1200,1197.5,1195,1150,1150,1150,1135,1100,1100,1137.5,1150,1200,1195,1200,1150,1175,1175,1195,1200,1200
"Idaho Falls","ID","Idaho Falls","Bonneville County",397,,,,,,,,,,,,,,,,,,,,,,,,,,,,,,,,,,,,,,,,,,,,,,,,,,,,,,,,,,,,,,,,,,,,,,,,,,,,,,,,,,,,,,,,,,929,950,997.5,1095,1095,1050,1049,1050,1050,1050,950,995,1114.5,1100,1050,1095,1124.5,1197,1120,1195
"Hawthorne","CA","Los Angeles-Long Beach-Anaheim","Los Angeles County",398,,,,,,,,,,,,,,,,,,,,,,,,,,,,,,,,,,,,,,,,,,,,,,,,,,,,,,,,,,,,,,,,,,,,,,,,,,,,,,,,,,,,,,3100,3499.5,3347.5,3235,3400,3200,2895,2975,2975,2897.5,3000,3150,3195,3550,3175,3075,3200,3350,3000,3000,3300,3100,3500,3200
"Johnson City","TN","Johnson City","Washington County",399,,,,,,,,,,,,,,,,,,,,,,,,,,,,,,,,,,,,,,,,,,705,650,695,675,775,795,800,825,825,800,800,850,837.5,842.5,850,875,850,850,850,850,800,837.5,850,750,762.5,825,862.5,862.5,850,795,862.5,862.5,850,900,875,900,875,850,900,872.5,837.5,822.5,737.5,850,825,850,895,875,875,875,850,945,900,850,850,875,869,900,895,895,900,900,900,887.5,825,880,897.5,900
"Woodstock","GA","Atlanta-Sandy Springs-Roswell","Cherokee County",400,,,1197.5,1200,1200,1250,1200,1200,1270,1300,1300,1250,1250,1300,1300,1295,1295,1250,1250,1250,1250,1200,1195,1150,1195,1200,1200,1225,1200,1250,1275,1200,1200,1250,1200,1200,1200,1195,1195,1200,1200,1250,1250,1235,1295,1250,1225,1295,1295,1260,1260,1250,1300,1307.5,1300,1325,1300,1300,1350,1325,1350,1337.5,1300,1347.5,1300,1350,1375,1350,1319,1350,1393,1399,1400,1395,1412.5,1375,1420,1409.5,1385,1400,1440,1450,1425,1432,1489.5,1494,1493.5,1465,1487,1495,1479,1450,1462.5,1450,1495,1475,1450,1450,1490,1550,1575,1507.5,1575,1537.5,1513,1505,1551.5,1550,1550
"Livonia","MI","Detroit-Warren-Dearborn","Wayne County",401,,,,,,,,,,,,,1100,1100,1100,1200,1200,1150,1150,1200,1200,1150,1150,1150,1175,1200,1200,1300,1272.5,1225,1200,1197.5,1150,1150,1150,1100,1100,1100,1100,1197.5,1250,1255,1275,1275,1250,1200,1250,1250,1300,1250,1250,1250,1300,1300,1300,1250,1250,1250,1200,1200,1250,1250,1297.5,1250,1250,1300,1337.5,1312.5,1350,1300,1272.5,1300,1350,1350,1325,1350,1300,1300,1325,1300,1350,1300,1300,1300,1300,1300,1325,1350,1337.5,1350,1400,1350,1300,1350,1350,1350,1375,1400,1422.5,1400,1500,1500,1412.5,1400,1400,1350,1375,1400,1400
"Highlands Ranch","CO","Denver-Aurora-Lakewood","Douglas County",402,,,,,,,,,,,,,,,,,,,1737.5,1995,1850,1850,1795,1795,1775,1925,1900,1900,1900,1895,1990,1995,1995,1797.5,1725,1650,1700,1795,1800,1895,1900,2100,2125,2025,2000,1976,2050,2074.5,2100,2067.5,2100,2150,2195,2200,2150,2150,2150,2100,2050,2100,2200,2200,2195,2250,2300,2350,2395,2300,2285,2250,2250,2200,2200,2237.5,2300,2297.5,2197,2325,2350,2222.5,2195,2200,2225,2250,2262.5,2275,2300,2295,2300,2325,2250,2300,2300,2275,2250,2200,2250,2347.5,2295,2295,2350,2377.5,2350,2300,2300,2300,2300,2300,2350
"Midlothian","VA","Richmond","Chesterfield County",403,,,,,,,,,,,,,,1322.5,1350,1322.5,1295,1350,1387.5,1475,1400,1350,1395,1400,1397.5,1450,1400,1400,1397.5,1400,1395,1350,1325,1385,1395,1375,1385,1300,1380,1495,1450,1475,1550,1595,1475,1465,1400,1385,1395,1385,1395,1475,1550,1595,1600,1550,1562.5,1500,1485,1400,1495,1400,1395,1400,1425,1500,1400,1397.5,1395,1395,1450,1455,1495,1485,1500,1497.5,1595,1442.5,1595,1600,1395,1400,1395,1585,1400,1412.5,1450,1500,1595,1500,1500,1495,1497.5,1500,1512.5,1500,1595,1550,1595,1750,1700,1650,1600,1550,1595,1600,1600,1600,1625
"Annapolis","MD","Baltimore-Columbia-Towson","Anne Arundel County",404,,,,,,,,,2050,1950,1750,1950,1995,1850,1750,1725,1799.5,1800,1925,1962.5,1897.5,1850,1804,1825,1750,1795,1750,1950,2000,2000,1925,1850,1895,1850,1800,1825,1900,1825,1800,1850,1925,1895,1900,1950,1950,1800,1750,1895,1900,1750,1800,1795,1972.5,1975,2000,2100,2125,2095,1950,1972.5,1900,1800,1897.5,1900,1995,2000,2000,1950,1900,1900,1950,1900,1800,1850,1950,1999.5,1990,2000,1950,1995,1850,1850,1850,1950,1950,1985,1995,1995,1925,1950,1950,1950,1995,1900,1850,1800,1895,1900,2000,2100,2100,2075,2000,2000,1995,1975,1950,2000,2000
"New Braunfels","TX","San Antonio-New Braunfels","Comal County",405,,,,,,,,,,,,,,1200,1250,1250,1300,1262.5,1250,1200,1100,1200,1200,1295,1275,1285,1295,1285,1295,1350,1350,1350,1337.5,1297.5,1300,1295,1350,1300,1300,1297.5,1300,1350,1325,1295,1300,1350,1350,1350,1350,1350,1325,1350,1395,1400,1400,1450,1400,1400,1425,1400,1395,1400,1395,1395,1450,1400,1425,1525,1495,1495,1450,1495,1500,1495,1500,1495,1495,1495,1450,1450,1500,1475,1500,1462.5,1495,1512.5,1500,1575,1547.5,1550,1595,1550,1500,1500,1550,1547.5,1550,1550,1612.5,1600,1600,1650,1600,1595,1575,1550,1550,1550,1550
"McDonough","GA","Atlanta-Sandy Springs-Roswell","Henry County",406,,,,,,,,,,,,,1100,1100,1100,1150,1200,1200,1150,1100,1200,1125,1100,1100,1050,1095,1000,962.5,1000,1050,997,997,1050,1000,1000,1000,1050,999,1050,1095,1100,1100,1150,1100,1100,1100,1100,1100,1137,1100,1100,1100,1100,1095,1100,1100,1150,1125,1125,1112.5,1075,1102.5,1150,1195,1250,1245,1246,1165,1200,1200,1195,1195,1215,1200,1220,1275,1250,1277.5,1249.5,1229.5,1250,1266,1200,1247,1250,1295,1300,1310,1300,1320,1355,1378,1350,1330,1325,1300,1350,1395,1395,1395,1400,1412.5,1400,1410,1395,1420,1440,1450,1450
"Terre Haute","IN","Terre Haute","Vigo County",407,,,,,,,,,,,,,,,,,,,,,,,,,,,,,,,,,,,,,,,,,,,,,,,,,,,,,,,,,,,,,,,,,,,,,,,,,,,,,,,,,,,,,650,650,710,750,750,700,700,695,675,697.5,700,707.5,750,700,700,750,720,700,700,750,725,700,700,700,700
"Ashburn","VA","Washington-Arlington-Alexandria","Loudoun County",408,,,,,,,,,,,1850,1850,2000,1875,1950,2000,2097.5,2012.5,1997.5,2000,2000,2000,2000,2100,2025,1925,1995,2200,2195,2147.5,2200,2100,2100,2000,1925,1900,1975,1950,1950,1950,2100,2200,2200,2195,2200,2200,2200,2200,2195,2199.5,2195,2175,2195,2192.5,2195,2192.5,2100,2100,2100,2090,2100,2098,2050,2100,2200,2225,2200,2200,2100,2100,2100,2100,2150,2150,2129,2200,2275,2150,2200,2250,2150,2137.5,2287,2100,2199,2200,2299.5,2300,2300,2250,2295,2272.5,2280,2295,2200,2200,2250,2250,2250,2300,2300,2350,2395,2350,2399,2300,2300,2295,2295
"Sterling","VA","Washington-Arlington-Alexandria","Loudoun County",409,,,,,,,,,1925,1995,1925,1900,1900,1950,1837.5,1775,1900,1900,1900,1950,1925,1900,1900,1850,1825,1900,1895,1950,1950,2000,1950,1900,1850,1850,1850,1900,1999.5,1850,1795,1795,1950,2000,2000,2000,1995,1925,1900,1900,1950,1985,1950,1962.5,2000,2050,2092.5,2000,2000,1950,1950,1900,1950,1995,1950,2000,2000,2050,2100,2100,2000,2000,1999.5,2000,2000,2000,2050,1985,2150,1997.5,2125,2000,2000,2100,1925,1900,1999,2000,2100,2100,2072.5,2175,2199,2150,2099.5,2000,2000,2000,2000,2097,2000,2000,2150,2200,2200,2200,2125,2150,2100,2070,2050
"Auburn","WA","Seattle-Tacoma-Bellevue","King County",410,,,,,,,,,,,,,,,,,1500,1695,1595,1495,1475,1495,1450,1495,1495,1495,1395,1395,1395,1350,1500,1495,1437.5,1495,1375,1375,1350,1250,1300,1350,1295,1412.5,1350,1575,1525,1595,1595,1595,1500,1500,1495,1495,1650,1625,1600,1600,1550,1595,1595,1581,1562.5,1600,1597.5,1600,1600,1632.5,1600,1695,1695,1685,1672.5,1638.5,1600,1600,1595,1625,1600,1600,1695,1697.5,1625,1600,1695,1625,1749.5,1697.5,1719,1650,1895,1897.5,2000,1995,1950,1950,1895,1895,1897.5,1750,1985,1995,1937.5,1995,1987.5,2000,1972.5,1995,1925,1845,1850
"Muncie","IN","Muncie","Delaware County",411,,,,,,,,,,,,,,,,,,,,,,,,,,,,,,,,,,,,,,,,,,,,,,,,,,,,,,,,,,,,,,,,,,,,,,,,,,,,,,,,,,,,,,,,,800,750,750,750,750,725,770,850,750,750,800,800,750,737.5,725,800,900,995,900,900,750
"Valdosta","GA","Valdosta","Lowndes County",412,,,,,,,,,,,,,,,,,,,,,,,,,,,,,,,850,850,862.5,875,850,850,825,800,825,850,800,800,800,800,825,800,835,850,850,850,850,850,895,895,850,895,850,800,825,812.5,825,825,850,900,875,850,850,800,800,795,800,799.5,795,785,795,795,800,795,850,850,875,825,885,812.5,850,800,795,850,895,875,850,850,800,800,800,825,850,800,825,850,850,850,850,850,895,875,800,795,795
"Kennewick","WA","Kennewick-Richland","Benton County",413,,,,,,,,,,,,,,,,,,,,,,,,,,,,,,,,,,,,,,,,,,,,,,,,,,,,,,,,,,,,,,,,,,,,,,,,,,,,,,,,,,,,,,,,,,,1437.5,1350,1450,1572.5,1525,1400,1375,1475,1462.5,1450,1455,1575,1612.5,1500,1575,1500,1600,1625,1495
"Medford","OR","Medford","Jackson County",414,,,,,,,,,,,,,,,,,,,,,,,,,,,,,,,,,,,,,,,,,,,,,,,,,,,,,,,,,,,,,,,,,,,,,,,,,,,,,,,,,,,,,,,,,,,,1512.5,1500,1450,1495,1500,1462.5,1450,1500,1550,1597.5,1550,1585,1550,1550,1550,1550,1550,1550
"Acworth","GA","Atlanta-Sandy Springs-Roswell","Cobb County",415,,,,,,,1100,1100,1137.5,1250.5,1295,1200,1200,1124.5,1100,1100,1200,1200,1195,1195,1195,1150,1195,1100,1175,1195,1150,1150,1150,1150,1150,1195,1125,1150,1150,1200,1195,1200,1200,1200,1200,1200,1200,1195,1175,1200,1195,1200,1200,1200,1200,1200,1250,1249.5,1250,1250,1250,1250,1200,1227.5,1250,1250,1254.5,1295,1295,1314,1325,1300,1295,1300,1307.5,1300,1295,1295,1315,1295,1297,1315,1300,1325,1304.5,1344,1300,1350,1365.5,1399,1400,1400,1450,1450,1450,1400,1427.5,1417,1395,1395,1406.5,1405,1450,1495,1495,1495,1500,1495,1465.5,1467.5,1495,1475,1500
"Allen","TX","Dallas-Fort Worth-Arlington","Collin County",416,,,,,,,,,,,,,1512.5,1500,1500,1550,1500,1697.5,1650,1650,1650,1650,1600,1500,1550,1600,1600,1597.5,1600,1662.5,1600,1600,1595,1600,1662.5,1697,1600,1695,1695,1597,1650,1675,1700,1692.5,1692.5,1650,1600,1695,1695,1685,1695,1695,1795,1795,1800,1795,1750,1750,1750,1750,1775,1762.5,1750,1750,1812.5,1800,1800,1795,1800,1800,1795,1750,1750,1795,1799,1800,1850,1900,1900,1885,1800,1870,1847.5,1880,1880,1895,1900,1950,1900,1895,1895,1899.5,1895,1850,1850,1850,1850,1850,1890,1962.5,1995,1900,1912.5,1925,1925,1885,1895,1875,1875
"Santa Monica","CA","Los Angeles-Long Beach-Anaheim","Los Angeles County",417,,,,,,,,,,,,,,,,,,,,,,,,,,,,,,,,,,,,,,,,,,,,,,,,,,,,,,,,,,,,,,,,,,,,,,,,,,,,,,,,,,,,,4625,4800,4590,5000,5800,5725,5500,5600,5500,5495,5500,5000,4995,5200,5495,5850,5700,5950,5500,5200,5495,5050,5000,4992.5,5300
"Plantation","FL","Miami-Fort Lauderdale-West Palm Beach","Broward County",417,,,,,,,,,,,1175,1250,1425,1500,1500,1550,1550,1600,1600,1600,1650,1600,1600,1600,1550,1600,1600,1600,1550,1580,1599.5,1675,1581,1595,1600,1600,1650,1650,1650,1600,1600,1600,1600,1675,1625,1650,1650,1650,1697,1700,1650,1650,1700,1775,1750,1700,1700,1709,1700,1700,1700,1700,1700,1663.5,1750,1795,1800,1900,1849,1849.5,1800,1825,1875,1900,1900,1850,1900,1900,1850,1800,1800,1900,1800,1800,1800,1775,1800,1795,1800,1800,1875,1900,1900,1900,1800,1799,1850,1800,1800,1800,1824.5,1800,1850,1899,1850,1830,1875,1850,1800
"Plainfield","IL","Chicago-Naperville-Elgin","Will County",419,,,,,,,,,,,,,1650,1600,1600,1600,1600,1750,1800,1750,1672.5,1600,1525,1500,1587.5,1575,1575,1500,1595,1550,1572.5,1650,1600,1600,1550,1622.5,1645,1600,1600,1650,1700,1695,1700,1725,1712.5,1700,1650,1675,1700,1700,1700,1700,1750,1770,1775,1765,1750,1725,1700,1737,1750,1757.5,1750,1750,1775,1825,1775,1799,1795,1760,1759,1760,1750,1750,1775,1800,1800,1770,1700,1785,1795,1795,1775,1699,1695,1747.5,1795,1862.5,1850,1850,1850,1885,1850,1847.5,1800,1825,1800,1800,1800,1800,1800,1875,1850,1800,1795,1795,1800,1800,1795
"Westminster","CA","Los Angeles-Long Beach-Anaheim","Orange County",420,,,,,,,,,,,,,,,,,,,,,,,,,,,,,,,,,,,,,,,,,,,,,,,,,,,,,,,,,,,,,,,,,,,,,,,,,,,,,,,,,,,,,,,,2550,2700,2600,2897.5,2750,2750,2750,2847.5,2762.5,2787.5,2800,2700,2600,2600,2725,2750,2800,2800,2900,3025,3075,2750
"Reading","PA","Reading","Berks County",421,,,,,,,,,,,,,,,,,,,,,,,,,,,,,,,,,,,,,,,,,,,,,,,,,,,,,,,,,,,,,,,,,,,,,,,,,,,,,,,,,,,,762.5,732.5,750,750,732.5,837.5,777.5,750,800,800,800,760,800,800,795,750,785,787.5,750,800,800,750,795,775,750,775
"Loveland","CO","Fort Collins","Larimer County",422,,,,,,,,,,,,,,,,,,,,,,,1095,1127.5,1150,1112.5,1250,1200,1232.5,1200,1295,1090,1200,1195,1174.5,1050,1199.5,1120,1095,1195,1137.5,1087.5,1175,1085,1125,1250,1250,1250,1195,1195,1195,1247.5,1250,1237.5,1250,1195,1295,1395,1310,1295,1360,1450,1450,1350,1395,1350,1422.5,1450,1500,1450,1395,1400,1295,1395,1400,1450,1550,1450,1550,1495,1475,1595,1422.5,1450,1437.5,1500,1562.5,1595,1550,1600,1600,1575,1600,1585,1597.5,1600,1550,1650,1600,1695,1625,1650,1635,1600,1600,1625,1600,1625,1676.5
"Cheyenne","WY","Cheyenne","Laramie County",423,,,,,,,,,,,,,,,,,,,,,,,,,,,,,,,,,,,,,,,,,,,,,,,,,,,,,,,,1300,1297.5,1250,1147.5,1250,1250,1395,1395,1395,1372.5,1395,1372.5,1312.5,1350,1300,1250,1295,1295,1295,1295,1295,1295,1375,1300,1195,1325,1200,1272.5,1200,1295,1250,1295,1295,1295,1275,1275,1295,1250,1225,1250,1250,1250,1250,1250,1295,1295,1300,1295,1250,1350,1295,1300,1350,1295
"Lawton","OK","Lawton","Comanche County",424,,,,,,,,,,,,,,,,,,,,750,750,750,745,750,750,750,795,795,795,795,795,775,795,785,775,725,725,725,725,750,750,750,750,745,725,725,750,750,750,750,725,725,750,750,762.5,750,750,750,750,750,725,725,742.5,742.5,750,750,750,750,750,750,750,750,750,725,750,750,750,750,750,750,725,712.5,750,750,750,712.5,725,750,750,750,750,750,725,750,750,750,750,750,750,745,750,750,750,750,725,750,750,750,750
"Kenosha","WI","Chicago-Naperville-Elgin","Kenosha County",425,,,,,,,,,,,,,,,,,,,,,,,,,,,1027.5,1050,1100,995,995,1100,1175,1135,1072.5,1049.5,1085,1025,1060,1067.5,1100,1050,1050,995,1097.5,1100,1037.5,1000,1050,1150,1150,1110,1200,1197.5,1097.5,1139.5,1150,1150,1100,1100,1100,1172.5,1150,1150,1200,1222.5,1150,1125,1082.5,1092.5,1125,995,1000,1100,1150,1195,1015,1100,1172.5,1150,1075,1112.5,1200,1100,1100,1075,1100,1195,1200,1175,1225,1200,1125,1200,1197.5,1200,1200,1125,1195,1200,1200,1262.5,1250,1225,1250,1250,1300,1310,1297.5
"Roswell","GA","Atlanta-Sandy Springs-Roswell","Fulton County",426,,,,,,,,,,,,,,,,,,,,,,,,,,,,,,,,,,,,,,,,,,,,,1425,1625,1800,1750,1750,1650,1600,1595,1575,1597.5,1650,1700,1795,1800,1800,1695,1790,1790,1795,1850,1789,1792.5,1750,1795,1795,1792.5,1800,1800,1800,1840,1800,1790,1750,1770,1800,1750,1850,1800,1800,1797.5,1800,1990,1925,1850,1950,1950,1990,2022.5,2000,2000,1995,1992.5,1895,1850,1800,1800,1850,1875,1994,1950,1872.5,1900,1900,1900,1900
"Monroe","LA","Monroe","Ouachita Parish",427,,,,,,,,,,,,,,,,,,,,,,,,,,,,,,,,,,,,,,,,,,,,,,,,,,,,,,,,,,,,,,,,,,,,,,,,,,,,,,,,,,,,,,,,,,,,937.5,900,900,900,825,850,800,875,925,1050,950,925,862.5,885,950,950,950,950
"Orem","UT","Provo-Orem","Utah County",428,,,,,,,,,,,,,,,,,,,,,,,,,,,,,,,,,,,,,,,,,,,,,,,,,,,,,,,,,,,,,,,,,,,,,,,,,,,,,,,,,,,,,1325,1325,1395,1395,1345,1300,1297.5,1310,1300,1395,1395,1395,1395,1395,1395,1375,1375,1375,1375,1350,1350,1290,1300,1350,1285
"Miami Beach","FL","Miami-Fort Lauderdale-West Palm Beach","Miami-Dade County",429,,,,,,,,,2300,2200,2300,2300,2100,2000,1900,1950,2000,1900,1900,1950,1950,2000,2050,2026,2100,2200,2200,2300,2400,2400,2300,2100,2050,2100,2100,2100,2200,2300,2400,2350,2300,2300,2300,2300,2350,2300,2400,2390,2395,2400,2400,2350,2400,2350,2400,2400,2300,2350,2400,2350,2400,2500,2500,2600,2500,2500,2500,2500,2400,2400,2500,2500,2500,2600,2600,2500,2500,2400,2400,2200,2250,2160,2300,2100,2150,2200,2300,2250,2300,2255,2300,2350,2350,2300,2300,2300,2350,2400,2450,2400,2400,2400,2382,2400,2400,2400,2400,2450,2425
"Sunrise","FL","Miami-Fort Lauderdale-West Palm Beach","Broward County",430,,,,,,,,,,,,,,1500,1500,1500,1500,1600,1550,1599,1600,1600,1550,1550,1500,1500,1500,1500,1500,1500,1500,1600,1495,1450,1500,1475,1500,1500,1500,1500,1600,1600,1600,1600,1600,1600,1650,1600,1600,1600,1600,1600,1650,1650,1644.5,1600,1600,1650,1650,1650,1625,1700,1700,1700,1700,1700,1800,1800,1800,1700,1739.5,1750,1800,1800,1800,1800,1800,1850,1850,1750,1799.5,1800,1750,1700,1750,1750,1750,1750,1775,1800,1800,1800,1850,1850,1800,1750,1775,1800,1800,1700,1700,1700,1775,1750,1750,1800,1800,1750,1800
"Lynn","MA","Boston-Cambridge-Newton","Essex County",431,,,,,,,,,,,,,,,,,,,,,,,,,,,,,,,,,,,,,,,,,,,,,,,,,,,,,,,,,,,,,,,,,,,,,,,,,,,,,,,,,,1350,1350,1350,1350,1500,1500,1500,1600,1650,1700,1650,1725,1625,1500,1500,1500,1500,1600,1625,1450,1450,1550,1550,1500,1575,1600,1700,1687.5
"Cleveland","TN","Cleveland","Bradley County",432,,,,,,,,,,,,,,,,,,,,,,,,,,,,,,,,,,,,,,,,,,,,,,,,,,,,,,,,,,,,,,,,,,,,,,,,,,,,,,,,,,,,750,795,872.5,822.5,872.5,875,897.5,895,900,950,950,1025,912.5,850,900,850,900,950,985,950,825,900,950,950,950,895
"Williamsburg","VA","Virginia Beach-Norfolk-Newport News","James City County",433,,,,,,,,,,,,1550,1500,1600,1600,1665,1700,1685,1600,1597.5,1500,1547.5,1400,1400,1500,1450,1425,1500,1600,1595,1595,1595,1550,1468,1399,1450,1500,1500,1495,1380,1400,1375,1450,1500,1600,1600,1592.5,1562.5,1550,1550,1500,1500,1550,1425,1575,1550,1500,1500,1500,1485,1475,1500,1550,1500,1500,1500,1450,1500,1500,1525,1500,1550,1550,1550,1575,1575,1575,1500,1550,1650,1550,1495,1595,1550,1600,1500,1525,1550,1550,1500,1500,1395,1425,1425,1450,1600,1600,1600,1595,1600,1575,1617.5,1617.5,1650,1575,1500,1500,1517.5,1450
"Lees Summit","MO","Kansas City","Jackson County",434,,,,,,,,,,,,,,,,,,,,,,,,,,,,,,,,,,,,,,,,,,,,,,,,,,,,,,,,,,,,,,,,,,,,,,,,,,,,,,,,,,,,,1110,1185,1225,1417,1350,1200,1200,1275,1372.5,1312.5,1349,1349,1349.5,1375,1300,1395,1540,1495,1350,1295,1297.5,1290,1257.5,1247.5,1250
"Newnan","GA","Atlanta-Sandy Springs-Roswell","Coweta County",435,,,,,,,,,,,,,,,,,,,,,,,,,,,,,,,,,,,,,,,1175,1150,1250,1262.5,1250,1150,1250,1250,1200,1250,1250,1250,1250,1225,1275,1300,1250,1275,1250,1250,1300,1325,1337.5,1300,1300,1362.5,1385,1375,1350,1350,1350,1350,1350,1375,1390,1395,1400,1395,1400,1395,1400,1375,1349,1419,1350,1400,1400,1389,1389,1425,1425,1446,1425,1400,1400,1395,1395,1395,1400,1400,1395,1430,1450,1495,1470,1450,1450,1430,1415,1415,1450
"Holland","MI","Grand Rapids-Wyoming","Ottawa County",436,,,,,,,,,,,,,,,,,,,,,,,,,,,,,,,,,,,,,,,,,,,,,,,,,,,,,,,,,,,,,,,,,,,,,,,,,,,,,,,,,,,,,1100,1110,1110,1172.5,1172.5,1200,1195,1195,1297.5,1225,1200,1200,1249,1250,1395,1397.5,1395,1215,1232.5,1299,1350,1250,1250,1225,1200
"Menifee","CA","Riverside-San Bernardino-Ontario","Riverside County",437,,,,,,,,,,,,,,,,,,,,,,,1475,1475,1500,1400,1500,1495,1500,1500,1500,1450,1495,1500,1537.5,1500,1500,1500,1500,1550,1500,1550,1595,1575,1550,1585,1595,1575,1595,1595,1595,1600,1650,1654.5,1650,1600,1600,1597,1600,1600,1649.5,1695,1600,1600,1647.5,1695,1695,1700,1695,1695,1695,1695,1647.5,1600,1650,1600,1600,1695,1725,1650,1600,1650,1672.5,1600,1695,1775,1762.5,1750,1750,1795,1800,1795,1700,1695,1700,1799,1799.5,1795,1795,1795,1850,1900,1950,1895,1775,1797.5,1845,1800,1800
"San Marcos","CA","San Diego-Carlsbad","San Diego County",438,,,,,,,,,,,,,,2195,2197.5,2050,1972.5,2147.5,2150,2095,2200,2195,2125,2150,2100,1997.5,2000,2200,2150,2000,2075,2062.5,2100,2110,2120,2082.5,2100,2100,2000,2100,2110,2100,2100,2150,2250,2200,2200,2185,2100,2100,2100,2150,2395,2300,2300,2275,2197.5,2200,2195,2100,2150,2200,2200,2200,2300,2247.5,2200,2472.5,2300,2450,2300,2222.5,2375,2397,2395,2350,2399,2400,2350,2350,2350,2400,2485,2425,2495,2400,2335,2495,2500,2550,2550,2600,2500,2590,2595,2600,2597.5,2595,2550,2595,2750,2750,2792.5,2700,2699,2600,2650,2600,2650
"Canton","MI","Detroit-Warren-Dearborn","Wayne County",439,,,,,,,,,,,,,,1400,1474.5,1650,1675,1700,1700,1500,1500,1495,1425,1500,1500,1375,1325,1350,1400,1350,1475,1562.5,1450,1450,1400,1400,1350,1425,1525,1500,1500,1572.5,1600,1637.5,1600,1600,1650,1500,1600,1637.5,1585,1550,1600,1750,1700,1700,1700,1650,1600,1600,1485,1500,1600,1600,1650,1700,1800,1750,1700,1675,1700,1650,1650,1675,1750,1675,1725,1697.5,1650,1650,1650,1700,1650,1675,1650,1700,1650,1700,1700,1775,1712.5,1750,1682.5,1600,1600,1650,1600,1650,1750,1800,1800,1800,1797.5,1700,1750,1700,1687.5,1700,1625
"Herndon","VA","Washington-Arlington-Alexandria","Fairfax County",440,,,,,,,,,,,,,1787.5,1800,1725,1750,1800,1900,1895,1850,1900,1950,1900,1840,1900,1950,1975,1900,2200,2200,2075,2050,2022.5,1950,1900,1894.5,1877.5,1800,1950,2000,2000,2050,2050,2000,1962.5,1900,1947,1900,1925,1900,1950,1950,2072.5,2100,2100,2090,1997.5,1995,2000,2000,2100,2050,2100,2100,2099,2100,2100,2050,1995,1975,1975,1950,1987.5,1987.5,1999,1950,2050,2150,2195,2225,2000,2000,2000,1950,2000,2000,2050,2100,2197,2150,2185,2197,2100,2100,2000,1995,2100,2095,2125,2200,2200,2200,2200,2200,2125,2100,2200,2150,2200
"Queen Creek","AZ","Phoenix-Mesa-Scottsdale","Pinal County",441,,,,,,,,,895,885,865,900,950,950,950,985,950,925,950,925,950,950,950,950,950,950,950,950,975,995,950,975,950,950,925,925,950,950,1000,1050,1000,1012.5,1000,995,975,975,995,975,950,975,975,985,1000,1050,1000,995,995,995,1000,1000,1025,1025,1050,1150,1125,1095,1050,1047.5,1050,1050,1050,1050,1100,1150,1150,1097.5,1095,1185,1195,1100,1097,1100,1100,1050,1200,1200,1295,1250,1277.5,1295,1325,1310,1297,1250,1249,1249,1250,1300,1317,1300,1340,1350,1399,1395,1350,1350,1340,1350,1350
"Covington","GA","Atlanta-Sandy Springs-Roswell","Newton County",442,,,,,1000,1000,1000,950,972.5,950,950,900,900,895,900,1000,997.5,1050,1025,1000,985,950,900,900,900,950,950,950,950,975,995,975,950,950,950,935,912.5,950,950,950,950,950,950,950,945,950,950,950,935,925,925,950,950,950,950,950,950,950,950,975,975,975,989,995,975,995,975,995,995,995,1000,1000,1000,995,995,1000,1000,1035,1050,1050,1049.5,1025,1050,1000,1095,1095,1095,1095,1095,1100,1100,1150,1150,1125,1100,1145,1147.5,1125,1165,1200,1195,1190,1200,1200,1165,1175,1165,1195,1210
"Carmel","IN","Indianapolis-Carmel-Anderson","Hamilton County",443,,,,,,,,,,,,,,,,,,,1672.5,1850,1800,1800,1775,1495,1600,1720,1450,1622.5,1725,1800,1900,1597.5,1554,1600,1576.5,1522,1775,1800,1600,1750,1747.5,1795,1650,1750,1600,1750,1650,1825,1750,1650,1650,1700,1750,1750,1695,1950,1775,1825,1712.5,1600,1750,1625,1775,1985,1850,1795,1682,1775,1825,1850,1850,1800,1700,1650,1750,1700,1875,1749.5,1750,1762.5,1672.5,1700,1550,1625,1648.5,1648.5,1672.5,1600,1650,1797.5,1795,1750,1750,1750,1850,1825,1825,1720,1745,1750,1792.5,1850,1900,1995,1895,1850,1825,1800,1795
"San Angelo","TX","San Angelo","Tom Green County",444,,,,,,,,,,,,,,,,,,,,,,,,,,,,,,,,,,,,,,,,,,,,,,,,,,,,,,,,,,,,,,,,,1250,1250,1275,1300,1325,1200,1200,1200,1200,1200,1200,1250,1200,1100,1200,1250,1200,1100,1100,1200,1100,1095,1197.5,1200,1250,1190,1200,1200,1200,1200,1200,1200,1100,1150,1150,1200,1250,1250,1295,1172.5,1175,1200,1200,1250,1250
"Hamilton","NJ","Trenton","Mercer County",445,,,,,,,,,,,,,,,,,,1825,1650,1562.5,1500,1425,1375,1350,1350,1350,1475,1475,1475,1600,1700,1700,1550,1525,1650,1675,1700,1475,1400,1387.5,1400,1450,1575,1500,1650,1650,1650,1650,1650,1650,1600,1525,1450,1450,1500,1500,1600,1600,1500,1450,1512.5,1487.5,1500,1650,1672.5,1600,1550,1600,1500,1600,1600,1600,1612.5,1650,1750,1700,1750,1600,1650,1700,1600,1650,1600,1550,1475,1650,1600,1700,1700,1775,1675,1750,1767.5,1700,1650,1600,1600,1600,1600,1500,1600,1600,1700,1600,1625,1600,1580,1600,1650
"Bothell","WA","Seattle-Tacoma-Bellevue","Snohomish County",446,,,,,,,,,,,,,,1597.5,1675,1700,1750,1750,1797.5,1625,1772.5,1795,1695,1500,1695,1695,1650,1595,1650,1695,1772.5,1750,1700,1685,1750,1695,1600,1650,1500,1572.5,1750,1700,1800,1850,1800,1800,1750,1800,1790,1800,1797,1825,1980,1999.5,2050,1995,1999,1950,1925,1950,1925,2000,2097.5,2072.5,2045,2200,2225,2250,2100,1997.5,1999.5,2200,2199.5,1999.5,1999,2200,2250,2200,2295,2350,2200,2100,2200,2200,2325,2300,2295,2350,2481.5,2520,2500,2450,2400,2350,2295,2250,2295,2350,2325,2400,2500,2550,2500,2499,2499,2400,2395,2395,2400
"Newton","MA","Boston-Cambridge-Newton","Middlesex County",447,,,,,,,,,,,,,,,,,,,2400,2350,2300,2400,2437.5,2400,2275,2225,2390,2600,2800,2950,2800,2500,2500,2487.5,2470,2250,2497.5,2500,2700,2800,2800,2850,2600,2400,2417.5,2500,2500,2500,2500,2500,2500,2600,2850,2850,2875,2800,2850,2600,2550,2625,2625,2700,2700,2600,2700,2700,2650,2600,2725,2800,2697.5,2850,3000,3000,3000,3000,3150,2900,3150,2800,2725,2700,2800,2825,2800,3000,3100,3150,3300,3200,3150,2972.5,3000,3100,3100,3000,3000,2900,2925,3000,3200,3200,3000,3000,3000,3000,3000,3000,3000
"Warner Robins","GA","Warner Robins","Houston County",448,,,,,,,,,,,,,,,,,,937.5,875,800,900,925,900,950,925,937.5,900,900,987,905,887.5,950,950,900,900,900,900,900,900,900,900,912.5,900,900,900,900,850,800,850,850,850,875,950,975,900,950,950,995,962.5,930,925,900,900,900,950,995,900,875,895,875,875,875,900,875,900,950,975,950,995,950,950,950,900,950,900,862.5,925,950,925,975,925,950,950,975,950,897.5,925,950,975,975,950,925,900,900,900,900,900,900,925
"Flagstaff","AZ","Flagstaff","Coconino County",449,,,,,,,,,,,,,,,,,,,,,,,,,,,,,,,,,,,,,,,,,,,,,,,,,,,,,,,,,,,,,,,,,,,,,,,,,,,,,,,,,,,,,1850,1795,1750,1750,1800,1750,1800,1800,1775,1795,1895,1875,1800,1950,1950,1872.5,2000,2100,1950,1975,1900,1800,1800,1800,1772.5
"Chino","CA","Riverside-San Bernardino-Ontario","San Bernardino County",450,,,,,,,,,,,,,,1900,2000,1950,1950,2000,1865,1897.5,1900,1850,1850,1875,1800,1825,1850,1900,1900,1900,1950,1900,1900,1900,1800,1850,1850,1927.5,1975,1995,1950,1950,1970,1950,2000,2000,1950,1950,1950,1900,1900,1900,2000,2100,2000,1950,1950,2000,2100,2100,2100,2100,2100,2000,2102.5,2200,2100,2100,2100,2102.5,2127.5,2150,2100,2025,2100,2100,2105,2100,1925,2175,2100,2050,2102.5,2075,2197.5,2280,2362.5,2338,2400,2300,2350,2400,2350,2350,2450,2450,2400,2425,2400,2465,2487.5,2400,2495,2500,2500,2500,2500,2500,2500
"Redwood City","CA","San Francisco-Oakland-Hayward","San Mateo County",451,,,,,,,,,,,,,,,,,,,,,,,,,,,,,,,,,,,,,,,,,,,,,,,,,,,,,,,4050,3800,3700,3500,3600,3600,3900,3900,3750,4295,4000,4250,3994,4087.5,4200,4175,4050,4100,4500,4200,4050,3925,4200,3875,4000,3847.5,4000,3925,3810,3800,3825,3800,3950,4000,4197.5,4200,4388,4200,3999,3750,3800,3900,3925,3897.5,3900,4000,4175,4500,4500,4500,4500,4000,3988,3950,4200
"Santa Barbara","CA","Santa Maria-Santa Barbara","Santa Barbara County",452,,,,,,,,,,,,,,,,,,,,,,,,,,,,,,,,,,,,,,,,,,,,,,,,,,,,,,,,,,,,,,,,,,,,,,,,,,4200,4050,3937.5,3925,3947.5,3900,3500,3575,3500,3500,3750,3400,3992.5,4000,4000,4300,4047,4275,4500,4000,3950,4150,4500,4500,4400,4500,4500,4300,4200,4350,4250,4500,4200,4497.5,4500,4500
"Lafayette","IN","Lafayette-West Lafayette","Tippecanoe County",453,,,,,,,,,,,,,,,,,,,,,,,,,754.5,719,725,800,800,750,697,795,750,795,750,699.5,724,725,725,795,795,785,702.5,675,725,795,787.5,800,750,750,750,762.5,775,800,800,825,800,807.5,850,850,850,837.5,800,795,800,800,800,750,795,800,815,837.5,825,800,810,800,850,797.5,835,825,850,815,850,850,825,850,867.5,855,895,920,950,895,850,870,895,895,875,850,900,872.5,875,850,872.5,900,962.5,900,900,900,900
"Leesburg","VA","Washington-Arlington-Alexandria","Loudoun County",454,,,,,,,,,,,,,,,,2000,2250,2200,2100,2195,2000,2000,1795,1800,1800,1750,1700,1900,1950,2050,2200,1987.5,2100,2095,1997.5,2150,1875,2100,1925,1897.5,1982.5,2050,2149.5,2200,2100,2100,2050,1997.5,2100,2050,1995,1950,2100,2200,2200,2195,2100,2200,2175,2100,2075,2100,2125,2200,2195,2200,2222.5,2200,2075,2045,1997.5,2000,1995,2075,2000,2050,2075,2150,2200,2100,2100,1960,1950,2000,1999,2200,2250,2149.5,2025,2100,2275,2200,2197.5,2137.5,2150,2100,2100,2100,1895,2200,2300,2400,2400,2400,2300,2300,2300,2250,2300
"Duluth","GA","Atlanta-Sandy Springs-Roswell","Gwinnett County",455,,,,1295,1295,1295,1200,1200,1195,1250,1250,1275,1222.5,1200,1250,1300,1250,1199.5,1200,1250,1200,1200,1200,1200,1250,1200,1099,1100,1199,1212.5,1200,1200,1150,1150,1050,1050,1112.5,1050,1100,1150,1195,1200,1200,1100,1200,1200,1200,1200,1212.5,1200,1200,1200,1200,1250,1237,1300,1300,1300,1300,1300,1300,1300,1300,1325,1350,1397.5,1350,1375,1350,1350,1350,1350,1350,1395,1400,1380,1450,1435,1450,1412.5,1400,1400,1432.5,1400,1400,1443.5,1450,1450,1480,1500,1500,1500,1500,1500,1500,1500,1500,1550,1550,1582,1550,1550,1550,1547,1550,1550,1537,1500,1582.5
"Gulfport","MS","Gulfport-Biloxi-Pascagoula","Harrison County",456,,,,,,,,,,,,,,,,,,,800,750,850,800,825,850,862.5,850,850,850,850,799,762.5,750,795,800,800,800,850,799,825,850,850,825,850,850,850,850,850,850,850,850,850,850,850,900,950,950,950,900,897.5,885,850,850,850,800,900,895,900,950,850,850,875,875,895,875,875,925,900,900,897.5,900,950,900,900,900,950,850,950,975,995,1000,975,945,950,935,945,950,947.5,925,950,895,900,925,995,985,975,985,995,995,975
"Pittsburg","CA","San Francisco-Oakland-Hayward","Contra Costa County",457,,,,,,,,,,,,,,,,1795,1700,1575,1500,1497.5,1495,1497.5,1500,1595,1500,1497.5,1512.5,1595,1595,1550,1600,1600,1600,1570,1600,1600,1650,1649,1650,1650,1639,1595,1600,1595,1590,1600,1599,1550,1650,1695,1675,1695,1800,1795,1647.5,1697.5,1650,1712.5,1725,1695,1635,1594.5,1710,1749,1800,1794.5,1879,1900,1900,1969,1922,1909,1995,1909,1925,1875,1749,1900,1895,2000,1972.5,1895,1950,1865,1995,2000,2135,2165,2100,2097.5,2195,2225,2135,2200,2100,2195,2200,2225,2250,2297.5,2325,2300,2245,2200,2200,2200,2200,2200,2300
"Decatur","IL","Decatur","Macon County",458,,,,,,,,,,,,,,,,,,,,,,,,,,,,,,,,,,,,,,,,,,,,,,,,,,,,,,,,,,,,,,,,,,,,,,,,,,,,,,,,,,,,,800,767.5,687.5,650,700,675,700,700,762.5,725,675,700,700,695,700,660,615,650,662.5,675,650,700,700,700,700
"Parker","CO","Denver-Aurora-Lakewood","Douglas County",459,,,,,,,,,,,,,,,,,,,1685,1750,1650,1650,1725,1800,1572.5,1550,1650,1495,1550,1625,1770,1795,1595,1625,1625,1849.5,1695,1650,1800,1725,1695,1600,1850,1825,1850,1950,1950,1950,1850,1897.5,1895,1895,1900,1850,1950,1900,2150,1950,1890,1995,2000,2100,2050,2000,2100,2050,2195,2100,2050,2050,2150,2199,2185,2200,2195,2192.5,1977,2250,2100,2137.5,2049,2100,2000,2100,1995,2125,2116.5,2197.5,2200,2275,2250,2200,2150,2100,2195,2200,2200,2100,2200,2275,2300,2300,2325,2200,2285,2200,2200,2250,2300
"Georgetown","TX","Austin-Round Rock","Williamson County",460,,,,,,,,,,,,,,,,,1250,1262.5,1295,1475,1400,1400,1450,1497.5,1400,1400,1437.5,1500,1325,1350,1385,1450,1450,1500,1500,1550,1395,1395,1400,1400,1425,1450,1375,1397.5,1395,1450,1485,1500,1550,1550,1500,1500,1550,1575,1585,1575,1525,1500,1525,1550,1572.5,1550,1550,1550,1550,1550,1575,1600,1600,1600,1595,1600,1650,1600,1600,1600,1600,1600,1625,1600,1650,1595,1650,1695,1600,1600,1650,1650,1650,1695,1700,1697.5,1650,1700,1695,1695,1695,1650,1762.5,1700,1700,1725,1675,1675,1650,1650,1650,1650,1635
"Arden-Arcade","CA","Sacramento--Roseville--Arden-Arcade","Sacramento County",461,,,,,,,,,,,,,,,,,1125,1095,1097.5,1095,1095,1022.5,995,1097.5,1000,950,945,950,950,950,897.5,1000,1050,945,945,900,950,995,950,947.5,950,950,910,895,895,950,980,975,1075,1050,1075,1081.5,1100,1125,1147.5,1100,1000,995,975,1150,1095,1050,1112.5,995,1150,1100,1050,1150,1150,1150,1225,1200,1200,1200,1172.5,1050,1172.5,1172.5,1295,1095,1150,1162.5,1200,1150,1250,1295,1295,1295,1350,1450,1400,1395,1375,1495,1417,1362.5,1395,1395,1472.5,1575,1575,1500,1500,1562.5,1500,1550,1560,1500,1500
"Suffolk","VA","Virginia Beach-Norfolk-Newport News","Suffolk City",462,,,,,,,,,,,,,,1525,1595,1600,1650,1600,1650,1695,1650,1600,1550,1550,1450,1500,1595,1585,1595,1600,1600,1550,1500,1550,1500,1500,1580,1600,1695,1650,1625,1595,1595,1595,1550,1600,1595,1600,1600,1595,1550,1575,1600,1595,1612.5,1575,1595,1550,1595,1600,1600,1570,1550,1600,1650,1649.5,1600,1595,1585,1550,1550,1550,1550,1575,1595,1600,1600,1597.5,1599,1537.5,1550,1500,1595,1525,1500,1495,1495,1500,1595,1595,1595,1625,1550,1547.5,1560,1535,1500,1500,1500,1595,1655,1595,1597.5,1600,1600,1675,1600,1600,1500
"Redmond","WA","Seattle-Tacoma-Bellevue","King County",463,,,,,,,,,,,,,,,,,,,,,,,,,,,,,,,,,,,1700,1650,1662.5,1640,1695,1745,1800,1972.5,2100,2200,2295,2250,2150,2195,2095,2150,2150,2150,2150,2295,2395,2395,2250,2100,2147.5,2200,2250,2150,2172.5,2400,2395,2295,2447.5,2425,2395,2322.5,2300,2295,2295,2450,2495,2325,2400,2500,2695,2497,2374.5,2400,2200,2400,2350,2500,2500,2550,2650,2700,2700,2750,2595,2495,2500,2500,2500,2599,2600,2700,2700,2795,2750,2700,2672.5,2650,2650,2597.5,2650
"Bloomington","IL","Bloomington","McLean County",464,,,,,,,,,,,,,,,,,,,,,,,,,,,,,,,,,,,,,,,,,,,,,,,,,,,,,,,,,,,,,,,,,,,,,,,,,,,,,,,,,,,1125,975,1025,980,995,970,995,997.5,912.5,900,985,925,930,925,850,897.5,895,900,977.5,1000,997.5,945,885,897.5,875,900,900
"Asheville","NC","Asheville","Buncombe County",465,,,,,,,,,,,,,,,,,,,,,,,,,,,,,,,,,,1150,1095,985,1050,1200,1156.5,1100,995,950,945,950,1100,1100,1200,1195,1172.5,1072.5,1097.5,1095,1050,1100,1150,1175,1200,1250,1200,1200,1100,1122.5,1212.5,1300,1262.5,1350,1467.5,1400,1397.5,1380,1300,1350,1400,1400,1300,1375,1395,1400,1400,1300,1472.5,1300,1400,1300,1495,1400,1450,1437.5,1495,1500,1500,1500,1450,1550,1500,1500,1497.5,1500,1500,1500,1567.5,1560,1537.5,1597.5,1500,1512.5,1500,1585,1600
"Citrus Heights","CA","Sacramento--Roseville--Arden-Arcade","Sacramento County",466,,,,,,,,,,,,,,,,,,,,,,,,1195,1172.5,1150,1150,1195,1200,1245,1200,1195,1195,1195,1250,1195,1250,1250,1250,1285,1295,1235,1250,1295,1225,1262.5,1285,1250,1300,1295,1295,1295,1275,1250,1295,1297.5,1295,1300,1250,1250,1325,1350,1300,1295,1295,1295,1350,1395,1350,1350,1320,1387.5,1400,1395,1312.5,1395,1462.5,1415,1395,1437.5,1395,1400,1495,1497.5,1445,1450,1495,1495,1595,1672.5,1550,1550,1595,1595,1595,1595,1650,1600,1500,1599,1620,1695,1695,1672.5,1610,1645,1695,1685,1637.5
"Glen Burnie","MD","Baltimore-Columbia-Towson","Anne Arundel County",467,,,,,,,,,,,,,,,,,,1375,1450,1500,1412.5,1500,1495,1400,1400,1351,1500,1577.5,1500,1500,1395,1400,1350,1321,1255,1260,1350,1357.5,1450,1400,1400,1400,1400,1425,1480,1400,1500,1595,1600,1500,1550,1500,1500,1600,1600,1600,1560,1512.5,1599,1550,1499,1499,1525,1549,1575,1512.5,1562.5,1550,1550,1599,1600,1600,1625,1650,1647.5,1550,1575,1599,1530,1610,1595,1599.5,1500,1650,1500,1600,1550,1510,1635,1650,1695,1650,1600,1695,1650,1650,1685,1695,1750,1750,1737.5,1715,1750,1739.5,1750,1675,1700,1700,1737.5
"Waukegan","IL","Chicago-Naperville-Elgin","Lake County",468,,,,,,,,,,,,,,,,,,,,,,,,,,,,,,,,,,,,,,,,,,,,,,,,,,,,,,,,,,,,,,,,,,,,,,,,,,,,,,1200,1275,1297.5,1295,1275,1300,1300,1297.5,1275,1297.5,1297.5,1350,1300,1257.5,1265,1300,1300,1300,1310,1300,1305,1350,1375,1400,1350,1347.5,1350,1300,1325,1350,1300,1325
"Pflugerville","TX","Austin-Round Rock","Travis County",469,,,,,,,,,,,,,,,,,,,,,,,,,,,,,,,,,,,,,,1075,1025,1200,1260,1295,1225,1250,1275,1300,1297.5,1285,1267,1295,1312.5,1350,1295,1295,1354.5,1375,1350,1354.5,1375,1350,1354.5,1350,1350,1367,1375,1400,1450,1450,1450,1450,1495,1495,1475,1450,1450,1385,1400,1450,1495,1490,1425,1450,1450,1395,1512.5,1550,1550,1595,1562.5,1595,1595,1595,1595,1550,1550,1600,1599,1600,1600,1650,1682,1650,1666,1650,1600,1600,1600,1625,1650
"Bowie","MD","Washington-Arlington-Alexandria","Prince Georges County",470,,,,,,,,,,,,1950,1900,1899,1900,2000,1950,2000,2100,2000,1950,1950,1895,1950,1925,1900,1900,1995,1950,1862.5,1950,1997.5,1850,1925,1950,1925,1899.5,1977.5,1995,1983.5,1950,1995,1997.5,1995,1950,1950,1950,1950,1950,1900,1900,1899,1872.5,1997.5,2000,2000,1950,1900,1900,1900,1950,1999.5,1995,1925,1900,1925,1995,2000,2000,1975,1950,1900,1900,1900,2075,2092.5,2000,2000,2000,1995,2000,1900,1995,1850,2000,1900,1900,1995,2095,2099.5,2100,2000,2000,2000,2025,2050,2025,2000,2050,2000,2037.5,2000,2000,2197.5,2200,2100,2050,2000,2025
"Walnut Creek","CA","San Francisco-Oakland-Hayward","Contra Costa County",471,,,,,,,,,,,,,,,,,,,,,,,,,,,,,,,,,,,2400,2475,2200,1888.5,2000,2200,2400,2187.5,2100,2100,2400,2200,2300,2200,2137.5,2300,2300,2300,2250,2272.5,2550,2500,2500,2700,2750,2325,2300,2500,2750,2750,2600,2650,2895,2981,2720,2995,2822.5,2862.5,2800,2595,2600,2789,2800,2650,2895,3000,3100,2750,2650,2725,2600,2775,2900,2800,2850,3050,3000,3180,3250,3000,2850,2750,2800,2850,3000,2900,2900,3100,3100,2950,2850,2900,2995,2900,2850
"Whittier","CA","Los Angeles-Long Beach-Anaheim","Los Angeles County",472,,,,,,,,,,,,,,,,,,1800,1887,2150,1900,1600,1600,1700,1800,1695,1800,1800,1750,1760,1650,1600,1840,1900,1800,1850,1750,1895,1900,1800,1950,1950,1900,1850,1800,2000,1950,2000,2000,1987.5,1987,2000,2000,2025,2150,2200,2000,2000,2000,2175,2250,2150,2172.5,2150,2200,2200,2100,2100,2150,2100,2100,2100,2100,2250,2250,2125,2390,2150,2200,2100,2000,2300,2000,1950,2000,2225,2200,2250,2300,2200,2550,2485,2395,2385,2400,2312.5,2325,2492.5,2350,2300,2400,2472.5,2500,2495,2495,2425,2400,2342.5,2300
"Macomb","MI","Detroit-Warren-Dearborn","Macomb County",473,,,,,,,,,,,,,,,,,,,,,,,,,,,,,,,,,,,,,,,,,,,,,,,,,,,,,,,,,,,,,,,,,,,,,,,,,,,,,,,,1500,1500,1550,1500,1600,1575,1425,1400,1500,1500,1500,1450,1400,1450,1350,1350,1271.5,1200,1295,1350,1350,1500,1500,1500,1500,1500,1500,1450,1500,1500
"Fayetteville","AR","Fayetteville-Springdale-Rogers","Washington County",474,,,,,,,,,,,,,,,,,,,,,,,,,,,,,,,,,,,,,,,,,,,,,,,,925,1000,1025,1100,1150,1200,1200,1125,1200,1200,1150,1200,1200,1275,1300,1325,1325,1200,1200,1200,1150,1297.5,1250,1200,1200,1200,1225,1295,1300,1200,1200,1195,1200,1250,1172.5,1250,1200,1200,1275,1250,1300,1300,1300,1325,1300,1300,1250,1285,1300,1300,1325,1350,1337.5,1325,1350,1295,1250,1295,1250,1250,1295,1300
"Bloomington","MN","Minneapolis-St. Paul-Bloomington","Hennepin County",475,,,,,,,,,,,,,,,,,,,,,,,,,,,,,,,,,,,,,,,,,,,,,,,,,,,,,,,,,,,,,,,,,,,,,,,,,,,,,,,,,,,,,1499.5,1565,1425,1575,1600,1550,1600,1550,1545,1550,1495,1400,1495,1600,1595,1695,1700,1647.5,1595,1597.5,1650,1660,1672.5,1820,1725
"Buena Park","CA","Los Angeles-Long Beach-Anaheim","Orange County",476,,,,,,,,,,,,,,,,,,,,,,,,,,,,,,,,,,,,,,,,,,,,,,,,,,,,,,,,,,,,,,,,,,,,,,,,,,,,,,,,,,,,2450,2400,2600,2625,2600,2600,2572.5,2595,2600,2650,2625,2650,2600,2587.5,2625,2600,2700,2650,2695,2725,2650,2650,2700,2550,2650,2650
"Longmont","CO","Boulder","Boulder County",477,,,,,,,,,,,,,,,,,,,,,,,,,,,,,,,1322.5,1395,1347.5,1250,1250,1425,1397.5,1375,1395,1385,1295,1345,1262.5,1245,1247.5,1295,1395,1445,1495,1495,1472.5,1445,1422.5,1415,1385,1495,1475,1545,1497.5,1595,1625,1575,1585,1575,1550,1595,1600,1650,1597.5,1695,1645,1600,1500,1597.5,1500,1595,1700,1695,1637.5,1750,1750,1710,1860,1685,1700,1750,1750,1885,1850,1895,1800,1795,1850,1795,1800,1750,1725,1750,1800,1850,1800,1900,1950,1945,1877.5,1850,1800,1800,1800
"Iowa City","IA","Iowa City","Johnson County",478,,,,,,,,,,,,,,,,,,,,,,,,,,,,,,,,,,,,,,,,,,,,,,,,,,,,,,,,,,,,,,,,,,,,,,,,,,,,,,,,,,,1450,1474.5,1260,1340,1330,1300,1300,1300,1300,1350,1450,1710,1595,1450,1365,1395,1345,1400,1312.5,1300,1300,1255,1295,1450,1450,1375,1355
"Bismarck","ND","Bismarck","Burleigh County",479,,,,,,,,,,,,,,,,,,,,,,,,,,,,,,,,,,,,,,,,,,,,,,,,,,,,,,,,,,,,,,,,,,,,,,,,,,,,,,,,,,,,,1337.5,1250,1275,1335,1317.5,1445,1375,1335,1150,1150,1200,1300,1150,1350,1325,1375,1375,1275,1375,1375,1250,1275,1287.5,1375,1275
"Alhambra","CA","Los Angeles-Long Beach-Anaheim","Los Angeles County",480,,,,,,,,,,,,,,,,,,,,,,,,,,,,,,,,,,,,,,,,,,,,,,,,,,,,,,,,,,,,,,,,,,,,,,,,,,,,,,,,,,,,,2395,2450,2400,2475,2495,2500,2400,2300,2400,2500,2400,2395,2390,2350,2300,2500,2500,2500,2495,2500,2462.5,2450,2500,2500,2400
"Trenton","NJ","Trenton","Mercer County",481,,,,,,,,,,,,,970,1000,975,975,925,995,1000,1025,1050,1092.5,1100,1000,1070,1050,1050,1025,1025,1000,980,1000,950,1000,1000,1000,1050,1050,1075,1000,992.5,1075,1050,1100,1100,1200,1100,1100,1075,1100,1050,1050,1000,1000,1000,1025,1050,1100,1100,1097.5,1025,1000,1050,1100,1100,1100,1000,1000,1000,1000,1050,1050,1100,1000,1000,1100,1100,1100,1050,1050,1125,1000,1100,1050,1100,1100,1100,1199.5,1200,1200,1100,1100,1100,1100,1100,1100,1100,1150,1125,1150,1150,1100,1100,1189,1150,1125,1150,1200,1200
"Conyers","GA","Atlanta-Sandy Springs-Roswell","Rockdale County",482,,,,1000,975,950,962.5,950,850,925,950,897.5,962.5,962.5,980,975,900,950,937.5,900,875,895,897.5,937.5,895,900,950,950,900,950,900,900,950,950,925,925,925,895,950,945,975,950,950,995,975,975,995,950,925,925,950,950,950,950,925,947.5,950,950,925,947.5,950,950,950,954.5,995,995,1039,1000,1000,965,975,965,995,1020,1025,1050,1000,1099,1050,1020,1040,1100,995,1000,1100,1095,1100,1150,1199,1195,1200,1190,1195,1150,1162.5,1125,1195,1195,1200,1195,1195,1277.5,1225,1275,1250,1245,1247,1245,1250
"Clifton","NJ","New York-Newark-Jersey City","Passaic County",483,,,,,,,,,,,,,,,,,,,,,,,,,,,,,,,,,,,,,,,,,,,,,,,,,,,,,,,,,,,,,,,,,,,,,,,,,,,,,,,,,,,,,2000,1937.5,2200,2150,2125,1850,1900,2100,2125,2200,2200,2175,2050,2125,2000,2125,2250,2250,2200,2250,2100,2295,2200,2197.5,2100
"Germantown","MD","Washington-Arlington-Alexandria","Montgomery County",484,,,,,,,,,1550,1550,1550,1595,1689.5,1590,1600,1650,1600,1650,1689.5,1650,1650,1625,1550,1550,1585,1575,1600,1625,1597.5,1550,1600,1695,1662.5,1600,1550,1505,1600,1550,1549,1482.5,1600,1600,1600,1667.5,1695,1650,1697.5,1695,1695,1670,1675,1650,1700,1695,1700,1700,1700,1700,1717.5,1700,1700,1650,1662.5,1650,1700,1662.5,1695,1700,1700,1700,1700,1700,1700,1700,1700,1700,1750,1700,1700,1700,1695,1700,1700,1700,1690,1662.5,1650,1677.5,1700,1710,1750,1750,1700,1650,1650,1650,1700,1700,1700,1700,1700,1800,1800,1777.5,1750,1750,1725,1750,1725
"Jackson","TN","Jackson","Madison County",485,,,,,,,,,,,,,,,,,,,,,,,,,,,,,,,,,,,,,,,,,,,,,,,,,,,,,,,,,,,,,,,,,,,,,,,,,,,,,,,,,,,,,,950,962.5,862.5,900,912.5,970,925,872.5,850,900,887.5,825,850,895,900,900,900,950,950,895,850,900,900,875
"Toms River","NJ","New York-Newark-Jersey City","Ocean County",486,,,,,,,,,,,,,,,,,,,,,,1650,1700,1650,1575,1600,1500,1575,1550,1600,1625,1525,1500,1550,1550,1625,1650,1650,1750,1750,1800,1825,1800,1750,1775,1750,1725,1700,1750,1700,1750,1800,1737.5,1800,1825,1850,1800,1750,1700,1700,1745,1750,1800,1825,1850,1800,1800,1750,1675,1650,1650,1600,1750,1750,1750,1700,1700,1650,1850,1800,1700,1737.5,1750,1750,1750,1725,1750,1750,1650,1800,1737.5,1700,1800,1775,1750,1700,1700,1692.5,1750,1800,1800,2000,1974.5,1925,1850,1850,1795,1800,1825
"Lynnwood","WA","Seattle-Tacoma-Bellevue","Snohomish County",487,,,,,,,,,,,,,,,,,,,,,,,,,,,,,,,,,,,,,,,,,,1625,1597.5,1695,1650,1750,1700,1695,1712.5,1695,1685,1697.5,1800,1797.5,1750,1750,1850,1850,1850,1795,1800,1795,1710,1650,1662.5,1672.5,1750,1795,1800,1800,1900,1850,1862.5,1850,1745,1850,1737.5,1897.5,2052.5,1972.5,2150,2095,2050,2025,1895,1900,2095,2200,2172.5,2162.5,2200,2149.5,2124.5,1999,1995,1995,2125,2195,2200,2272.5,2195,2300,2375,2300,2247.5,2200,2100,2200,2200
"Tustin","CA","Los Angeles-Long Beach-Anaheim","Orange County",488,,,,,,,,,,,,,,,,,,,,2390,2275,2300,2050,2400,2200,2200,2200,2150,2200,2100,2200,2200,2200,2225,2147.5,2200,2300,2200,2250,2200,2250,2425,2400,2400,2300,2397.5,2500,2600,2495,2525,2500,2500,2500,2625,2700,2650,2650,2650,2700,2700,2700,2724.5,2700,2662.5,2595,2700,2725,2650,2700,2650,2600,2625,2625,2650,2750,2750,2700,2400,2600,2650,2650,2700,2770,2412.5,2625,2700,2850,2872.5,2900,3193.5,3100,2987.5,2850,2900,2927.5,2875,2750,2750,2800,2850,2950,2850,2850,2900,2850,2850,2800,2850,2900
"Ellicott City","MD","Baltimore-Columbia-Towson","Howard County",489,,,,,,,,,,,,,,,,,,2400,2400,2400,2200,2000,2000,1990,1850,1875,2000,2000,2150,2250,2050,2150,2125,2000,1962.5,1950,1850,1900,1900,2000,2000,2100,2100,2150,2150,2100,2100,2047.5,2000,2150,2100,2100,2200,2275,2250,2250,2175,2097.5,2132.5,2200,2100,2100,2100,2000,2125,2200,2200,2100,2150,2150,2125,2072.5,2100,2200,2200,2300,2295,2200,2250,2200,2275,2200,2200,2000,2200,2172.5,2200,2195,2200,2200,2200,2200,2200,2133,2127,2100,2100,2100,2150,2174.5,2200,2200,2300,2300,2200,2200,2150,2284,2284
"Conway","AR","Little Rock-North Little Rock-Conway","Faulkner County",490,,,,,,,,,,,,,,,,,,,,,,,,,,,,,,,,,,,,,,,,,,,,,,,,,,,,,,,,,,,,,,,,,,,,,,,,,,,,,,,,,,985,925,985,975,950,1050,1100,1100,1050,1050,1000,950,900,900,900,950,1050,1050,1017.5,1075,1025,1100,1075,1037.5,1075,1050,1050,1050
"Hattiesburg","MS","Hattiesburg","Forrest County",491,,,,,,,,,,,,,,,,,,,,,,,,,,,,,,,,,,,,,,,,,,,,,,,,,950,900,900,900,925,900,862.5,900,850,800,800,900,900,875,850,825,862.5,800,800,800,767.5,810,800,897.5,900,895,875,900,950,950,900,875,987.5,850,900,900,925,962.5,950,900,985,1085,1050,950,975,975,975,1065,987.5,1000,1057.5,900,950,1052.5,1100,1075,992.5,985,1000,995,1000
"Huntington","NY","New York-Newark-Jersey City","Suffolk County",492,,,,,,,,,,,,,,,,,,,,,,,,,,,2097.5,2250,2250,2100,2100,2100,2200,2137.5,2150,2400,2450,2400,2350,2150,2500,2500,2500,2250,2295,2395,2600,2600,2500,2450,2450,2350,2400,2600,2450,2575,2600,2500,2500,2525,2500,2300,2400,2400,2375,2425,2450,2600,2600,2500,2450,2400,2400,2475,2375,2400,2475,2600,2500,2550,2450,2600,2475,2750,2500,2500,2600,2750,2750,2750,2800,2700,2700,2725,2700,2800,2800,2800,2800,2775,2850,2800,2800,2800,2800,2800,2800,2800,2900
"Spokane Valley","WA","Spokane-Spokane Valley","Spokane County",493,,,,,,,,,,,,,,,,,,,,,,,,,,,,,,,,,,,,,,,,,,,,,,,,,,,,,,,,,,,,,,,,,,,,,,,,,,,,,,,,,,,,,,,,,,,,,,1325,1300,1200,1095,1147.5,1095,1195,1245,1195,1195,1295,1300,1300,1300,1297.5,1315
"Danbury","CT","Bridgeport-Stamford-Norwalk","Fairfield County",494,,,,,,,,,,,,1750,1637.5,1500,1500,1575,1650,1650,1587.5,1700,1550,1550,1600,1550,1500,1500,1500,1625,1700,1825,1850,1700,1700,1667.5,1650,1650,1697.5,1500,1500,1750,1650,1700,1600,1675,1700,1795,1747.5,1800,1650,1772.5,1687.5,1700,1795,1762.5,1800,1775,1700,1697.5,1750,1750,1750,1750,1742.5,1700,1950,1872.5,1895,1900,1850,1900,1950,1875,1700,1650,1800,1800,1700,1650,1700,1700,1800,1712.5,1595,1725,1750,1750,1897.5,1800,1800,1800,1900,1850,1800,1800,1787.5,1700,1700,1725,1600,1700,1750,1900,1950,1800,1800,1700,1637.5,1750,1750
"Norwalk","CT","Bridgeport-Stamford-Norwalk","Fairfield County",495,,,,,,,,,,,,,,,,,,,,,,2700,2500,2450,2495,2272.5,2400,2500,2400,2300,2295,2500,2350,2300,2500,2400,2400,2225,2200,2100,2200,2250,2550,2575,2500,2562.5,2400,2400,2400,2400,2250,2250,2400,2400,2350,2400,2450,2400,2450,2500,2500,2475,2450,2500,2500,2500,2500,2600,2500,2475,2500,2500,2500,2450,2500,2500,2550,2575,2575,2600,2600,2600,2450,2500,2500,2475,2500,2500,2550,2450,2500,2500,2400,2450,2550,2575,2650,2525,2625,2450,2400,2500,2400,2400,2400,2400,2300,2300,2287.5
"Houma","LA","Houma-Thibodaux","Terrebonne Parish",496,,,,,,,,,,,,,,,,,,,,,,,,,,,,,,,,,,,,,,,,,,,,,,,,,,,,,,,,,,,,,,,,,,,,,,,,,,,,,,,,,,,,1050,1175,1197.5,1150,1100,1200,1195,1200,1200,1100,1150,1025,1100,1100,1100,1100,1100,1000,1000,1100,1150,1100,1100,1085,1097.5,1100
"Largo","FL","Tampa-St. Petersburg-Clearwater","Pinellas County",497,,,,,,,,,,1100,1095,997.5,962.5,950,967.5,995,1000,950,900,915,925,900,900,950,935,950,950,950,925,897.5,975,995,925,925,995,950,950,1000,1100,1050,1099,1000,995,1100,1075,1150,1075,1150,1124,1100,1150,1137,1200,1150,1200,1200,1150,1112,1231,1200,1172.5,1150,1231,1150,1200,1237,1200,1200,1243.5,1200,1199.5,1199.5,1200,1200,1275,1250,1295,1300,1272.5,1245,1195,1200,1243.5,1287,1200,1325,1250,1299.5,1350,1362.5,1390,1357.5,1295,1295,1350,1375,1335,1325,1345,1400,1412.5,1445,1399,1399,1400,1495,1500,1425,1400
"Gresham","OR","Portland-Vancouver-Hillsboro","Multnomah County",498,,,,,,,,,,,,,,,,,,,,,,,,,,,,,,,,,,,,,,,,,,,,,,,,,,,,,,,,,,,,,,,,,,,,,,,,,,,,,,,,,,,1450,1595,1625,1595,1595,1550,1595,1550,1595,1597.5,1650,1525,1525,1595,1695,1695,1795,1600,1595,1600,1650,1772.5,1750,1750,1795,1750,1695
"Troy","MI","Detroit-Warren-Dearborn","Oakland County",499,,,,1525,1525,1600,1500,1500,1600,1600,1570,1600,1595,1500,1500,1525,1595,1750,1799,1650,1650,1525,1500,1500,1500,1500,1500,1490,1500,1650,1725,1687.5,1625,1600,1600,1600,1600,1650,1635,1650,1725,1750,1800,1800,1650,1650,1650,1700,1750,1800,1800,1800,1750,1800,1750,1750,1782.5,1750,1700,1650,1650,1650,1700,1700,1825,1872.5,1850,1850,1800,1880,1895,1899.5,1750,1800,1800,1800,1850,1785,1875,1800,1785,1800,1800,1725,1812.5,1800,1850,1897.5,1825,1900,1900,1900,1850,1850,1875,1850,1850,1850,1797.5,1800,1900,1850,1850,1855,1900,1900,1950,1900,1850
"Panama City","FL","Panama City","Bay County",500,,,,,,,,,,,,,,,,,,,,,,,,,,,,,,,,,,,,,,,,,,,,,,,,,,,,,,,,,,,,,,,,,,,,,,,,,,,,,,,,,,,,,,1062.5,1099,1195,1200,1297.5,1400,1300,1200,1250,1212.5,1212.5,1200,1200,1250,1250,1285,1300,1400,1295,1200,1350,1500,1600,1550
"Kingsport","TN","Kingsport-Bristol-Bristol","Sullivan County",501,,,,,,,,,,,,,,,,,,,,,,,,,,,,,,,,,,,,,,,,,,,,,,,,,,,,,,,,,,,,,,,,,,,,,,,,,,,,,,,,,,,,,,,,,,,,845,850,900,900,900,900,897.5,849.5,800,850,950,977.5,950,895,895,850,850,895
"Sanford","FL","Orlando-Kissimmee-Sanford","Seminole County",502,,,,,,,,,,,,,1049.5,1000,1050,1095,1000,995,975,975,995,1000,1000,1000,995,1025,1000,1050,1095,1085,1050,1000,1000,1095,1025,1000,1000,1000,1050,1075,1100,1100,1125,1100,1100,1095,1097,1100,1095,1100,1100,1100,1150,1195,1175,1169,1195,1195,1175,1177,1175,1195,1197,1249,1249.5,1275,1250,1199,1195,1225,1195,1215,1250,1245,1250,1245,1250,1250,1249,1250,1300,1249.5,1250,1295,1250,1299.5,1249,1322.5,1350,1395,1375,1350,1325,1300,1300,1295,1340,1375,1395,1400,1395,1400,1395,1385,1350,1375,1400,1400,1395
"Palm Coast","FL","Deltona-Daytona Beach-Ormond Beach","Flagler County",503,,,,,,,,,,,,,,1200,1200,1172.5,1025,1000,1000,985,950,950,950,950,975,1000,997.5,1000,992.5,1000,1000,1000,1025,1100,1100,1100,1100,1125,1100,1185,1150,1137.5,1150,1175,1125,1187.5,1250,1200,1175,1137.5,1100,1137.5,1200,1200,1200,1250,1250,1200,1200,1200,1250,1250,1250,1250,1300,1300,1250,1250,1300,1300,1300,1300,1300,1300,1300,1350,1300,1275,1300,1350,1300,1250,1350,1300,1350,1350,1397.5,1500,1400,1400,1400,1500,1500,1450,1497.5,1495,1450,1450,1400,1450,1450,1450,1450,1450,1450,1400,1400,1400,1400
"Quincy","MA","Boston-Cambridge-Newton","Norfolk County",504,,,,,,,,,,,,,,,,,,1600,1600,1650,1554,1650,1600,1590,1500,1475,1450,1572.5,1600,1657.5,1650,1600,1650,1712.5,1650,1606,1600,1600,1600,1650,1697.5,1700,1650,1600,1600,1600,1600,1650,1640,1600,1630,1650,1700,1787.5,1800,1849,1800,1700,1675,1662.5,1700,1725,1700,1692.5,1700,1750,1850,1825,1825,1800,1800,1850,1800,1800,1850,1800,1700,1850,1750,1775,1900,1950,1900,1862.5,1900,1850,1850,1900,1950,1900,1900,1900,1985,2000,1850,1900,2000,2000,2000,2000,1950,2000,1950,1897.5,1850,1900,2000,1950,1950
"Westland","MI","Detroit-Warren-Dearborn","Wayne County",505,,,,,,,,,,,,,,,,,,995,1072.5,1050,997.5,900,895,900,900,900,977.5,950,975,942.5,850,900,950,950,950,900,900,949.5,900,950,950,950,892.5,1000,892.5,900,892.5,950,950,980,950,975,1000,1000,1000,1000,950,970,950,1000,1000,1000,1000,1000,950,900,975,962.5,950,900,1000,975,1000,950,922.5,1000,1025,1000,1100,1075,1095,1000,1000,1000,1000,1000,1000,1000,1000,1025,1075,1000,995,1000,1000,1000,1000,950,1000,1000,1000,1100,1200,1150,1050,1100,1100,1050,1000
"Saint George","UT","St. George","Washington County",506,,,,,,,,,,,,,,,,,,,,,,,,,,,,,,,,,,,,1100,1100,1085,1097.5,1100,1175,1150,1150,1175,1200,1200,1075,1100,1050,975,1000,1000,1000,1050,1095,1100,1000,1050,1150,1200,1075,1075,1050,1050,1100,1095,1100,995,1080.5,1100,1125,1200,1100,1295,1200,1200,1200,1300,1258,1300,1310,1222.5,1250,1250,1350,1350,1300,1375,1350,1316,1366,1316,1300,1316,1316,1266,1308,1358,1400,1423,1472.5,1400,1500,1495,1458.5,1450,1400,1400,1410
"Ogden","UT","Ogden-Clearfield","Weber County",507,,,,,,,,,,,,,,,,,,,,,,,,,,,,,,,,,,,,,,,,,,,,,,,,,,,,,,,,,,,,,,,,,,,,,,,,,,,,,,,,,,,,1010,1025,950,950,995,897.5,937.5,1025,1075,975,995,997.5,1100,995,1095,1150,1015,1100,1050,1000,1095,1095,1100,1100,1100,1122.5
"Johns Creek","GA","Atlanta-Sandy Springs-Roswell","Fulton County",508,,,,1950,1750,1800,1850,1800,1700,1700,1800,1650,1600,1600,1650,1650,1925,1950,1800,1750,1750,1697.5,1750,1800,1850,1950,1900,1695,1700,1750,1795,1800,1695,1700,1600,1650,1600,1597.5,1600,1650,1650,1750,1800,1625,1675,1700,1700,1700,1687.5,1695,1650,1665,1700,1750,1687.5,1799,1750,1762.5,1795,1772.5,1754.5,1800,1800,1750,1850,1950,1979,1950,1950,1900,1895,1902.5,1895,1890,1950,1995,1995,1995,1997.5,2100,2050,2000,1995,1995,1900,1950,1949,1950,1995,2000,2000,2000,2000,1990,1950,1995,1950,1950,1997.5,2000,2000,2000,1997.5,2000,2050,2100,2050,2000,2012.5
"Canton","GA","Atlanta-Sandy Springs-Roswell","Cherokee County",509,,,,,,,1275,1300,1395,1295,1400,1345,1397.5,1395,1300,1250,1397.5,1400,1395,1400,1362.5,1350,1395,1300,1250,1200,1300,1325,1300,1350,1295,1300,1250,1295,1295,1295,1280,1200,1200,1250,1250,1300,1300,1300,1300,1295,1275,1250,1250,1250,1250,1250,1295,1300,1325,1337.5,1350,1350,1350,1355,1350,1400,1362.5,1395,1400,1450,1450,1450,1400,1400,1395,1375,1395,1395,1400,1435,1447,1400,1459,1447.5,1450,1400,1442.5,1397.5,1419,1404.5,1450,1475,1500,1500,1482.5,1490,1495,1450,1450,1475,1475,1499.5,1499,1550,1550,1539.5,1522.5,1490,1492.5,1492.5,1562.5,1595,1595
"Woodbridge","NJ","New York-Newark-Jersey City","Middlesex County",510,,,,,,,,,,,,,,,,,,,,1800,1900,1750,1750,1700,1700,1700,1700,1697.5,1695,1675,1725,1800,1800,1700,1747.5,1747.5,1750,1650,1900,1750,1650,1625,1650,1700,1650,1800,1700,1800,1850,1725,1725,1750,1850,1800,1850,1800,1825,1700,1700,1650,1700,1650,1675,1800,1850,1775,1650,1750,1900,1895,1897.5,1900,1850,1862.5,1862.5,1875,1850,1900,1700,1700,1875,1800,1775,1700,1825,1825,1750,1800,1800,1887.5,1950,1950,1875,1887.5,1950,1925,1900,1900,1887.5,1800,1800,1812.5,1800,1825,1875,1862.5,1875,1825,1900
"Kirkland","WA","Seattle-Tacoma-Bellevue","King County",511,,,,,,,,,,,,,,,2025,1995,1997.5,2250,1995,1950,1962.5,1750,1795,1700,1500,1622.5,1572.5,1695,1710,1695,1699.5,1797.5,1850,1695,1760,1695,1450,1500,1525,1770,1850,1813,1995,1895,1995,1885,1992.5,1990,1950,1995,2025,2079,2172.5,2295,2200,2290,2325,2295,2145,2195,1995,1950,1950,2060,2145,2350,2300,2395,2300,2295,2200,2297.5,2200,2325,2400,2300,2300,2484,2425,2350,2495,2350,2300,2225,2150,2225,2200,2200,2350,2550,2550,2550,2497,2372.5,2350,2400,2300,2300,2400,2400,2595,2700,2625,2600,2595,2500,2500,2500,2595
"Waldorf","MD","Washington-Arlington-Alexandria","Charles County",512,,,,,,,,1750,1800,1850,1722.5,1650,1697.5,1850,1800,1800,1850,1797.5,1795,1725,1695,1700,1750,1750,1700,1650,1672.5,1750,1700,1700,1795,1775,1697.5,1650,1650,1600,1700,1695,1650,1650,1767.5,1800,1772.5,1800,1800,1800,1750,1750,1700,1695,1695,1695,1750,1750,1800,1800,1800,1750,1795,1775.5,1762.5,1700,1700,1750,1800,1800,1849,1800,1800,1800,1795,1800,1780,1797.5,1800,1800,1845,1750,1800,1750,1750,1750,1750,1800,1750,1750,1800,1800,1800,1850,1860,1800,1800,1800,1795,1770,1800,1800,1800,1795,1800,1800,1800,1800,1825,1850,1812.5,1850,1850
"Stafford","VA","Washington-Arlington-Alexandria","Stafford County",513,,,,1692.5,1670,1650,1772.5,1772.5,1700,1595,1500,1600,1400,1500,1500,1672.5,1700,1700,1700,1650,1695,1500,1500,1550,1550,1500,1550,1500,1600,1600,1612.5,1625,1600,1600,1550,1550,1500,1550,1650,1600,1650,1700,1650,1650,1625,1600,1650,1662.5,1650,1650,1675,1700,1800,1750,1750,1695,1662.5,1650,1650,1700,1685,1650,1750,1800,1800,1800,1800,1750,1700,1700,1700,1675,1625,1697.5,1685,1725,1800,1850,1800,1750,1795,1797.5,1625,1700,1750,1700,1797.5,1800,1825,1800,1800,1800,1800,1800,1800,1700,1700,1700,1750,1850,1900,1900,1850,1855,1855,1875,1850,1900,1800
"Manteca","CA","Stockton-Lodi","San Joaquin County",514,,,,,,,,,,,,,,,,,,,,1250,1350,1400,1425,1397.5,1450,1300,1295,1297.5,1300,1325,1350,1392.5,1350,1310,1200,1300,1400,1350,1372.5,1445,1450,1397.5,1395,1450,1300,1322.5,1399.5,1375,1400,1475,1495,1500,1450,1399.5,1425,1472.5,1495,1495,1495,1445,1470,1425,1500,1459.5,1595,1595,1595,1512.5,1595,1500,1500,1550,1500,1550,1550,1495,1572.5,1622.5,1595,1625,1575,1600,1695,1547.5,1697.5,1600,1645,1675,1750,1750,1745,1790,1792.5,1750,1797.5,1850,1797.5,1750,1837.5,1850,1922.5,1895,1985,1897.5,1947.5,1825,1947.5,1945,1900
"Camarillo","CA","Oxnard-Thousand Oaks-Ventura","Ventura County",515,,,,,,,,,,,,,,1700,1795,1912.5,2000,2000,2050,2172.5,2197.5,2112.5,2047.5,2100,2050,1950,1950,2000,2150,2250,2250,2250,2325,2300,2150,2075,2100,2050,2137.5,2200,2250,2200,2050,2250,2275,2275,2350,2400,2300,2300,2295,2200,2297.5,2475,2400,2425,2350,2365,2400,2500,2400,2250,2387.5,2375,2375,2650,2650,2525,2500,2472.5,2500,2450,2497.5,2437.5,2500,2600,2572.5,2697.5,2541,2600,2600,2492.5,2600,2637.5,2600,2600,2500,2700,2600,2600,2650,2650,2650,2700,2700,2650,2650,2750,2750,2700,2725,2800,2800,2750,2695,2695,2800,2900,2800
"Farmington Hills","MI","Detroit-Warren-Dearborn","Oakland County",516,,,,,,,,,,,,,,,,,,,,,,,,,,,,,,,,,,,,,,,,,,,,,1500,1412.5,1400,1400,1300,1300,1250,1200,1350,1300,1300,1400,1500,1500,1425,1400,1500,1395,1425,1500,1495,1495,1400,1500,1500,1472.5,1500,1400,1400,1400,1397.5,1400,1397.5,1350,1300,1397.5,1500,1500,1400,1445,1372.5,1400,1500,1400,1395,1500,1600,1550,1500,1500,1475,1500,1450,1400,1450,1500,1450,1475,1597.5,1500,1600,1500,1600,1700,1700
"Jonesboro","AR","Jonesboro","Craighead County",517,,,,,,,,,,,,,,,,,,,,,,,,,,,,,,,,,,,,,,,,,,,,,,,,,,,,,,,,,,,,,,,,,,,,,,,,,,,,,,,,,850,912.5,962.5,850,925,987.5,1100,1100,1100,1075,1000,1062.5,1050,1050,997.5,999,997.5,995,999.5,1000,1050,1050,1075,1000,995,995,950,950,925
"Slidell","LA","New Orleans-Metairie","Saint Tammany Parish",518,,,,,,,,,,,,,,,,,,1200,1200,1200,1150,1100,1100,1100,1050,1000,1100,1037.5,1100,1197.5,1200,1200,1195,1175,1300,1100,1197.5,1300,1350,1300,1200,1200,1200,1150,1195,1150,1172.5,1200,1195,1185,1195,1200,1200,1200,1200,1200,1200,1200,1287.5,1300,1200,1250,1350,1287.5,1250,1250,1200,1200,1225,1250,1250,1250,1300,1300,1300,1275,1250,1200,1150,1250,1250,1277.5,1300,1200,1275,1295,1300,1300,1300,1300,1300,1300,1275,1225,1300,1290,1285,1250,1295,1300,1300,1300,1325,1300,1300,1300,1300,1287.5,1300
"Greenwood","IN","Indianapolis-Carmel-Anderson","Johnson County",519,,,,,,,,,,,,,,,,,,,,,,,,,,,,,,,,,,,1095,1112.5,1050,1095,1050,1050,1100,1097.5,1125,1075,1150,1175,1195,1200,1195,1150,1175,1162.5,1245,1245,1275,1225,1200,1195,1195,1195,1175,1185,1197.5,1199.5,1197,1200,1150,1185,1245,1212.5,1250,1245,1225,1245,1247.5,1197.5,1295,1210,1232.5,1175,1195,1179,1199.5,1195,1249,1225,1225,1250,1250,1250,1250,1240,1225,1240,1195,1195,1195,1195,1247.5,1300,1350,1335,1345,1305,1325,1295,1295,1265,1249.5
"Eau Claire","WI","Eau Claire","Eau Claire County",520,,,,,,,,,,,,,,,,,,,,,,,,,,,,,,,,,,,,,,,,,,,,,,,,,,,,,,,,,,,,,,,,,,,,,,,,,,,,,,,,,,,,,,,,,,,,,,,,,1112.5,1100,1057.5,1075,996.5,975,999,977.5,1050,1000,1050,1100,1100
"Apple Valley","CA","Riverside-San Bernardino-Ontario","San Bernardino County",521,,,,,,,,,,,,,,1100,1197,1100,1097.5,1100,1100,1100,1000,1025,997.5,997.5,990,975,995,985,950,982.5,962.5,950,925,950,950,950,950,950,925,995,995,950,950,995,1000,1050,1000,997.5,1100,1095,1052.5,1052.5,1000,1025,1000,1080,1080,1050,1095,1100,1075,1100,1100,1100,1100,1200,1150,1100,1095,1050,1150,1140,1150,1150,1200,1162.5,1200,1162.5,1212.5,1150,1150,1185,1200,1200,1250,1217.5,1250,1250,1295,1295,1347.5,1350,1250,1297.5,1300,1300,1300,1298.5,1300,1350,1312.5,1350,1395,1400,1395,1395,1380,1397.5,1400
"Town 'n' Country","FL","Tampa-St. Petersburg-Clearwater","Hillsborough County",522,,,,,,,,,,,,,,1000,1097.5,1087.5,1095,1100,1100,1100,1050,1050,1000,1050,1050,1000,1045,1050,1070,1050,1077.5,1100,1070,1100,1050,1050,1062.5,1100,1070,1000,1090,1125,1150,1195,1200,1200,1197.5,1175,1195,1200,1200,1200,1200,1200,1200,1200,1200,1200,1187,1169,1200,1200,1245,1200,1200,1247.5,1200,1200,1250,1221.5,1300,1275,1250,1265,1310,1375,1250,1349.5,1250,1285,1350,1350,1285,1250,1300,1300,1370,1450,1385,1350,1350,1370,1350,1325,1300,1300,1350,1350,1360,1395,1400,1400,1400,1350,1300,1329,1349,1350,1350
"Tomball","TX","Houston-The Woodlands-Sugar Land","Harris County",523,,,,,,,,,,,,,,,,,,,,,,,,,,,,,,,,,,,,,,,,,,,,,,,,,,,1500,1500,1562.5,1529,1500,1550,1612.5,1575,1600,1597,1550,1599,1567,1600,1600,1600,1650,1600,1600,1600,1595,1597.5,1580,1595,1650,1562.5,1687.5,1595,1600,1600,1550,1600,1595,1500,1550,1500,1525,1585,1585,1585,1600,1599,1600,1595,1595,1650,1650,1625,1625,1650,1650,1677.5,1695,1650,1625,1637.5,1650,1650,1625
"Fishers","IN","Indianapolis-Carmel-Anderson","Hamilton County",524,,,,,,,,,,,,,,,,,,1425,1397.5,1395,1350,1400,1400,1400,1550,1550,1499.5,1395,1395,1395,1395,1350,1325,1295,1350,1350,1350,1399,1399,1499,1400,1475,1500,1500,1450,1437.5,1425,1450,1425,1450,1450,1450,1450,1450,1450,1450,1425,1499,1485,1492.5,1495,1425,1495,1450,1450,1450,1450,1430,1399,1425,1400,1400,1450,1475,1450,1450,1497,1450,1485,1399,1472.5,1422.5,1395,1400,1425,1450,1475,1475,1500,1500,1450,1495,1495,1450,1445,1450,1450,1532.5,1550,1550,1550,1550,1500,1550,1500,1495,1495,1537.5,1500
"Arlington Heights","IL","Chicago-Naperville-Elgin","Cook County",525,,,,,,,,,,,,,,,,,,,,,,1600,1550,1450,1400,1340,1335,1425,1550,1445,1400,1325,1325,1310,1350,1365,1355,1352.5,1355,1500,1500,1525,1500,1500,1600,1615,1650,1600,1620,1672.5,1637.5,1700,1700,1620,1695,1710,1750,1625,1600,1607.5,1672.5,1697.5,1700,1637.5,1650,1615,1700,1700,1650,1697,1712.5,1650,1620,1685,1695,1672.5,1650,1697.5,1575,1695,1462.5,1477.5,1625,1485,1538.5,1600,1500,1685,1675,1850,1697.5,1657.5,1695,1637.5,1650,1600,1600,1615,1725,1762.5,1695,1800,1800,1900,1900,1850,1850,1875,1695
"Oviedo","FL","Orlando-Kissimmee-Sanford","Seminole County",526,,,,,,,,,,,,,,1375,1350,1299,1299,1375,1395,1350,1350,1295,1300,1297.5,1300,1335,1372.5,1350,1350,1395,1397.5,1397.5,1395,1295,1200,1200,1250,1175,1200,1250,1400,1400,1400,1400,1400,1400,1395,1398,1395,1399,1395,1395,1475,1450,1475,1450,1450,1450,1425,1425,1400,1450,1500,1550,1550,1595,1600,1600,1595,1550,1550,1495,1500,1485,1600,1550,1650,1650,1629,1650,1650,1539.5,1595,1600,1550,1600,1630,1695,1650,1695,1727.5,1672.5,1686,1655,1695,1674.5,1670,1667.5,1750,1750,1750,1762.5,1750,1750,1750,1707.5,1700,1776,1795
"Lakewood","CA","Los Angeles-Long Beach-Anaheim","Los Angeles County",527,,,,,,,,,,,,,,,,,,,,,,,,,,,,,,,,,,,,,,,,,,,,,,,,,,,,,,,,,,,,,,,,,,,,,,,,,,,,,,,,,,,,2325,2300,2400,2500,2400,2400,2450,2575,2595,2500,2550,2595,2595,2550,2450,2500,2497.5,2500,2582.5,2600,2537.5,2575,2462.5,2525,2537.5,2550
"Mount Pleasant","SC","Charleston-North Charleston","Charleston County",528,,,,,,,,,,,,,,,,,,,,,,,,,,,,,,,,,,,,,,,,,,,,,,,,,,,,,,,,,,,,,,,,,,,,,,,,,,,,,,,1900,2200,2000,1875,1995,1950,1995,2150,2125,2000,2200,2200,2200,2100,2100,2100,2150,2050,2100,1995,1995,2200,2200,2200,2200,2200,2200,2175,2100,2075,2025
"Parma","OH","Cleveland-Elyria","Cuyahoga County",529,,,,,,,,,,,,,,,,,,,,,,,,,,,,,,,,,,,,,,,,,,,,,,,,,,,,,,,,,,,,,,,,,,,,,,,,,,,,,,,,,,,1037.5,1000,1025,1025,1050,1050,1050,1050,1080,1050,1050,1050,1050,1042.5,1050,1075,1085,1100,1100,1145,1150,1120,1100,1050,1050,1050,1100
"Brandon","FL","Tampa-St. Petersburg-Clearwater","Hillsborough County",530,,,,,,,,,,,,,1050,1050,1195,1200,1200,1175,1150,1150,1150,1150,1150,1150,1125,1150,1150,1150,1150,1200,1195,1200,1200,1200,1200,1200,1200,1200,1250,1250,1250,1250,1278,1300,1250,1250,1250,1250,1250,1249.5,1235,1247,1250,1275,1250,1300,1299,1300,1300,1295,1272,1295,1295,1300,1325,1350,1350,1350,1300,1340,1350,1349.5,1350,1345,1300,1300,1350,1345,1350,1337.5,1300,1299,1300,1350,1385,1400,1405,1397.5,1400,1422.5,1400,1400,1394.5,1400,1400,1400,1400,1450,1450,1460,1495,1495,1475,1450,1492.5,1435,1400,1440,1450
"Gary","IN","Chicago-Naperville-Elgin","Lake County",531,,,,,,,,,,,,,,,,,,,,,,,,,,,,,,,,,,,,,,,,,,,,,,,,,,,,,,,,,,,,,,,,,,,,,,,,,,,,,,,,,,725,750,700,775,750,750,750,775,750,750,750,750,750,750,750,750,775,750,775,800,800,797.5,750,775,775,775,800,800
"Covina","CA","Los Angeles-Long Beach-Anaheim","Los Angeles County",532,,,,,,,,,,,,,,,,,,,,,,,,,,,1787.5,1825,1870,1892.5,1872.5,1850,1850,1892.5,1870,1950,1850,1850,1900,1975,1900,1900,1895,1921,1900,1937.5,1975,2000,1985,1975,1950,1925,1800,2000,1995,1950,2000,2000,2000,1900,1900,1900,2075,2100,2100,2100,2075,2050,2100,2100,2095,2050,2100,2100,2250,2200,2025,1950,2200,2000,2100,2000,1850,2000,2100,2200,2250,2200,2225,2200,2200,2300,2270,2290,2200,2200,2200,2200,2300,2300,2300,2300,2350,2425,2350,2295,2200,2255,2400
"Greer","SC","Greenville-Anderson-Mauldin","Greenville County",533,,,,,,,,,,,,,,,,,,,,,,,,,,,,,,,,,,,,,1000,1000,1000,1100,1000,1085,1200,1200,1350,1350,1337.5,1300,1300,1300,1300,1300,1300,1295,1350,1350,1295,1300,1262.5,1325,1375,1385,1350,1395,1362.5,1275,1350,1395,1350,1295,1300,1212.5,1225,1297.5,1450,1395,1450,1325,1350,1295,1362.5,1250,1350,1222.5,1300,1350,1350,1450,1450,1485,1400,1400,1350,1395,1375,1412.5,1400,1450,1395,1400,1385,1385,1400,1350,1350,1300,1250,1350,1350
"Upland","CA","Riverside-San Bernardino-Ontario","San Bernardino County",534,,,,,,,,,,,,,,,,,,,,,,,,,,,,,,1900,1950,1800,1850,1795,1722.5,1722.5,1872.5,1770,1750,1750,1900,1900,1895,1750,2000,2000,1897.5,1900,1950,2100,2022.5,1950,1995,1950,1995,2100,2122.5,2100,2100,1995,2000,2095,2075,1925,2100,2100,2150,2100,2200,2050,2025,2297.5,2300,2300,2295,2300,2300,2400,2262.5,2100,2239,2100,2250,2200,2200,2297.5,2295,2400,2365,2300,2247.5,2295,2200,2200,2275,2250,2300,2450,2400,2487.5,2350,2440,2495,2400,2400,2400,2475,2500,2500
"Deltona","FL","Deltona-Daytona Beach-Ormond Beach","Volusia County",535,,,,,,,,,,,,,875,875,935,895,825,825,895,875,895,900,897.5,895,895,895,925,950,950,950,950,900,877.5,895,900,900,900,900,900,937,975,950,950,975,950,975,995,950,950,950,950,950,995,995,975,975,975,950,950,950,950,975,975,995,997.5,1025,1025,1050,1050,1050,1095,1050,1050,1075,1100,1095,1100,1100,1099.5,1100,1130,1100,1100,1100,1100,1149,1100,1199,1195,1200,1200,1200,1195,1200,1200,1200,1200,1200,1225,1250,1250,1275,1251,1251.5,1275,1226.5,1249.5,1250,1277
"Carson","CA","Los Angeles-Long Beach-Anaheim","Los Angeles County",536,,,,,,,,,,,,,,,,,,,,,,,,,,,,,,,,,,,,,,,,,,,,,,,,,,,,,,,,,,,,,,,,,,,,,,,,,,,,,,,,,,,,,2400,2450,2737.5,2722.5,2575,2592.5,2595,2627.5,2715,2700,2700,2600,2800,2800,2712.5,2825,2600,2700,2745,2600,2497.5,2697.5,2750,2797.5,2900
"Simpsonville","SC","Greenville-Anderson-Mauldin","Greenville County",537,,,,,,,,,,,,,,,,,,1400,1200,1275,1300,1175,1250,1250,1195,1197.5,1275,1325,1400,1400,1350,1300,1250,1350,1400,1295,1300,1397.5,1400,1550,1425,1475,1550,1450,1480,1495,1450,1495,1467.5,1450,1425,1400,1400,1450,1497.5,1550,1495,1450,1450,1475,1495,1495,1550,1550,1550,1550,1550,1575,1550,1475,1395,1395,1400,1450,1500,1550,1550,1550,1562.5,1575,1450,1550,1450,1500,1450,1450,1500,1550,1550,1550,1562.5,1550,1595,1600,1525,1550,1500,1550,1550,1525,1500,1562.5,1600,1595,1550,1500,1500,1525,1525
"Hoover","AL","Birmingham-Hoover","Jefferson County",538,,,,,,,,,,,,,,,,,,,,,,,,,,,,,,,,,,,1350,1249,1350,1400,1325,1200,1337.5,1300,1172.5,1212.5,1372.5,1450,1400,1450,1450,1495,1497.5,1500,1500,1450,1495,1495,1395,1399.5,1387,1450,1395,1450,1485,1450,1595,1600,1600,1599,1600,1750,1792.5,1650,1625,1595,1497.5,1625,1540,1597,1500,1574.5,1500,1500,1500,1600,1597.5,1595,1550,1575,1650,1625,1595,1595,1595,1600,1595,1550,1500,1575,1599,1560,1650,1600,1637.5,1600,1600,1595,1550,1550,1595
"Schaumburg","IL","Chicago-Naperville-Elgin","Cook County",539,,,,,,,,,,,,,,1400,1395,1300,1300,1300,1350,1350,1347.5,1350,1300,1275,1250,1285,1300,1395,1300,1350,1300,1350,1350,1285,1250,1262.5,1203.5,1237.5,1350,1350,1400,1400,1400,1375,1350,1395,1400,1397,1362.5,1399.5,1400,1400,1450,1400,1400,1400,1437.5,1412.5,1400,1400,1412.5,1400,1495,1450,1485,1450,1495,1495,1450,1450,1450,1450,1450,1500,1475,1475,1500,1475,1500,1482.5,1482.5,1490,1450,1400,1495,1475,1475,1475,1500,1500,1500,1500,1475,1475,1450,1462.5,1495,1495,1525,1500,1550,1550,1600,1600,1600,1600,1650,1600,1600
"Valparaiso","IN","Chicago-Naperville-Elgin","Porter County",540,,,,,,,,,,,,,,,,,,,,,,,,,,,,,,,,,,,,,,,,,,,,,,,,,,,,,,,,,,,,,,,,,,,,,,,,,,,,,,,,,,,,,,,1200,1275,1250,1200,1150,1287.5,1287.5,1300,1275,1287,1300,1285,1200,1150,1200,1300,1400,1382.5,1300,1275,1200,1200,1125
"Lancaster","PA","Lancaster","Lancaster County",541,,,,,,,,,,,,,,,,,,,,,,,,,,,,,,,,,,,,,,,,,,,,,,,,,,,,,,,,,,,,,,,,,,,,,,,,,,,,,,,,,,995,910,950,985,997.5,1100,1100,1100,1045,1100,1125,1100,1050,1050,1000,1000,1100,1100,1000,1100,1150,1175,1121.5,1099,1100,1097.5,1095,1097.5
"Brooklyn Park","MN","Minneapolis-St. Paul-Bloomington","Hennepin County",542,,,,,,,,,,,,,,,,,,,,,,,,,,,,,,,,,,,,,,,,,,,,,,,,,,,,,,,,,,,,,,,,,,,,,,,,,,,,,,,,,,,,,,1595,1595,1512.5,1585,1630.5,1612,1595,1600,1450,1550,1525,1525,1500,1495,1619,1585,1650,1749,1700,1700,1695,1662.5,1695,1695
"Colonie","NY","Albany-Schenectady-Troy","Albany County",543,,,,,,,,,,,,,,,,,,,,,,,,,,,,,,,,,,,,,,,,,,,,,,,,,,,,,,,,,,,,,,,,,,,,,,,,,,,,,,,,,,,,,,,,,1595,1775,1950,1900,1850,1695,1575,1800,1897.5,1850,1850,1825,1737.5,1695,1685,1695,1712.5,1812.5,1750,1697.5,1697.5
"Plant City","FL","Tampa-St. Petersburg-Clearwater","Hillsborough County",544,,,,,,,,,,,,,,,,,,,,,,1085,1050,995,1000,1000,950,950,997.5,1095,1195,1100,1150,1150,1062.5,1100,1100,1175,1100,1100,1200,1200,1250,1190,1100,1100,1100,1100,1110,1200,1200,1200,1250,1200,1200,1212.5,1200,1200,1200,1200,1200,1200,1200,1200,1250,1237.5,1250,1200,1249,1200,1225,1200,1200,1250,1255,1295,1200,1275,1200,1200,1300,1275,1200,1200,1275,1300,1350,1350,1300,1325,1350,1300,1300,1300,1350,1350,1450,1425,1372.5,1317.5,1397.5,1350,1275,1350,1362.5,1400,1395,1350,1395
"Apex","NC","Raleigh","Wake County",545,,,,,,,,,,,,,1449,1300,1350,1495,1425,1325,1300,1395,1395,1399.5,1295,1295,1395,1350,1395,1395,1375,1385,1500,1395,1450,1345,1312.5,1462.5,1325,1185,1295,1375,1375,1450,1350,1295,1400,1520,1495,1497.5,1425,1450,1450,1450,1475,1450,1462.5,1395,1400,1450,1450,1495,1450,1450,1495,1495,1500,1500,1595,1500,1495,1495,1475,1540,1547.5,1495,1495,1497.5,1450,1650,1625,1597.5,1595,1512.5,1487.5,1525,1597,1587.5,1609.5,1650,1675,1695,1695,1695,1675,1650,1652.5,1695,1675,1685,1695,1650,1675,1670,1650,1600,1650,1650,1600,1650,1637.5
"Maryville","TN","Knoxville","Blount County",546,,,,,,,,,,,,,,,,,,,,,,,,,,,,,,,,,,,,,,,,,,,,,,,,,,,,,,,,,,,,,,,,,,,,,,,,,,,,,,,,,,,,,1200,1200,1200,1125,1250,1200,1250,1250,1275,1197.5,1197.5,1200,1195,1297.5,1300,1347.5,1200,1250,1197.5,1250,1250,1295,1300,1200,1250
"Turlock","CA","Modesto","Stanislaus County",547,,,,,,,,,,,,,,,,,,,,,,,,,,,,,,,,,,,,,,,,,,,,,,,,,,,,,,,,,,,,,,,,,,,,,,,,,,,,,,,,,,,,,1350,1300,1425,1475,1425,1412.5,1400,1425,1497.5,1475,1500,1525,1500,1550,1412.5,1400,1400,1497.5,1525,1600,1550,1567.5,1575,1585,1595
"Somerville","MA","Boston-Cambridge-Newton","Middlesex County",548,,,,,,,,,,,,,,,,,,,,,,,,,,,,2497.5,2600,2600,2500,2330,2425,2450,2400,2500,2465,2440,2400,2500,2400,2400,2400,2300,2300,2400,2300,2300,2315,2400,2400,2500,2500,2500,2450,2350,2350,2300,2400,2362.5,2400,2400,2400,2500,2650,2700,2700,2600,2550,2400,2340,2400,2400,2400,2587.5,2500,2700,2800,2700,2750,2800,2700,2600,2400,2500,2600,2800,2900,2975,2850,2800,2794.5,2800,2600,2600,2600,2600,2600,2840,2950,3000,3000,3000,2975,2800,2700,2600,2800,2750
"Missouri City","TX","Houston-The Woodlands-Sugar Land","Fort Bend County",549,,,,,,,,,,,,,,,,,,,,,,,,,,,,,,,,,,,,,,,,,,,,,,,1400,1412.5,1425,1400,1400,1450,1500,1500,1550,1650,1650,1500,1650,1600,1650,1700,1685,1725,1700,1700,1625,1695,1612.5,1677.5,1650,1600,1650,1590,1680,1697.5,1695,1650,1675,1650,1629,1600,1650,1595,1695,1632,1600,1695,1700,1650,1650,1650,1749.5,1700,1700,1680,1680,1650,1625,1675,1700,1700,1697.5,1650,1650,1700,1695,1650,1650
"Mission","TX","McAllen-Edinburg-Mission","Hidalgo County",550,,,,,,,,,,,,,,,,,,,,,,,,,,,,,,,,,,,,,,,,,,,,,,,,,,,,,,,,,,,,,,,,,,,,,,,,,,,,,,,,,,,,1550,1650,1650,1525,1550,1300,1400,1500,1439,1342,1250,1275,1300,1350,1350,1370,1400,1475,1600,1562.5,1550,1500,1500,1475,1450,1474.5
"Denham Springs","LA","Baton Rouge","Livingston Parish",551,,,,,,,,,,,,,,,,,,,,,,,,,,,,,,,,,,,,,,,,,,,,,,,,,,,,,,,,,,,,,,,,,,,,,,,,,,,,,,,,,,,,,,,1500,1500,1295,1397.5,1497.5,1400,1367.5,1385,1300,1300,1297.5,1295,1300,1300,1300,1395,1400,1375,1350,1350,1300,1300,1300
"Bellflower","CA","Los Angeles-Long Beach-Anaheim","Los Angeles County",552,,,,,,,,,,,,,,,,,,,,,,,,,,,,,,,,,,,,,,,,,,,,,,,,,,,,,,,,,,,,,,,,,,,,,,,,,,,,,,,,,,,,,,,,,,,,,,1997.5,1975,2300,2200,2200,2195,2225,2250,2250,2050,1995,2325,2295,2200,2100,2150
"Richmond","TX","Houston-The Woodlands-Sugar Land","Fort Bend County",553,,,,,,,,,,,,,,,,,,,,,,,1450,1500,1545,1600,1600,1595,1600,1675,1600,1600,1550,1450,1450,1450,1500,1356,1525,1550,1550,1550,1695,1662.5,1600,1662.5,1750,1712.5,1650,1650,1650,1700,1800,1800,1750,1800,1850,1800,1800,1800,1850,1800,1800,1850,1850,1800,1800,1825,1795,1795,1800,1800,1800,1800,1800,1850,1800,1850,1775,1800,1795,1799.5,1750,1800,1795,1800,1800,1795,1800,1800,1800,1800,1895,1920,1950,1800,1800,1795,1797,1797,1800,1850,1850,1840,1800,1800,1850,1800,1800
"Homestead","FL","Miami-Fort Lauderdale-West Palm Beach","Miami-Dade County",554,,1150,1150,1125,1150,1150,1200,1200,1050,1050,1100,1062.5,1100,1075,1100,1100,1100,1100,1150,1175,1100,1099,1100,1100,1100,1150,1100,1150,1150,1200,1200,1160,1125,1100,1100,1100,1100,1150,1200,1200,1200,1200,1200,1200,1200,1200,1200,1200,1200,1212.5,1200,1225,1300,1300,1300,1300,1300,1300,1300,1300,1300,1295,1350,1350,1350,1325,1350,1397.5,1350,1362.5,1377.5,1350,1380,1375,1387.5,1397.5,1400,1395,1375,1400,1400,1495,1450,1400,1450,1450,1450,1450,1450,1485,1450,1425,1425,1450,1450,1450,1450,1455,1547.5,1545,1500,1500,1500,1500,1500,1500,1470,1450,1500
"Saint Joseph","MO","St. Joseph","Buchanan County",555,,,,,,,,,,,,,,,,,,,,,,,,,,,,,,,,,,,,,,,,,,,,,,,,,,,,,,,,,,,,,,,,,,,,,,,,,,,,,,,,,,,,,,700,650,625,700,725,750,775,750,750,700,700,750,750,750,740,700,700,725,762.5,712.5,750,700,700,750
"Pasco","WA","Kennewick-Richland","Franklin County",556,,,,,,,,,,,,,,,,,,,,,,,,,,,,,,,,,,,,,,,,,,,,,,,,,,,,,,,,,,,,,,,,,,,,,,,,,,,,,,,,,,,,,,,,,1497.5,1400,1400,1425,1412.5,1395,1395,1400,1450,1500,1425,1495,1450,1450,1500,1500,1450,1450,1450,1400,1450
"Norcross","GA","Atlanta-Sandy Springs-Roswell","Gwinnett County",557,,,,,,,,,,,,,850,889,885,900,885,897.5,895,900,899,895,850,875,895,850,840,850,895,895,895,900,900,925,900,897,895,799,850,870,950,950,930,900,925,962.5,1000,1050,1037,1025,1025,1025,1025,1025,1000,1000,962.5,997.5,975,995,1000,1000,1000,1050,1095,995,1040,1050,1025,1000,1050,975,1150,1150,1130,1075,1095,1200,1050,1100,1175,1200,1200,1150,1150,1250,1255,1200,1200,1234.5,1250,1275.5,1285.5,1285.5,1200,1285,1299.5,1250,1300,1297.5,1299.5,1299.5,1295,1325,1350,1297,1300,1312.5,1377
"Lodi","CA","Stockton-Lodi","San Joaquin County",558,,,,,,,,,,,,,,,,,,,,,,,,,,,,,,,,,,,,,,,,,,,,,,,,,,,,,,,,,,,,,,,,,,,,,,,,,,,,,,,,,,,,,,,,,,1495,1497,1600,1654.5,1495,1495,1497.5,1475,1450,1510,1625,1600,1595,1550,1597.5,1600,1695,1637.5,1570,1595
"Casa Grande","AZ","Phoenix-Mesa-Scottsdale","Pinal County",559,,,,,,,,,,,,,,,,,,,,,,,,,,,,,,,,,,,,,,,,,,,,,,,,,,,,,,,,,,,,,,,,,,,,,,,,,,,,,,,,,,,,950,925,962.5,950,985,1000,1025,1049.5,1042.5,1050,1087.5,1050,1012,1075,1085,1175,1145,1150,1112.5,1095,1050,1095,1000,1100,1062.5,1100
"Smyrna","GA","Atlanta-Sandy Springs-Roswell","Cobb County",560,,,,,,,,,,,,,,,,,,,,,,,,,,,,,,,,,,,,,,,,,,1225,1300,1186,1250,1250,1260,1300,1400,1300,1300,1295,1375,1450,1400,1350,1350,1415,1500,1469,1400,1450,1450,1500,1492.5,1450,1495,1450,1400,1400,1490,1450,1500,1595,1445,1450,1385,1450,1450,1400,1450,1597.5,1500,1470,1450,1495,1500,1600,1595,1595,1525,1475,1400,1475,1500,1600,1600,1500,1550,1600,1575,1600,1650,1700,1600,1595,1585,1565,1500
"Rancho Cordova","CA","Sacramento--Roseville--Arden-Arcade","Sacramento County",561,,,,,,,,,,,,,,,,,,,1272.5,1195,1237.5,1295,1295,1250,1187.5,1222.5,1295,1295,1295,1295,1300,1295,1295,1295,1295,1295,1295,1264.5,1275,1295,1350,1295,1295,1250,1297.5,1375,1350,1350,1350,1350,1375,1400,1472.5,1350,1395,1395,1450,1400,1425,1395,1350,1395,1382,1395,1396,1437.5,1450,1450,1495,1500,1495,1545,1450,1560,1540,1495,1495,1575,1500,1530,1550,1595,1512.5,1550,1495,1575,1600,1717,1802,1837.5,1800,1800,1822.5,1685,1650,1650,1695,1650,1710,1800,1900,1895,1900,1837.5,1847.5,1850,1850,1800,1895
"Shelby","MI","Detroit-Warren-Dearborn","Macomb County",562,,,,,,,,,,,,,,,,,,1150,1250,1285,1285,1150,1150,1200,1150,1100,1200,1175,1100,1195,1200,1200,1200,1200,1200,1250,1200,1195,1175,1150,1150,1200,1200,1250,1250,1250,1225,1250,1200,1225,1200,1200,1250,1200,1250,1200,1273.5,1295,1295,1250,1300,1287.5,1300,1300,1300,1337.5,1295,1342.5,1325,1357.5,1300,1297.5,1300,1250,1250,1250,1225,1250,1300,1350,1424.5,1300,1275,1200,1300,1275,1250,1342.5,1350,1362.5,1450,1450,1500,1499.5,1350,1350,1350,1350,1450,1450,1395,1357.5,1350,1400,1450,1500,1400,1400,1390
"O Fallon","MO","St. Louis","Saint Charles County",563,,,,,,,,,,,,,,,,,,,,,,,,,,,,,,,,,,,,,,,,,,,,,,,,,,,,,,,,,,,,,,,,,,,,,,,,,,,,,,,1350,1395,1297.5,1450,1350,1450,1450,1385,1397.5,1437.5,1495,1447.5,1362.5,1395,1295,1300,1350,1350,1350,1325,1475,1450,1450,1525,1465,1400,1372.5,1395,1296.5,1350,1357.5
"Spring Valley","CA","San Diego-Carlsbad","San Diego County",564,,,,,,,,,,,,,,,,,,,,,,,,,,,,,,,,,,,,,,,,,,,,,,,,,,,,,,,,,,,,,,,,,,,,,,,,,,,,,,,,,,,1795,2100,2050,2020,1900,1895,2075,2195,2150,2300,2195,2147.5,2000,2200,2200,2200,2095,2100,2222.5,2400,2225,2300,2300,2450,2350,2200,2275
"Scranton","PA","Scranton--Wilkes-Barre--Hazleton","Lackawanna County",565,,,,,,,,,,,,,,,,,,,,,,,,,,,,,,,,,,,,,,,,,,,,,,,,,,,,,,,,,,,,,,,,,,,,,,,,,,,,,,,,,,,,,,862.5,950,912.5,900,925,900,950,950,850,900,950,937.5,950,925,897.5,865,925,850,925,950,875,885,950,1000
"San Ramon","CA","San Francisco-Oakland-Hayward","Contra Costa County",566,,,,,,,,,,,,,,,,,,,,,,,,,2800,2795,2795,2700,2850,2850,2850,2850,2772.5,2700,2690,2697.5,2795,2800,2700,2850,2795,3125,3195,2895,2950,2800,2850,3000,3000,3000,2950,3000,3000,3000,3200,3295,3200,3000,3075,3000,3000,3150,3200,3100,3400,3450,3500,3395,3250,3300,3200,3200,3100,3200,3495,3400,3500,3550,3500,3550,3200,3100,3300,3450,3250,3200,3200,3472.5,3600,3775,3600,3495,3500,3495,3397.5,3430,3272.5,3150,3400,3495,3600,3650,3550,3500,3500,3495,3499.5,3450,3375
"Deerfield Beach","FL","Miami-Fort Lauderdale-West Palm Beach","Broward County",567,,,,,,,,,,1225,1250,1350,1250,1400,1400,1400,1350,1350,1325,1300,1325,1462.5,1450,1400,1425,1400,1350,1400,1450,1495,1500,1500,1500,1500,1475,1442.5,1400,1495,1450,1400,1400,1400,1450,1500,1500,1500,1592.5,1550,1500,1500,1500,1500,1500,1500,1500,1500,1500,1500,1550,1597.5,1600,1600,1525,1600,1600,1550,1600,1600,1600,1650,1600,1575,1575,1600,1600,1600,1600,1575,1550,1599.5,1500,1550,1550,1700,1600,1600,1600,1500,1575,1600,1600,1685,1650,1600,1600,1600,1500,1500,1600,1600,1600,1600,1650,1650,1700,1650,1700,1699,1600
"Newport Beach","CA","Los Angeles-Long Beach-Anaheim","Orange County",568,,,,,,,,,,,,,,,,,,,,,,,,,,,4500,4500,4200,4000,4000,4000,4000,3925,3800,3997.5,3800,3800,3695,3840,4200,4000,3930,3800,3700,3972.5,3972.5,4200,4000,4000,3995,3895,4225,4300,4200,4275,4500,4200,4422.5,4500,4200,4200,4200,4450,4500,4500,4300,4500,4395,4275,4250,4250,4500,4500,4500,4400,4250,4000,4275,4200,4250,4200,4625,4300,4500,4200,4500,4500,4525,4850,4925,4982.5,4500,4800,4995,5000,5300,5000,5000,4995,5150,4900,5100,5000,4950,5300,5300,5500,4950
"Noblesville","IN","Indianapolis-Carmel-Anderson","Hamilton County",569,,,,,,,,,,,,,,,,,,,,,,1250,1225,1195,1150,1195,1200,1150,1200,1282.5,1220,1200,1100,1192.5,1197,1200,1237.5,1300,1285,1275,1275,1250,1250,1275,1295,1295,1299,1299,1299,1295,1250,1250,1300,1299.5,1300,1297,1299.5,1295,1299.5,1300,1312.5,1325,1300,1295,1295,1300,1325,1325,1300,1299,1325,1349,1325,1327,1350,1350,1350,1330,1289,1309,1299,1259,1319,1295,1299,1300,1340,1345,1350,1350,1380,1392.5,1385,1297,1300,1300,1312.5,1335,1395,1395,1395,1372.5,1445,1450,1445,1355,1340,1320,1350
"Evanston","IL","Chicago-Naperville-Elgin","Cook County",570,,,,,,,,,,,,,,,,,,,,,,,,,,,,,,,,,,,,,,,,1565,1545,1475,1425,1420,1300,1387.5,1401,1475,1500,1575,1550,1600,1600,1572.5,1500,1500,1450,1450,1450,1450,1495,1450,1509.5,1650,1650,1650,1600,1575,1600,1600,1600,1425,1500,1500,1450,1437.5,1575,1450,1450,1437.5,1411,1366,1350,1425,1362.5,1450,1650,1595,1850,1835,1700,1550,1600,1485,1600,1650,1700,1700,1675,1750,1750,1725,1800,1750,1650,1700,1650,1650,1580
"Marysville","WA","Seattle-Tacoma-Bellevue","Snohomish County",571,,,,,,,,,,,,,,,,,,,,1300,1325,1395,1395,1375,1375,1420,1420,1397.5,1400,1425,1450,1395,1395,1395,1350,1337.5,1325,1300,1395,1450,1450,1450,1450,1575,1495,1500,1550,1550,1575,1575,1562.5,1550,1575,1550,1550,1550,1595,1580,1580,1540.5,1595,1662.5,1650,1637.5,1497.5,1531.5,1595,1595,1675,1630,1695,1650,1645,1715,1735,1797.5,1695,1724.5,1610,1645,1695,1708,1685,1650,1742.5,1750,1754.5,1750,1850,1927.5,1922,1919,1891,1895,1900,1895,1800,1895,1762.5,1922.5,1972.5,1975,2090,2150,1950,2000,1945,1996.5,1995
"Camden","NJ","Philadelphia-Camden-Wilmington","Camden County",572,,,,,,,,,,,,,,,,,,,,,,,,,,,,,,,,,,,,,,,,,,,,,,,,,,,,,,,,,,,,,,,,,,,,,,,,,,,,,,,,,,,,1000,1100,1100,1100,1100,1100,1100,1097.5,1125,1100,1050,1050,1100,1100,1100,1100,1100,1100,1100,1100,1100,1100,1100,1100,1100,1100
"Avondale","AZ","Phoenix-Mesa-Scottsdale","Maricopa County",573,,,,937.5,995,1045,999.5,999,995,1000,995,1000,1012.5,1000,999,1000,995,995,995,999,995,995,995,975,962.5,950,995,995,995,1000,999,995,1000,997,995,1000,995,995,995,999,999,995,1000,1000,999.5,1000,1045,1025,999.5,995,995,995,1025,1025,1050,1050,1050,1050,1049,1025,1025,1095,1100,1095,1085.5,1100,1100,1097,1095,1100,1100,1125,1125,1100,1137,1125,1150,1175,1150,1150,1147,1150,1125,1100,1175,1195,1200,1250,1236,1250,1250,1270,1250,1225,1250,1250,1249,1250,1275,1275,1295,1300,1300,1295,1300,1295,1299,1312.5,1350
"Huntington","WV","Huntington-Ashland","Cabell County",574,,,,,,,,,,,,,,,,,,,,,,,,,,,,,,,,,,,,,,,,,,,,,,,,,,,,,,,,,,,,,,,,,,,,,,,,,,,,,,,,,,,,,,862.5,875,800,800,800,800,750,750,750,750,762.5,825,850,887.5,899.5,899,875,850,850,850,837.5,785,750,750
"Poughkeepsie","NY","New York-Newark-Jersey City","Dutchess County",575,,,,,,,,,,,,,,,,,,,,,,,,,,,,,,,,,,,,,,,,,,,,,,,1475,1350,1500,1500,1500,1500,1662.5,1500,1500,1500,1500,1475,1425,1500,1500,1500,1600,1500,1500,1487.5,1462.5,1500,1525,1500,1600,1600,1687.5,1500,1650,1550,1600,1525,1400,1500,1500,1400,1375,1350,1500,1650,1562.5,1600,1695,1750,1712.5,1662.5,1672.5,1800,1800,1800,1700,1500,1575,1500,1600,1650,1650,1625,1600,1800,1800,1800,1762.5
"Temple","TX","Killeen-Temple","Bell County",576,,,,,,,,,,,,,,,,,,,,,,,,,,,,,,,,,,,950,975,1000,975,962.5,995,995,1000,1000,995,1050,1000,1000,995,1000,1000,1000,1025,1097.5,1050,1000,1050,1075,1050,1000,1095,1100,1075,1095,1200,1200,1197.5,1100,1150,1095,1100,1095,1100,1100,1150,1100,1100,1100,1137.5,1095,1100,1095,1095,1150,1100,1150,1150,1150,1175,1195,1200,1175,1175,1150,1150,1100,1095,1100,1195,1195,1245,1200,1237.5,1200,1200,1200,1250,1195,1110,1100
"Folsom","CA","Sacramento--Roseville--Arden-Arcade","Sacramento County",577,,,,,,,,,,,,,,,,,,,,,,,,,1597.5,1695,1695,1695,1697.5,1775,1695,1695,1722.5,1695,1595,1600,1650,1665,1695,1750,1795,1795,1840,1795,1895,1895,1825,1825,1850,1895,1895,1862.5,1987.5,1900,1925,1995,1900,2022.5,1900,1900,1925,1895,1850,1895,1900,1925,1950,1900,1900,1950,1900,1900,1925,1895,1947.5,1925,1997.5,2097.5,2100,2075,2112.5,1970,2050,2072.5,2195,2195,2225,2200,2225,2195,2195,2200,2250,2195,2200,2195,2100,2192.5,2250,2295,2295,2300,2300,2395,2250,2207.5,2345,2350,2255
"Plymouth","MN","Minneapolis-St. Paul-Bloomington","Hennepin County",578,,,,,,,,,,,,,,,,,1575,1625,1625,1497,1495,1447.5,1499,1510,1421,1545,1595,1537.5,1649,1560,1600,1450,1497.5,1595,1597.5,1462,1400,1412.5,1572.5,1600,1600,1512.5,1495,1395,1495,1650,1695,1600,1690,1622.5,1595,1550,1497.5,1595,1550,1585,1650,1695,1695,1575,1500,1499.5,1600,1695,1750,1672.5,1695,1699.5,1700,1750,1750,1700,1695,1700,1697.5,1695,1550,1695,1750,1600,1700,1595,1695,1722.5,1750,1750,1895,1900,1850,1850,1797.5,1750,1785,1750,1750,1750,1775,1795,1895,1895,1899,1950,1912.5,1822,1895,2000,1990,2000,1900
"Springfield","OR","Eugene","Lane County",579,,,,,,,,,,,,,,,,,,,,,,,,,,,,,,,,,,,,,,,,,,,,,,,,,,,,,,,,,,,,,,,,,,,,,,,,,,,,,,,,,,,,,,,,,,,,,,1150,1195,1212.5,1195,1295,1195,1250,1285,1295,1345,1300,1280,1295,1250,1250,1295
"Bethlehem","PA","Allentown-Bethlehem-Easton","Northampton County",580,,,,,,,,,,,,,,,,,,,1222.5,1197.5,1160,1200,1200,1047.5,1100,1275,1200,1200,1200,1200,1200,1249.5,1200,1200,1177.5,1150,1150,1100,1100,1195,1199.5,1200,1195,1112.5,1124.5,1172.5,1200,1150,1200,1200,1200,1200,1250,1300,1262.5,1250,1250,1250,1200,1195,1197.5,1200,1295,1300,1250,1225,1225,1200,1250,1250,1250,1300,1300,1200,1295,1250,1250,1300,1277.5,1295,1372.5,1350,1250,1195,1300,1300,1300,1372.5,1372.5,1400,1400,1295,1337.5,1300,1300,1300,1300,1362.5,1350,1385,1400,1450,1400,1500,1500,1495,1400,1400,1395
"Atascocita","TX","Houston-The Woodlands-Sugar Land","Harris County",581,,,,,,,,,,,,,,,,,,,,,,,,,,,,,,,,,,,,,,,,,,,1380,1385,1350,1400,1437.5,1450,1450,1450,1419,1450,1500,1500,1500,1600,1550,1500,1563,1550,1550,1522.5,1550,1595,1609.5,1600,1597.5,1625,1650,1600,1625,1600,1600,1650,1650,1650,1650,1689,1600,1649.5,1625,1595,1650,1550,1580,1569,1585,1600,1600,1650,1600,1625,1650,1650,1650,1650,1650,1670,1650,1695,1695,1695,1695,1695,1645,1600,1595,1590,1575
"Bremerton","WA","Bremerton-Silverdale","Kitsap County",582,,,,,,,,,,,,,1050,1100,1225,1080,1262.5,1200,1190,1192.5,1150,1100,1100,1085,1050,995,1050,997.5,1050,1200,1200,1150,1125,1100,1100,1097.5,1100,1100,995,995,985,975,962.5,1000,1097.5,1050,1090,1095,1100,1200,1100,1122.5,1100,1150,1150,1185,1200,1200,1150,1150,1250,1250,1225,1250,1150,1225,1175,1150,1300,1200,1075,1050,1097.5,1100,1200,1200,1197.5,1250,1250,1350,1300,1325,1312.5,1200,1400,1350,1350,1350,1387.5,1350,1350,1400,1425,1395,1425,1462.5,1500,1500,1500,1500,1450,1500,1500,1500,1500,1500,1550,1500,1487.5
"Redlands","CA","Riverside-San Bernardino-Ontario","San Bernardino County",583,,,,,,,,,,,,,,1625,1650,1750,1562.5,1575,1562.5,1600,1599.5,1574.5,1525,1650,1575,1550,1600,1595,1500,1599,1595,1595,1600,1699,1692.5,1625,1600,1637.5,1625,1582.5,1550,1550,1562.5,1550,1700,1775,1695,1650,1700,1700,1700,1700,1797.5,1795,1750,1750,1790,1775,1795,1785,1800,1850,1800,1800,1800,1795,1800,1750,1750,1797,1800,1792.5,1785,1797.5,1797.5,1800,1855,1825,1792.5,1780,1795,1800,1800,1800,1792.5,1795,1897.5,1900,1900,1900,1900,1900,1897.5,1950,1995,1950,1950,2000,1975,1995,1950,1950,1950,1950,1925,1995,2100,2100,2100
"Snellville","GA","Atlanta-Sandy Springs-Roswell","Gwinnett County",584,,,,,,,,,,,,,1150,1195,1150,1175,1125,1125,1050,1000,1050,1049,1000,1049.5,1050,1049.5,1050,1050,1050,1000,995,1000,1047.5,999.5,1000,1050,1050,1080,1095,1100,1100,1100,1100,1150,1100,1100,1105,1150,1125,1100,1100,1100,1100,1100,1150,1150,1155,1150,1150,1145,1140,1150,1154.5,1195,1195,1200,1245,1227,1200,1195,1200,1200,1200,1200,1200,1236.5,1297.5,1277,1250,1265,1249,1295,1250,1225,1239,1282,1300,1320,1346.5,1395,1375,1332.5,1350,1350,1375,1375,1395,1375,1350,1372,1375,1397,1387,1395,1380,1375,1395,1408.5,1450
"Kendall","FL","Miami-Fort Lauderdale-West Palm Beach","Miami-Dade County",585,,1450,1500,1500,1500,1400,1622.5,1575,1600,1500,1500,1550,1495,1450,1450,1450,1500,1490,1450,1495,1500,1500,1500,1450,1500,1450,1492,1500,1500,1550,1550,1595,1600,1600,1637.5,1600,1600,1600,1600,1600,1680,1700,1700,1600,1605,1695,1700,1650,1685,1675,1665,1650,1650,1700,1700,1700,1750,1800,1775,1800,1800,1850,1800,1800,1800,1800,1800,1825,1800,1799,1795,1750,1750,1800,1800,1795,1700,1840,1750,1795,1725,1690,1850,1700,1799,1800,1775,1800,1800,1800,1800,1795,1800,1762.5,1800,1800,1800,1850,1840,1800,1832.5,1800,1800,1750,1750,1750,1750,1750,1800
"Brandon","MS","Jackson","Rankin County",586,,,,,,,,,,,,,,,,,,,,,,,,,,,,,,,,,,,,,,,,,,,,,,,,,,,,,,,,,,,,,,,,,,,,,,,,,,,,,,,,,,,,,,1300,1325,1300,1300,1325,1300,1395,1325,1350,1360,1400,1400,1400,1350,1300,1325,1395,1392.5,1350,1375,1350,1375,1375,1375
"Petaluma","CA","Santa Rosa","Sonoma County",587,,,,,,,,,,,,,,,,,,,,,,,,,,,,,,,,,,,,,,,,,,,,,,,2200,2275,2100,2100,2100,2100,2100,2272.5,2300,2300,2375,2375,2295,2350,2287.5,2250,2200,2325,2400,2487.5,2600,2425,2475,2400,2500,2500,2475,2500,2487.5,2400,2450,2350,2600,2300,2375,2525,2600,2500,2600,2600,2750,2750,2800,2850,2800,2700,2700,2700,2700,2800,2945,2850,2850,2900,2900,2850,3000,2950,2900,2900,2872.5,2895,2925
"Alpharetta","GA","Atlanta-Sandy Springs-Roswell","Fulton County",588,,,,,,,,,,,,,,1500,1472.5,1372.5,1500,1400,1450,1450,1500,1400,1495,1500,1500,1500,1422.5,1500,1562.5,1450,1450,1500,1350,1450,1300,1204.5,1295,1200,1370,1450,1495,1587.5,1625,1400,1495,1550,1580,1600,1600,1600,1550,1585,1750,1650,1662.5,1650,1600,1650,1695,1825,1825,1797.5,1800,1650,1749,1710,1750,1754.5,1750,1700,1750,1650,1650,1650,1700,1850,1780,1895,1797.5,1795,1762.5,1750,1850,1850,1800,1795,1780,1750,1850,1900,1900,1850,1850,1825,1800,1800,1800,1850,1800,1895,1800,1800,1900,2000,1950,1950,1850,1850,1900
"Saint Charles","MO","St. Louis","Saint Charles County",589,,,,,,,,,,,,,,,,,,,,,,1162.5,1195,1150,1300,1197.5,1150,1195,1195,1175,1162.5,1212.5,1250,1200,1100,1200,1200,1200,1200,1175,1200,1200,1100,1100,1100,1100,1095,1100,1125,1200,1200,1195,1172.5,1195,1197.5,1200,1200,1140,1100,1162.5,1225,1150,1172.5,1090,1150,1200,1272.5,1337.5,1250,1200,1112.5,1187.5,1126,1100,1150,1100,1150,1100,1200,1325,1297.5,1100,1100,1200,1100,1200,1200,1250,1325,1450,1300,1250,1300,1285,1275,1272.5,1260,1162.5,1175,1300,1400,1400,1375,1300,1350,1202.5,1250,1200,1200
"La Mesa","CA","San Diego-Carlsbad","San Diego County",590,,,,,,,,,,,,,,,,,,,,,,,,,,,,,,,,,,,,,,,,,,,,,,,,,,,,,,,,,,,,,,,,,,,,,,,,,,,,,,,,2169,1895,1995,1850,2075,2095,2095,2297.5,2250,2022.5,2100,2254.5,2250,2300,2297.5,2300,2100,2085,2250,2095,2095,2200,2395,2397.5,2397.5,2495,2397.5,2250,2300,2295
"Lake Forest","CA","Los Angeles-Long Beach-Anaheim","Orange County",591,,,,,,,,,,,,,,,,,,,,,,,,,,,,,,,,,,,,,,,,,,,,,,,,,,,,,,,,,,,,,,,,,,,,,,,,,,,,,,,,,,,,,,2850,2850,2850,2900,2950,3000,2950,2950,2950,3000,3050,3200,3195,2992.5,3150,3275,3400,3300,3250,3300,3200,3200,3250,3400
"New Rochelle","NY","New York-Newark-Jersey City","Westchester County",592,,,,,,,,,,,,,,,,,,,,,,,,,,,,,,,,,,,,,,,,,,,,,,,,,,,,,,,,,,,,,,,,,,,,,,,,,,,,,,,,,,,,,,,,,,,,,2373,2300,2300,2425,2400,2325,2300,2624.5,2950,3200,3187.5,2900,2750,2675,2600,2550,2500
"Waipahu","HI","Urban Honolulu","Honolulu County",593,,,,,,,,,,,,,,,,,,,,,1750,1800,1700,1750,1650,1750,1650,1900,1900,1800,1800,1750,1600,1600,1600,1700,1900,1700,1650,1772.5,1650,1697.5,1700,1750,1700,1700,1750,1750,1700,1700,1700,1700,1725,1750,1775,1750,1750,1750,1850,1800,1895,1795,1839,1800,1800,1997.5,1895,2000,1800,1800,1800,1800,1800,1775,1900,1857.5,1895,1850,1812.5,1800,1772.5,1800,1850,1850,1950,1900,2000,2000,1972.5,1850,2000,1900,1900,1925,1950,1950,1875,1890,1892.5,1875,1900,1850,1850,1882.5,1900,1900,1862.5,1850,1900
"Warwick","RI","Providence-Warwick","Kent County",594,,,,,,,,,,,,,,,,,,,,,,,,,,,,,,,,,,,,,,,,,,,,,,,,,,,,,,,,,,,,,,,,,,,,,,,,,,,,,,,,,,,,1500,1500,1500,1550,1600,1600,1525,1512.5,1500,1600,1600,1500,1500,1600,1517.5,1600,1687.5,1675,1525,1725,1700,1625,1600,1600,1600,1600
"Palm Harbor","FL","Tampa-St. Petersburg-Clearwater","Pinellas County",595,,,,1275,1197.5,1195,1175,1225,1195,1095,1067.5,1150,1150,1195,1150,1125,1150,1200,1200,1150,1150,1200,1195,1100,1100,1100,1100,1125,1100,1125,1150,1095,1100,1150,1195,1100,1162.5,1200,1195,1250,1325,1365,1300,1450,1350,1350,1400,1400,1400,1350,1395,1350,1322.5,1350,1350,1400,1350,1350,1350,1450,1500,1550,1550,1465,1300,1350,1400,1350,1412.5,1450,1400,1550,1525,1500,1495,1500,1500,1400,1350,1500,1425,1399,1550,1575,1500,1500,1500,1500,1425,1500,1550,1450,1495,1550,1595,1537.5,1595,1550,1495,1597.5,1597.5,1650,1695,1700,1750,1622.5,1600,1600,1597.5
"Rochester Hills","MI","Detroit-Warren-Dearborn","Oakland County",596,,,,,,,,,,,,,,,,,,,,,,,,,,,,,,,,,,,,,,,,,,,,,,,,,,,,,,,,,,,,,,,,,,,,,,,,,,,,,,,,,,,,,,,,,,,1975,1800,1800,1812.5,1775,1800,1970,1800,1750,1800,1850,1750,1800,1750,1855,1950,1900,1800,1750
"Milpitas","CA","San Jose-Sunnyvale-Santa Clara","Santa Clara County",597,,,,,,,,,,,,,,,,,,,,,,,,,,,,,,,,,,,,,,,,,,2335,2372.5,2450,2400,2495,2599,2700,2550,2550,2525,2550,2700,2750,2797.5,2925,2695,2850,3100,3000,2975,2750,2925,3000,3060,3047.5,3195,3000,3250,3295,3225,3200,3125,3200,3200,3200,3250,3200,3197.5,3099.5,3150,3200,3090,3200,3200,3225,3200,3300,3200,3250,3200,3200,3280,3295,3250,3200,3195,3300,3400,3390,3400,3400,3400,3450,3297.5,3265,3295,3387.5,3397.5
"Casper","WY","Casper","Natrona County",598,,,,,,,,,,,,,,,,,,,,,,,,,,,,,,,,,,,,,,,,,,,,,,,,,,,,,,,,,,,,,,1400,1350,1300,1300,1300,1300,1285,1250,1250,1200,1250,1300,1250,1100,1150,1100,1097.5,1000,1100,972.5,995,997.5,900,1050,1075,995,1050,1050,1000,1000,1000,975,950,975,995,995,975,950,947.5,1000,1000,995,985,1000,1060,1000,1000,987.5
"Goodyear","AZ","Phoenix-Mesa-Scottsdale","Maricopa County",599,,,1100,1095,1100,1200,1200,1295,1185,1199,1247.5,1195,1095,1095,1120,1195,1150,1197.5,1095,1100,1100,1097,1085,1095,1095,1075,1095,1100,1150,1195,1100,1180,1195,1150,1150,1150,1150,1150,1150,1150,1125,1100,1100,1100,1100,1099,1095,1100,1100,1100,1100,1100,1150,1150,1150,1195,1175,1195,1195,1199.5,1200,1250,1245,1250,1300,1299.5,1290,1250,1225,1250,1250,1250,1250,1280,1295,1325,1300,1350,1250,1300,1250,1250,1262.5,1250,1250,1300,1360,1375,1372.5,1362.5,1350,1350,1350,1345,1350,1350,1385,1395,1475,1465,1445,1450,1450,1447.5,1450,1450,1495,1500,1500
"Pleasanton","CA","San Francisco-Oakland-Hayward","Alameda County",600,,,,,,,,,,,,,,,,,,,,,,,,,,,,,,,,,,,,,,,,,,,,,,,,,,,,,,,,,,,,,,,,3385,3250,3500,3447.5,3225,3100,3200,3500,3500,3250,3387.5,3325,3295,3475,3550,3500,3495,3525,3425,3250,3300,3395,3450,3500,3500,3500,3500,3500,3400,3400,3400,3300,3500,3500,3500,3400,3500,3537.5,3500,3500,3495,3450,3500,3425,3450,3500
"Baytown","TX","Houston-The Woodlands-Sugar Land","Harris County",601,,,,,,,,,,,,,,,,,,,,,,,,,,,,,,,,,,,,,,,,,,,,,,,,,,,,,,,,,,,,,,,,,,,,,,,,,,,,,,,,,,,,,1325,1350,1350,1350,1351.5,1400,1400,1400,1390,1400,1462.5,1400,1400,1350,1370,1415,1400,1450,1425,1415,1430,1350,1390,1385,1350
"Tulare","CA","Visalia-Porterville","Tulare County",602,,,,,,,,,,,,,,,,,,,,,,,,,,,,,,,,,,,,,,,,,,,,,,,,,,,,,,,,,,,,,,,,,,,,,,,,,,,,,,,,,,,,,,,,,,,,1200,1250,1195,1095,1095,1095,1095,1195,1200,1295,1250,1200,1197.5,1172.5,1250,1250,1295,1272.5
"North Little Rock","AR","Little Rock-North Little Rock-Conway","Pulaski County",603,,,,,,,,,,,,,,,,,,,,,,,,,,,,,,,,,,,,,,,,,,,,,,,,,,,,,,,,,,750,800,850,800,770,800,862.5,800,800,812.5,795,775,850,900,895,850,845,935,862.5,850,750,850,825,800,767.5,775,850,840,750,775,775,812.5,825,800,800,795,795,775,775,800,795,812.5,785,790,800,850,800,712.5,725,718,750,750
"Rogers","AR","Fayetteville-Springdale-Rogers","Benton County",604,,,,,,,,,,,,,,,,,,,,,,,,,,,,,,,,,,,,,,,,,,,,,,,,,,,,,,1400,1400,1300,1300,1385,1337.5,1300,1300,1450,1350,1500,1695,1500,1500,1500,1450,1500,1595,1500,1500,1400,1400,1400,1375,1300,1397.5,1425,1550,1495,1400,1395,1295,1395,1395,1395,1395,1395,1450,1395,1400,1395,1300,1300,1297.5,1349.5,1462.5,1412.5,1500,1462.5,1435,1375,1375,1297.5,1375,1300,1300
"Southfield","MI","Detroit-Warren-Dearborn","Oakland County",605,,,,,,,,,,,,,,1150,1150,1150,1150,1200,1199.5,1200,1200,1149,1050,1000,1095,1095,1000,995,1037.5,1090.5,1100,1025,1050,1000,1057.5,1100,1012.5,1050,1095,1100,1097.5,1050,1097.5,1100,1150,1099,1050,1100,1100,1100,1100,1100,1100,1100,1150,1100,1100,1100,1150,1150,1150,1150,1185,1195,1150,1200,1100,1150,1150,1150,1262.5,1200,1247.5,1200,1200,1300,1200,1300,1200,1222.5,1200,1300,1200,1225,1175,1175,1200,1250,1295,1300,1350,1287,1262.5,1282.5,1297,1295,1295,1272.5,1247.5,1300,1350,1300,1300,1300,1300,1300,1300,1300,1312.5
"Mooresville","NC","Charlotte-Concord-Gastonia","Iredell County",606,,,,,,,,,,,,,,1062.5,1100,1147.5,1200,1100,1125,1100,1197.5,1147.5,1195,1150,1150,1100,1195,1200,1200,1195,1195,1162.5,1150,1250,1245,1245,1200,1200,1150,1245,1275,1245,1350,1435,1395,1300,1300,1285,1250,1250,1245,1245,1250,1295,1295,1295,1362.5,1350,1300,1395,1345,1300,1295,1300,1375,1497.5,1345,1395,1395,1397.5,1400,1395,1495,1422.5,1350,1395,1400,1325,1499,1472.5,1472.5,1350,1460,1390,1400,1500,1477,1595,1562.5,1595,1600,1550,1550,1495,1550,1547.5,1550,1495,1545,1550,1595,1500,1500,1500,1495,1575,1525,1545,1495
"Springdale","AR","Fayetteville-Springdale-Rogers","Washington County",607,,,,,,,,,,,,,,,,,,,,,,,,,,,,,,,,,,,,,,,,,,,,,,,,,,,,,,,,,,,,,,,,,,,,,,,,,,,,,,,,,,,,,1200,1200,1300,1285,1200,1200,1250,1200,1195,1200,1200,1195,1195,1100,1200,1250,1250,1250,1200,1225,1200,1125,1100,1200,1200
"Winchester","VA","Winchester","Frederick County",608,,,,,,,,,,,,,,,,,,,,,,,,,,,,,,,,,,,,,,,,1200,1150,1225,1200,1225,1290,1225,1195,1100,1062.5,1062.5,1050,1095,1150,1200,1200,1200,1195,1200,1100,1162.5,1272.5,1175,1190,1250,1222.5,1150,1200,1200,1245,1235,1250,1197.5,1200,1195,1185,1175,1187.5,1100,1150,1250,1200,1175,1200,1150,1175,1200,1150,1150,1200,1250,1250,1250,1300,1250,1200,1250,1250,1200,1200,1200,1250,1250,1275,1250,1200,1193,1250,1275,1250
"San Marcos","TX","Austin-Round Rock","Hays County",609,,,,,,,,,,,,,,,,,,,,,,,,,,,,,,,,,,,,,,,,,,,,,,,,,,,,,,,,,,,,1200,1200,1187,1199,1199,1275,1295,1300,1300,1300,1350,1350,1410,1350,1350,1350,1175,1300,1350,1400,1500,1400,1350,1300,1325,1350,1400,1450,1400,1495,1500,1450,1400,1375,1300,1350,1350,1350,1325,1400,1450,1495,1450,1450,1425,1437,1449,1499,1450,1395
"Kokomo","IN","Kokomo","Howard County",610,,,,,,,,,,,,,,,,,,,,,,,,,,,,,,,,,,,,,,,,,,,,,,,,,,,,,,,,,,,,,,,,,,,,,,,,,,,,,,,,,,,,,702.5,715,687.5,735,730,730,702.5,680,655,650,675,650,685,670,655,697.5,650,695,702.5,750,699.5,687.5,700,700,702.5
"Chino Hills","CA","Riverside-San Bernardino-Ontario","San Bernardino County",611,,,,,,,,,,,,,2000,2050,2090,2197.5,2150,2100,2200,2200,2000,2000,2172.5,2172.5,2000,2000,2075,1925,2150,2100,2195,2145,2050,2000,1872.5,1850,1900,1895,1875,2000,2225,2200,2195,2200,2300,2250,2250,2250,2250,2200,2200,2200,2250,2200,2250,2350,2300,2350,2350,2350,2300,2300,2400,2400,2300,2350,2300,2250,2300,2350,2300,2350,2400,2350,2350,2500,2450,2500,2375,2400,2200,2400,2467.5,2400,2500,2550,2500,2500,2500,2500,2550,2500,2425,2500,2600,2595,2500,2500,2500,2600,2550,2600,2600,2600,2700,2700,2699,2700,2692.5
"Brick","NJ","New York-Newark-Jersey City","Ocean County",612,,,,,,,,,,,,,,1487.5,1575,1625,1612.5,1650,1550,1750,1700,1500,1500,1462.5,1500,1450,1500,1500,1362.5,1450,1400,1450,1400,1400,1400,1600,1600,1500,1497.5,1500,1500,1550,1500,1550,1599,1550,1575,1500,1515,1562.5,1550,1500,1575,1500,1487.5,1600,1600,1550,1500,1562.5,1500,1500,1600,1600,1550,1600,1550,1600,1650,1600,1600,1600,1555,1600,1600,1500,1650,1650,1675,1600,1650,1600,1550,1600,1600,1637.5,1600,1550,1600,1600,1650,1625,1650,1650,1675,1690,1700,1700,1700,1625,1700,1725,1725,1750,1700,1700,1700,1675,1662.5
"Lake Elsinore","CA","Riverside-San Bernardino-Ontario","Riverside County",613,,,,,,,,,,,,,1500,1595,1485,1500,1595,1600,1600,1590,1495,1595,1550,1500,1595,1600,1500,1450,1450,1495,1500,1450,1500,1500,1547.5,1495,1500,1595,1550,1550,1595,1500,1500,1595,1595,1664.5,1600,1625,1695,1685,1675,1650,1677,1650,1650,1650,1650,1645,1650,1650,1629,1600,1650,1672.5,1749.5,1700,1795,1700,1682,1650,1600,1700,1695,1650,1700,1700,1695,1800,1700,1750,1625,1750,1625,1795,1795,1897,1900,1857.5,1800,1895,1900,1900,1897,1900,1850,1890,1825,1890,1800,1899,1895,1800,1865,1975,1995,1995,1950,1985,1985
"Suwanee","GA","Atlanta-Sandy Springs-Roswell","Gwinnett County",614,,,,,,,,,,,,1600,1500,1500,1597.5,1500,1500,1500,1500,1512.5,1500,1500,1600,1595,1600,1700,1600,1550,1650,1650,1650,1650,1600,1695,1600,1600,1450,1447.5,1450,1495,1600,1695,1650,1500,1575,1595,1595,1672.5,1612.5,1595,1600,1597,1595,1600,1695,1725,1700,1697.5,1700,1700,1700,1697.5,1700,1750,1750,1750,1800,1797,1737.5,1750,1750,1850,1840,1850,1825,1800,1772.5,1772.5,1700,1800,1850,1750,1800,1795,1795,1754,1795,1850,1850,1850,1862,1845,1800,1800,1800,1800,1800,1800,1800,1800,1895,1900,1900,1900,1895,1895,1850,1900,1900
"Bossier City","LA","Shreveport-Bossier City","Bossier Parish",615,,,,,,,,,,,,,,,,,,,,,,,,,,,,,,,,,,,,,,,,,,,,,,,,,,,,,,,,1475,1300,1297.5,1197.5,1197.5,1250,1200,1300,1350,1395,1350,1250,1350,1325,1250,1300,1300,1275,1150,1250,1400,1200,1195,1250,1150,1250,1250,1100,1125,1000,975,1000,1150,1200,1225,1212.5,1200,1095,1050,1050,1000,1000,1050,1100,1195,1150,1125,1095,1100,1000,1100,1090,1150,1100
"Great Falls","MT","Great Falls","Cascade County",616,,,,,,,,,,,,,,,,,,,,,,,,,,,,,,,,,,,,,,,,,,,,,,,,,,,,,,,,,,,,,,,,,,,,,,,,,,,,,,,,,,,,,1085,1100,1150,1162.5,1100,1137.5,975,1150,1195,1162.5,1100,1100,1100,1095,1200,1150,1185,1192.5,1200,1195,1172.5,1150,1100,1150,1185
"Hammond","IN","Chicago-Naperville-Elgin","Lake County",617,,,,,,,,,,,,,,,,,,,,,,,,,,,,,,,,,,,,,,,,,,,,,,,,,,,,,,,,,,,,,,,,,,,,,,,,,,,,,,,,,,,,,950,962.5,975,1025,1025,1025,1095,1050,1000,1000,1000,1050,1100,1100,1050,1100,1095,1100,1050,1050,1050,1000,995,1050,1100
"Flower Mound","TX","Dallas-Fort Worth-Arlington","Denton County",618,,,,,,,,,,,,,,,1600,1725,1950,1875,1950,1887.5,1875,1625,1750,2000,1897.5,1895,1800,1858,1995,1772.5,1895,1895,1874,1750,1775,1800,1850,1850,1772.5,1800,1750,1772.5,1825,1800,1700,1700,1750,1697.5,1695,1700,1750,1750,1800,1900,1995,1950,1899,1800,1835,1850,1800,1850,1800,1895,1850,1977.5,2100,1895,1837.5,1812.5,1850,1850,1834,1850,1900,1962.5,1912.5,1900,1850,1970,1850,1850,1990,2050,1875,1900,1895,1995,1995,2062.5,2200,2125,2100,2050,1985,1950,1950,1935,2000,2100,2200,2150,2150,2150,2100,2100,2100,2100,2100
"Brentwood","CA","San Francisco-Oakland-Hayward","Contra Costa County",619,,,,,,,,,,,,,2000,2000,1995,1985,1995,1895,1890,1950,2000,1995,2075,2000,2000,2025,2050,2095,2100,2050,1995,1995,2050,2149,2100,2072.5,2095,2000,2000,1995,1975,1995,1992.5,1997.5,2099,2050,2000,2050,2000,2000,2050,2050,2000,2050,2150,2150,2195,2150,2100,2150,2197.5,2175,2250,2172.5,2250,2200,2150,2300,2250,2200,2200,2250,2250,2275,2200,2350,2375,2300,2300,2350,2350,2350,2350,2200,2375,2350,2400,2450,2400,2450,2500,2495,2495,2495,2400,2400,2395,2397.5,2475,2400,2600,2695,2700,2545,2500,2550,2595,2600,2600
"Castle Rock","CO","Denver-Aurora-Lakewood","Douglas County",620,,,,,,,,,,,,,,,,,,,,,,1725,1700,1750,1750,1775,1762.5,1800,1800,1850,2100,2000,1995,1795,1862.5,1995,1995,1925,1962.5,2100,2000,1972.5,2000,2097.5,1995,1985,1995,2000,1895,1825,1875,1885,2100,2100,2000,2347.5,2325,2100,2100,2100,2195,2025,2000,2100,2100,2125,2000,2037.5,2000,2000,2009.5,2150,2195,2100,2100,2122.5,2187.5,2100,2100,2200,2050,2050,2050,1950,2100,1995,2050,2175,2195,2250,2240,2195,2100,2100,2095,2050,2100,2195,2250,2250,2247.5,2200,2265,2200,2112.5,2100,2100,2095,2150
"Waterford","MI","Detroit-Warren-Dearborn","Oakland County",621,,,,,,,,,,,,,1150,1197.5,1100,1025,1100,1100,1150,1100,1100,1050,1000,1000,1000,1100,1100,1097.5,1200,1100,1100,1150,1150,1100,1085,1100,1050,1100,1100,1150,1200,1200,1200,1200,1122.5,1150,1175,1100,1100,1142.5,1150,1100,1200,1200,1150,1160,1185,1200,1200,1150,1150,1185,1150,1145,1100,1150,1162.5,1150,1195,1200,1195,1200,1200,1150,1162.5,1200,1200,1200,1250,1250,1200,1200,1100,1195,1200,1200,1200,1197.5,1200,1200,1249,1200,1197.5,1200,1250,1200,1200,1247.5,1162.5,1200,1250,1250,1250,1297.5,1300,1300,1250,1250,1250
"Gaithersburg","MD","Washington-Arlington-Alexandria","Montgomery County",622,,,,,,,,,,,,,,,,,1825,2150,1962.5,1950,1950,1950,1900,1850,1837.5,1850,1750,1795,1900,2000,1995,2100,2100,1900,1850,1850,1895,1850,1850,1862.5,1800,1900,1950,1895,1897.5,1900,1950,1900,2000,2000,2000,2000,2095,2100,2100,2150,2000,2000,1962.5,1950,1995,2097.5,2100,2100,2000,2000,2000,1995,1900,1950,1950,1997.5,1995,1982,1925,2000,2000,2097.5,1937.5,1997.5,1999,1970,1900,2000,1997.5,1950,1990,2095,2100,2000,2000,2000,2000,2000,2000,2000,2000,2000,1950,2000,2100,2125,2170,2150,2100,2100,2050,2000,1995
"Aiken","SC","Augusta-Richmond County","Aiken County",623,,,,,,,,,,,,,,,,,,,,,,,,,,,,,,,,,,,,,,,,,,,,,,,,,,,,,,,,,,,,,,,,,,,,,,,,,,,,,,,,,,997.5,900,985,950,975,1000,1100,1197.5,1000,1000,1000,985,1000,1000,1100,1035,1050,1000,1100,1200,1150,1162.5,1250,1162.5,1050,1125,1100,1112.5
"San Rafael","CA","San Francisco-Oakland-Hayward","Marin County",624,,,,,,,,,,,,,,,,,,,,,,,,,,,,,,,,,,,,,,,,,,,,,,3150,3150,3500,3200,3050,3100,3000,3000,3200,3200,3200,3495,3200,3200,3225,3200,3442.5,3350,3500,3400,3495,3650,3850,3725,3500,3450,3500,3500,3495,3500,3912.5,3500,3625,3500,3500,3547.5,3900,3637.5,3500,3400,3500,3500,3500,3500,3600,4000,3900,3650,3655,3600,3600,3600,3650,3550,3800,3850,4125,4000,3950,3925,3800,3850,3895,3700
"West Lafayette","IN","Lafayette-West Lafayette","Tippecanoe County",625,,,,,,,,,,,,,,,,,,,,,,,,,,,,,,,,,,,,,,,,,,,,,,,,,,,,,,,,,,,,,,,,,,,,,,,,,,,,,,,,,,,1400,1287.5,1125,1250,1200,1300,1300,1275,1275,1292.5,1300,1295,1295,1295,1250,1225,1250,1300,1325,1300,1299.5,1300,1425,1425,1300,1295,1295
"Lauderhill","FL","Miami-Fort Lauderdale-West Palm Beach","Broward County",626,,,,,,,,,,,,,1000,962.5,1000,1100,1025,1050,1000,1000,1050,1000,1000,1000,1035,1000,1100,1150,1100,1150,1200,1200,1200,1180,1150,1150,1150,1100,1100,1150,1154.5,1150,1150,1150,1154.5,1195,1200,1100,1200,1200,1200,1200,1200,1200,1150,1200,1200,1200,1200,1200,1200,1200,1300,1350,1350,1300,1300,1250,1325,1250,1300,1300,1350,1400,1350,1325,1295,1325,1250,1250,1200,1200,1200,1200,1300,1337.5,1300,1287.5,1300,1300,1300,1300,1300,1300,1300,1300,1300,1300,1299,1300,1299,1300,1300,1299,1300,1297,1300,1299,1275
"Glen Allen","VA","Richmond","Henrico County",627,,,,,,,,,,,,,1347.5,1400,1345,1287.5,1295,1295,1225,1275,1337.5,1350,1397.5,1350,1300,1275,1300,1285,1395,1485,1475,1450,1325,1250,1400,1600,1400,1500,1450,1450,1512.5,1500,1500,1500,1495,1395,1350,1350,1497.5,1495,1500,1500,1472.5,1575,1600,1600,1600,1575,1500,1475,1500,1525,1500,1525,1580,1600,1650,1597.5,1595,1637,1595,1600,1600,1555,1540,1575,1540,1600,1597.5,1600,1462.5,1597.5,1562.5,1575,1525,1600,1600,1625,1650,1675,1650,1650,1695,1650,1695,1750,1695,1650,1650,1670,1700,1675,1695,1650,1600,1672.5,1700,1695,1700
"Yorba Linda","CA","Los Angeles-Long Beach-Anaheim","Orange County",628,,,,,,,,,,,,,2500,2650,2650,2800,2800,2800,2795,2795,2497.5,2595,2595,2595,2750,2447.5,2287.5,2450,2750,2500,2770,2750,2825,2850,2750,2795,2500,2595,2750,2850,2550,2800,2875,2800,2800,2700,2745,2795,2825,2895,2950,2925,2900,2900,2900,2850,2787.5,2800,2900,2895,2850,2850,2800,2875,2875,3100,3100,3000,3050,2950,2850,3000,2900,2872.5,3000,3000,2800,3200,3100,3000,3000,3000,2925,3075,3000,3195,3200,3390,3500,3350,3300,3265,3150,3100,3100,3175,3200,3300,3287.5,3300,3300,3300,3300,3400,3500,3390,3200,3200,3200
"Fort Mill","SC","Charlotte-Concord-Gastonia","York County",629,,,,,,,,,,,,,,,,,,,,1500,1600,1547.5,1545,1400,1375,1195,1225,1285,1400,1350,1500,1650,1400,1282.5,1275,1400,1375,1265,1300,1300,1400,1400,1595,1475,1495,1550,1500,1400,1292.5,1310,1350,1350,1350,1500,1600,1625,1547.5,1450,1395,1325,1295,1300,1372.5,1450,1547.5,1600,1650,1650,1650,1690,1550,1500,1597.5,1625,1695,1600,1450,1650,1650,1595,1695,1695,1695,1580,1695,1695,1512.5,1500,1500,1695,1699,1625,1597.5,1645,1650,1687.5,1650,1750,1692.5,1695,1650,1672.5,1650,1695,1775,1730,1695,1600,1650
"Cherry Hill","NJ","Philadelphia-Camden-Wilmington","Camden County",630,,,,,,,,,,,,,1800,1800,1875,2000,1900,2000,1875,1995,1825,1725,1900,1750,1725,1700,1947.5,1962.5,1800,1737.5,1825,1800,1700,1757.5,1675,1750,1800,1800,1700,1800,1800,1850,1800,1800,1750,1750,1700,1700,1695,1725,1750,1700,1800,1700,1900,1875,1950,1800,1800,1850,1850,1900,1950,1950,1900,1875,1800,1750,1800,1825,1825,1850,1800,1850,1872.5,1850,1875,1925,1725,1850,1850,1800,1700,1675,1800,1700,1700,1750,1750,1875,1900,1700,1800,1812.5,1725,1800,1850,1825,2000,1925,1850,2000,2000,1975,2000,2000,2000,2000,1900
"Port Charlotte","FL","Punta Gorda","Charlotte County",631,,,,,,,,,,,,,,,,,,,,,,,,,,,,,,,,,,,,,,,,,,,,,,,,,,,,,,,,,,,,,,,,,,,,,,,,,,,,,,,,,,,,1350,1300,1300,1400,1400,1495,1500,1500,1500,1500,1535,1525,1600,1550,1600,1587.5,1650,1600,1600,1535,1500,1600,1572.5,1500,1592.5,1500
"Layton","UT","Ogden-Clearfield","Davis County",632,,,,,,,,,,,,,,,,,,,,,,,,,,,,,,,,,,,,,,,,,,,,,,,,,,,,,,,,,,,,,,,,,,,,,,,,,,,,,,,,,,,,,,,1347.5,1397.5,1395,1570,1590,1512.5,1597.5,1395,1485,1450,1450,1500,1550,1549,1487.5,1650,1550,1492.5,1592.5,1500,1500,1550,1525
"Redondo Beach","CA","Los Angeles-Long Beach-Anaheim","Los Angeles County",633,,,,,,,,,,,,,3100,3125,3275,3200,2950,3200,3200,2950,3000,2975,2800,2997.5,2800,2850,2950,2900,2800,2950,2962.5,3000,3000,2950,3000,3000,3200,3200,3100,2995,3000,3225,2950,2995,2950,3250,3000,3200,3250,3200,3250,3200,3347.5,3350,3500,3500,3600,3495,3500,3500,3300,3200,3100,3500,3600,3600,3600,3590,3500,3550,3500,3495,3500,3500,3500,3450,3447.5,3570,3500,3500,3500,3495,3400,3297.5,3500,3500,3500,3590,3600,3590,3600,3500,3697.5,3700,3700,3590,3500,3570,3372.5,3500,3875,3950,3850,3850,3700,3675,3650,3600,3700
"Statesville","NC","Charlotte-Concord-Gastonia","Iredell County",634,,,,,,,,,,,,,,,,,,,,,,,,,,,,,,,,,,,,,,,,,,,,,,,,,,,,,,,,,,,,,,,,,,,,,,,,,,,,,,,,,,,,,,,,,,,,,,,,,925,950,1000,1100,950,1000,1050,1175,1120,1000,987.5,975,950
"Dubuque","IA","Dubuque","Dubuque County",635,,,,,,,,,,,,,,,,,,,,,,,,,,,,,,,,,,,,,,,,,,,,,,,,,,,,,,,,,,,,,,,,,,,,,,,,,,,,,,,,,,,,,897.5,900,1000,950,895,910,950,897.5,899,875,950,885,875,925,1001,995,1000,1001,950,900,937.5,925,950,975,925
"Harrisonburg","VA","Harrisonburg","Harrisonburg City",636,,,,,,,,,,,,,,,,,,,,,,,,,,,,,,,,,,,,,950,950,950,950,950,925,950,975,950,950,950,950,950,950,950,950,975,975,975,950,950,995,900,895,900,950,975,975,975,975,1000,975,1075,1100,1000,1000,1000,1050,1000,1000,1050,1000,1100,1087.5,1012.5,1012.5,1012.5,1025,1137.5,1150,1025,1100,1200,1200,1300,1285,1200,1200,1050,1100,1100,1100,1100,1100,1100,1175,1150,1125,1112.5,1125,1100,1100,1125
"Bethesda","MD","Washington-Arlington-Alexandria","Montgomery County",637,,,,,,,,,,,,,,,,,,3750,3650,3625,3500,3150,2969,2909,2795,2962.5,2875,2872,3000,3350,3500,3200,3225,2950,2800,2750,2680,2922.5,2950,2750,3200,3200,3300,3500,3395,3372.5,3250,3200,3199.5,3150,3125,3000,3200,3275,3500,3300,3000,2950,2995,3045,2990,3000,3000,2995,3200,3300,3300,3199,2985,2975,2950,2950,2947.5,2995,3000,3050,3195,3300,3100,3150,2975,2897.5,3100,2900,2692.5,3000,3047.5,3250,3250,3300,3400,3299.5,3050,2975,2900,2985,2925,3000,3000,3174.5,3450,3409,3500,3300,3000,2900,2795,2800,2695
"Union City","CA","San Francisco-Oakland-Hayward","Alameda County",638,,,,,,,,,,,,,,,,,,,,,,,,,,,,,,,,,,,,,,,,,,,,,,,,,,,,,,,,,,,,,,,,,,,,,,,,,,,,,,,,,,,,,,2890,2950,2895,2990,2997.5,3000,2995,3075,3100,2850,2890,2750,2800,2970,2849,3000,2550,2998,3000,3150,3100,2992.5,2800,2890
"Ypsilanti","MI","Ann Arbor","Washtenaw County",639,,,,,,,,,,,,,,,,,,,,,,,,,,,,,,,,1400,1400,1400,1400,1372.5,1400,1300,1300,1200,1200,1400,1300,1350,1425,1400,1440,1450,1395,1335,1300,1300,1396,1400,1350,1365,1450,1450,1495,1495,1500,1464,1399.5,1500,1500,1500,1500,1450,1400,1400,1400,1395,1350,1210,1297,1400,1450,1475,1585,1450,1532.5,1400,1559,1450,1500,1520,1550,1550,1567,1550,1596,1550,1450,1550,1559.5,1550,1572,1525,1647,1599,1640,1599,1585.5,1640,1662.5,1725,1650,1607,1650
"Bolingbrook","IL","Chicago-Naperville-Elgin","Will County",640,,,,,,,,,,,,,,,,,,1712.5,1700,1500,1450,1400,1600,1600,1649,1547.5,1660,1550,1600,1600,1550,1600,1650,1672.5,1650,1500,1400,1370,1415,1592.5,1600,1650,1590,1624.5,1600,1750,1725,1737.5,1650,1650,1649,1650,1850,1800,1762.5,1700,1750,1700,1700,1695,1700,1800,1700,1795,1737,1750,1750,1800,1777,1750,1750,1700,1650,1700,1825,1850,1800,1800,1800,1800,1600,1699,1650,1600,1812.5,1850,1850,1925,1912.5,1900,1900,1887.5,1850,1850,1787.5,1700,1795,1850,1747.5,1694,1809.5,1765,1872.5,1820,1782.5,1787.5,1750,1750,1712.5
"Conway","SC","Myrtle Beach-Conway-North Myrtle Beach","Horry County",641,,,,,,,,,,,,,,,,,,,,,,,,,,,,,,,,,,,,,,,,,,,,,,,,,,,,,,,,,,,,,,,,,,,,,,,,,,,,,,,,,,,,,,1285,1295,1335,1350,1320,1310,1335,1385,1337.5,1300,1200,1250,1225,1395,1395,1350,1350,1400,1350,1272.5,1250,1200,1197.5,1200
"Waterloo","IA","Waterloo-Cedar Falls","Black Hawk County",642,,,,,,,,,,,,,,,,,,,,,,,,,,,,,,,,,,,,,,,,,,,,,,,,,,,,,,,,,,,650,600,600,630,722.5,750,750,690,685,785,760,750,750,800,750,725,750,790,750,700,700,697,695,795,725,750,650,682.5,675,675,675,695,695,675,695,697.5,685,685,675,675,700,715,750,722.5,700,710,700,695,700,700,675
"Saint Cloud","FL","Orlando-Kissimmee-Sanford","Osceola County",643,,,,,,,,,,,,,,1195,1162.5,1200,1100,1000,1050,1150,1195,1150,1050,995,1000,1050,1062.5,1150,1125,1195,1200,1200,1100,1150,1150,1200,1200,1250,1200,1225,1250,1200,1200,1200,1200,1225,1225,1225,1250,1200,1200,1200,1250,1250,1250,1250,1250,1250,1250,1250,1225,1250,1250,1295,1295,1350,1325,1297.5,1300,1250,1237.5,1275,1297.5,1300,1362.5,1350,1250,1304,1325,1300,1350,1272.5,1349,1300,1400,1400,1450,1422,1450,1450,1475,1439,1450,1450,1462.5,1462.5,1472.5,1575,1595,1550,1475,1575,1595,1590.5,1500,1580,1582.5,1599,1595
"Palm Beach Gardens","FL","Miami-Fort Lauderdale-West Palm Beach","Palm Beach County",644,,,,,,,,,,,,,,1962.5,2000,1900,1987.5,1900,1800,1850,1900,2000,1900,1790,1687.5,1950,1800,1850,1900,1950,1900,1770,1800,1800,1900,1950,1900,2100,1997.5,1900,1950,2000,2000,2000,2050,2250,2250,2262.5,2200,2200,2100,2000,1950,1950,1950,2085,2000,2100,2100,2200,2075,2300,2195,2350,2200,2200,2200,2397.5,2500,2500,2500,2450,2300,2200,2200,2200,2200,2100,2250,2250,2100,2175,2400,2150,2200,2195,2300,2350,2197.5,2125,2300,2390,2300,2313,2500,2450,2305,2333.5,2250,2200,2100,2170,2150,2172.5,2200,2300,2350,2385,2375
"Centreville","VA","Washington-Arlington-Alexandria","Fairfax County",645,,,,,,,,,,,,1775,1697.5,1700,1710,1700,1775,1800,1850,1800,1775,1850,1800,1650,1700,1750,1795,1800,1850,1875,1850,1850,1800,1700,1634,1613,1693,1730,1647.5,1700,1950,1950,1885,1900,1899,1800,1800,1797,1799,1799,1800,1850,1950,1897.5,1950,1850,1845,1850,1800,1895,1850,1850,1800,1897.5,1950,1950,1950,1950,1895,1850,1850,1882.5,1885,1895,1775,1850,1897.5,2000,1900,1900,1850,1985,1800,1750,1895,1895,1875,1900,1950,1992.5,1997,1995,1950,1895,1900,1850,1900,1950,1950,1950,2050,2000,2025,2025,2050,1995,1925,1997,1997.5
"Alameda","CA","San Francisco-Oakland-Hayward","Alameda County",646,,,,,,,,,,,,,,,,,,,,,,,,,,,,,,,,,,,,,,,,,,,,,,,,,,,,,,,,,,,,,,,,,,,,,,,,,,,,,,,,,,,,,,3650,3550,3600,3750,3700,3500,3800,3500,3650,3750,3500,3625,3600,3550,3300,3800,3600,3550,3500,3400,3309,3697.5,3500,3495
"Hanford","CA","Hanford-Corcoran","Kings County",647,,,,,,,,,,,,,,,,,,,,,,,,,,,,,,,,,,,,,,1200,1050,1050,1100,1100,1100,1150,1100,1100,1100,1150,1150,1150,1150,1150,1150,1175,1250,1200,1175,1195,1175,1275,1250,1195,1195,1175,1200,1150,1225,1350,1200,1350,1200,1195,1200,1325,1312.5,1250,1250,1275,1100,1200,1300,1200,1225,1350,1350,1300,1300,1350,1275,1300,1200,1250,1300,1350,1375,1325,1375,1395,1350,1350,1325,1350,1350,1275,1250,1250,1250,1250,1350
"Sanford","NC","Sanford","Lee County",648,,,,,,,,,,,,,,1287.5,1262.5,1287.5,1350,1325,1300,1297.5,1275,1200,1195,1200,1100,1175,1150,1150,1200,1195,1200,1200,1200,1200,1200,1150,1137.5,1150,1150,1150,1200,1200,1200,1150,1150,1125,1125,1100,1100,1100,1100,1100,1200,1200,1200,1200,1175,1175,1200,1200,1200,1200,1200,1250,1200,1200,1200,1200,1200,1200,1185,1200,1175,1200,1200,1200,1200,1200,1200,1250,1200,1200,1200,1200,1195,1175,1200,1175,1200,1225,1200,1250,1200,1200,1200,1200,1200,1200,1200,1200,1200,1260,1250,1222.5,1250,1220,1200,1250,1200
"Union City","NJ","New York-Newark-Jersey City","Hudson County",649,,,,,,,,,,,,,,,,,,,,,,,,,,,,,,,,,,,,,,,,,,,,,,,1850,1600,1625,1750,1750,1750,1800,1800,1900,1850,1850,1900,1925,1887.5,1750,1700,1800,1850,1850,1800,2000,2000,2100,2100,2275,2172.5,2047.5,1997.5,1925,1850,1855,1950,1775,1825,1900,1997.5,1900,1950,1900,1850,1925,1925,1995,2000,2000,2000,2000,2100,2000,2000,2000,2100,2025,1950,2100,2000,2000,2000,2000,2000,1950,1950,1950
"Orange Park","FL","Jacksonville","Clay County",650,,985,997,962.5,1050,1150,1125,1050,1000,1025,1100,1050,1000,995,995,1000,1050,1095,1075,1000,1000,995,1000,1000,1050,1050,1050,1050,1150,1100,1150,1150,1100,1095,1000,995,1025,1000,1097,1125,1150,1150,1195,1200,1200,1200,1200,1200,1200,1199.5,1150,1160,1195,1200,1200,1200,1200,1200,1200,1200,1200,1200,1267.5,1250,1290,1300,1275,1275,1225,1232.5,1250,1275,1299,1336,1350,1350,1367.5,1325,1300,1300,1299.5,1200,1237,1200,1250,1289.5,1320,1339,1350,1395,1350,1350,1350,1370,1375,1370,1370,1395,1395,1450,1445,1450,1425,1400,1445,1425,1430,1415,1445
"Jupiter","FL","Miami-Fort Lauderdale-West Palm Beach","Palm Beach County",651,,,,,,,,,,,,,,1982.5,1950,1850,1800,1750,1600,1650,1800,1900,1950,2000,1900,1975,1750,1750,1750,1750,1800,1797.5,1800,1900,1900,1950,2000,1995,1850,1800,1800,1850,1800,1850,1950,2150,2200,2300,2300,2200,2097.5,2000,1975,1975,1975,2000,2100,2100,2200,2200,2200,2200,2175,2150,2200,2200,2200,2200,2250,2300,2500,2500,2350,2300,2250,2100,2200,2200,2200,2250,2200,2200,2425,2400,2400,2300,2250,2200,2200,2250,2350,2400,2425,2600,2650,2800,2750,2554,2250,2152.5,2200,2230.5,2300,2500,2675,2500,2627.5,2600,2500
"Venice","FL","North Port-Sarasota-Bradenton","Sarasota County",652,,,,,,,,,,,,,,,,,,,,,,,,,,,,,,,,,,,,,,,,,,,,,,,,,,,,,,,,,,,,,,,,,,,,,,,,,,,,,,,,,,,,,,,,,,,,,,,2800,2800,2900,2500,2300,2110,2000,2000,2025,2000,2047.5,2300,2500,2500,2500
"Cocoa","FL","Palm Bay-Melbourne-Titusville","Brevard County",653,,,,,,,,,,,,,,,,,,,,,,,,,,,,,,,,,,,,,,,,,,,,,,,,,,,,,,,,,,,,,,,,,,,,,,,,,,,,,,,1000,1025,1000,1100,1162.5,1072.5,1075,1000,1100,1249.5,1200,1125,1200,1200,1200,1200,1200,1200,1250,1250,1250,1300,1300,1250,1200,1200,1250,1270,1205,1295,1200
"Wake Forest","NC","Raleigh","Wake County",654,,,,,,,,,,,,,,,,,,,,,,,,,,,,,,,,,,,,,,,,,,,,,,,,,,,,,,,,,,,,,,,,,,,,,,,,,,,,,,,,,,,,,,1597,1549,1625,1625,1690,1795,1645,1610,1555,1560,1585,1625,1550,1572.5,1595,1575,1585,1597.5,1597.5,1575,1600,1500,1595,1547.5
"Milton","FL","Pensacola-Ferry Pass-Brent","Santa Rosa County",655,,,,,,,,,,,,,,900,950,995,995,975,995,950,950,927.5,900,900,900,900,925,950,950,900,895,895,912.5,900,900,950,962.5,995,975,985,1000,1000,975,1000,1000,950,975,937.5,912.5,900,950,950,1083.5,1025,1000,1000,1050,1050,1050,1037.5,1000,1025,975,1025,1050,1050,995,1025,1100,1037.5,997.5,1025,1075,1100,1150,1187.5,1150,1150,1075,1050,1012.5,1050,1100,1000,1100,1100,1062.5,1100,1150,1150,1150,1150,1100,1067.5,1097.5,1095,1100,1100,1150,1200,1200,1197.5,1150,1195,1100,1150,1100,1195,1150
"Palo Alto","CA","San Jose-Sunnyvale-Santa Clara","Santa Clara County",656,,,,,,,,,,,,,,,,,,,,,,,,,,,,,,,,,,,,,,,,,,,,,,,,,,,,,,5595,5995,5100,5000,4995,4995,4987.5,5800,5950,5500,5500,5925,5700,5900,5600,5200,5200,5062.5,5495,5500,5490,5625,6350,5900,5625,5500,5800,5900,5500,5097.5,5500,4995,5000,5500,5500,5900,6200,6000,5575,5350,5500,5450,5450,5425,5500,5525,5900,5950,5950,5900,5850,5797.5,5500,5500,5850,5500
"Salisbury","MD","Salisbury","Wicomico County",657,,,,,,,,,,,,,,,,,,,,,,,,,,,,,,,,,,,,,,,,,,,,,,,,,985,1100,1195,1200,1325,1237.5,1220,1185,1100,1050,1025,985,997.5,1100,1150,1150,1172.5,1200,1195,1112.5,1195,1150,1100,1100,1075,1100,1200,1225,1200,1200,1225,1080,1162.5,1200,1200,1150,1100,1100,1172.5,1200,1200,1200,1200,1200,1200,1195,1150,1150,1200,1200,1200,1200,1200,1200,1200,1195,1150,1197.5,1150,1175,1150
"Mount Vernon","NY","New York-Newark-Jersey City","Westchester County",658,,,,,,,,,,,,,,,,,,,,,,,,,,,,,,,,,,,,,,,,,,,,,,,,,,,,,,,,,,,,,,,,,,,,,,,,,,,,,,,,,,,,,,,,,,,,,,,,,,1825,1850,1850,1937.5,2000,2100,2000,2000,2000,1800,1950,1800
"Ames","IA","Ames","Story County",659,,,,,,,,,,,,,,,,,,,,,,,,,,,,,,,,,,,,,,,,,,,,,,,,,,,,,,,,,,,,,,,,,,,,,,,,,,,,,,,,,,,,1197.5,1130,1195,1094,1105,1130,1110,1000,995,1000,1047.5,1060,1080,1080,1110,1060,1040,1025,1020,1000,1000,1000,1020,1074,1005,1005
"Middletown","NJ","New York-Newark-Jersey City","Monmouth County",660,,,,,,,,,,,,,,1750,1750,1750,1800,1995,2000,2100,1900,1800,1875,1972.5,1650,1637.5,1650,1800,1900,2000,2000,1950,1800,1700,1800,1975,1950,1850,1850,2000,1900,2000,2100,2150,1972.5,1825,1800,1850,1900,1950,1950,1997.5,2200,2300,2200,2100,2175,2100,2000,2000,1900,1950,2000,1900,1970,2000,2100,2300,2200,2100,2000,2000,1975,2000,1900,1850,1850,2000,2125,2050,2050,1875,2000,1800,2000,2050,2200,2175,2325,2250,2200,2325,2150,2200,2100,2075,2000,1950,2000,2000,2100,2000,2212.5,2400,2175,2000,2050,2000,2100
"Weston","FL","Miami-Fort Lauderdale-West Palm Beach","Broward County",661,,,,,,,,,,,,,,,,,,,,,,,,,,,,,,,,,,,,,,,,,,,,,,,,,,,,,,,,,,,,,,,,,,,,,,,,,,,,,,,,,,,2300,2300,2400,2422.5,2450,2499,2550,2500,2500,2490,2490,2500,2500,2500,2500,2450,2500,2450,2500,2575,2600,2600,2500,2480,2475,2499.5,2480
"Grants Pass","OR","Grants Pass","Josephine County",662,,,,,,,,,,,,,,,,,,,,,,,,,,,,,,,,,,,,,,,,,,,,,,,,,,,,,,,,,,,,,,,,,,,,,,,,,,,,,,,,,,,,,,,,,,,1250,1295,1395,1300,1350,1275,1225,1150,1272.5,1250,1325,1397.5,1300,1485,1350,1312.5,1400,1400,1325
"Arcadia","CA","Los Angeles-Long Beach-Anaheim","Los Angeles County",663,,,,,,,,,,,,,,,,,,,,,,,,,,,,,,,,,2525,2500,2550,2600,2500,2400,2300,2500,2550,2775,2465,2600,2500,2500,2525,2550,2575,2500,2450,2500,2590,2800,3000,2800,2800,2700,2800,2800,3000,2750,2950,2900,3000,3000,2950,2985,3000,2900,2950,3000,2900,3000,3100,3250,3275,2800,3000,2825,2950,3000,2925,2950,2992.5,3200,3100,3200,3225,3200,3150,3000,3000,2950,2900,3100,3200,3100,3200,3100,3100,3250,3200,3300,3300,3200,3250,3300,3100
"Kenner","LA","New Orleans-Metairie","Jefferson Parish",664,,,,,,,,,,,,,,,,,,,,,,,,,,,,,,,,,,,,,,,,,,,,,,,,,,,,,,,,,,,,,,,,,,,,,,,,,,,,,,,,,,,,,,1400,1400,1365,1300,1325,1300,1300,1350,1300,1250,1200,1250,1300,1395,1300,1300,1300,1300,1295,1250,1325,1350,1300,1375
"Daytona Beach","FL","Deltona-Daytona Beach-Ormond Beach","Volusia County",665,,,,,,,,,,,,,,,,,,,,,,,,,,,,,,,,,,,,,,,,,,,,,,,,,,,,,,,,,,,,,,,,,,,,,,,,,,,,1200,1200,1112.5,1200,1095,1175,1200,1040,1097.5,1169.5,1250,1250,1300,1250,1250,1200,1200,1250,1200,1200,1200,1195,1250,1250,1237.5,1295,1250,1285,1295,1290,1200,1225,1250,1250
"Maple Grove","MN","Minneapolis-St. Paul-Bloomington","Hennepin County",666,,,,,,,,,,,,,,1595,1550,1472.5,1395,1497,1495,1595,1500,1495,1425,1400,1525,1447.5,1450,1450,1450,1550,1500,1495,1450,1450,1472.5,1495,1500,1425,1500,1495,1495,1500,1495,1450,1490,1495,1550,1500,1500,1500,1500,1500,1400,1500,1462.5,1495,1495,1500,1499.5,1495,1550,1550,1550,1550,1595,1550,1570,1595,1687.5,1595,1595,1595,1595,1650,1595,1595,1595,1592.5,1595,1650,1650,1600,1650,1595,1595,1595,1695,1700,1662.5,1695,1695,1695,1697,1722.5,1695,1695,1695,1695,1697,1795,1750,1750,1795,1750,1750,1795,1822.5,1900,1895
"Stockbridge","GA","Atlanta-Sandy Springs-Roswell","Henry County",667,,,,,,,,,,,,,900,937.5,950,1000,1000,1050,1050,1012.5,1000,995,995,1000,977.5,997.5,912.5,900,995,995,975,950,995,995,962.5,975,950,925,950,925,975,975,950,950,950,950,950,975,950,957.5,975,975,975,985,975,1000,995,999.5,975,950,950,1000,1000,975,1037.5,1050,1050,1050,1000,995,1050,1037.5,1025,1025,1045,1095,1100,1025,1095,1050,1075,1040,1000,1025,1050,1087.5,1100,1150,1155,1154.5,1100,1100,1100,1175,1165,1125,1145,1122.5,1200,1195,1175,1150,1183.5,1200,1200,1170,1225,1195,1200
"Manhattan","KS","Manhattan","Riley County",668,,,,,,,,,,,,,,,,,,,,,,,,,,,1200,1300,1300,1300,1300,1300,1275,1300,1250,1225,1200,1190,1137.5,1200,1250,1200,1250,1250,1300,1250,1200,1225,1235,1250,1250,1250,1300,1250,1250,1250,1250,1210,1197.5,1200,1250,1272.5,1255,1295,1285,1250,1290,1250,1212.5,1250,1250,1235,1230,1250,1250,1250,1280,1250,1250,1250,1200,1250,1170,1200,1255,1280,1290,1250,1250,1250,1250,1200,1200,1200,1245,1250,1250,1250,1200,1200,1200,1200,1200,1200,1200,1200,1250,1250,1250
"Punta Gorda","FL","Punta Gorda","Charlotte County",669,,,,,,,,,,,,,,,,,,,,,,,,,,,,,,,,,,,,,,,,,,,,,,,,,,,,,,,,,,,,,,,,,,,,,,,,,,,,,,,,,,,,,1650,1700,1797.5,1800,1700,1795,1800,1987.5,2000,2100,2100,2200,2200,2400,2195,2100,2000,2000,2000,2200,2250,2200,2200,2100,2000
"Portland","ME","Portland-South Portland","Cumberland County",670,,,,,,,,,,,,,,,,,,,,,,,,,,,,,,,,,,,,,,,,,,,,,,,,,,,,,,,,,,,,,,,,,,,,,,,,,,,,,,,,,,,,,1875,1950,1950,1900,1950,2000,2000,2097.5,2000,1992.5,1850,1900,1900,1900,1900,2200,1972.5,2025,2150,2050,2195,2100,2000,2000,2000
"Lakewood","WA","Seattle-Tacoma-Bellevue","Pierce County",671,,,,,,,,,,,,,,,,,,,,,,,,,,,,,,,,,,,955,995,1050,1000,990,995,1097.5,1095,1150,1175,1195,1197.5,1200,1300,1250,1250,1200,1197.5,1300,1295,1322.5,1322.5,1295,1250,1225,1325,1295,1295,1320,1295,1303,1275,1450,1262.5,1197.5,1250,1200,1295,1295,1450,1437.5,1500,1322.5,1375,1495,1362.5,1325,1400,1405,1397.5,1439,1450,1450,1450,1537.5,1500,1500,1595,1595,1497.5,1450,1497.5,1550,1597.5,1647.5,1595,1650,1625,1500,1500,1560,1595,1550,1497.5,1600
"Corvallis","OR","Corvallis","Benton County",672,,,,,,,,,,,,,,,,,,,,,,,,,,,,,,,,,,,,,,,,,1250,1195,1285,1300,1450,1435,1362.5,1395,1300,1300,1300,1325,1395,1395,1400,1395,1350,1395,1395,1337.5,1295,1295,1500,1595,1537.5,1495,1395,1497.5,1595,1435,1400,1500,1395,1395,1500,1600,1790,1612.5,1500,1537.5,1472.5,1572.5,1495,1500,1485,1625,1700,1800,1750,1695,1750,1747.5,1637.5,1600,1650,1650,1625,1695,1795,1800,1800,1800,1795,1800,1695,1650,1650,1600,1650
"Bellevue","NE","Omaha-Council Bluffs","Sarpy County",673,,,,,,,,,,,,,,,,,,,,,,,,,,,,1187.5,1162.5,1175,1175,1100,1125,1175,1125,1062.5,1097.5,1200,1200,1297.5,1322.5,1200,1200,1197.5,1150,1150,1250,1267.5,1200,1200,1200,1200,1300,1300,1250,1300,1297.5,1200,1175,1200,1250,1250,1250,1300,1250,1250,1247.5,1297.5,1300,1225,1250,1200,1200,1250,1250,1350,1350,1350,1400,1375,1325,1350,1350,1362.5,1250,1300,1325,1350,1350,1300,1300,1300,1395,1350,1350,1300,1300,1350,1337.5,1350,1425,1400,1395,1450,1375,1400,1372.5,1350,1350
"Bel Air","MD","Baltimore-Columbia-Towson","Harford County",674,,,,,,,,,,,,,,,,,,,,,,,,,,,,,,1600,1600,1450,1500,1500,1500,1500,1525,1500,1357,1350,1450,1450,1550,1550,1500,1500,1550,1595,1562.5,1595,1550,1585,1572.5,1625,1650,1595,1425,1400,1425,1450,1500,1500,1472.5,1550,1600,1662.5,1572.5,1450,1500,1550,1572.5,1595,1600,1550,1550,1500,1550,1575,1625,1500,1550,1450,1400,1400,1500,1400,1395,1450,1400,1475,1582.5,1595,1600,1550,1525,1500,1500,1497.5,1525,1600,1600,1650,1575,1650,1650,1625,1600,1595,1600
"Rockville","MD","Washington-Arlington-Alexandria","Montgomery County",675,,,,,,,,,,,,,2048,2195,2250,2275,2300,2250,2385,2300,2300,2100,2100,2097.5,2300,2300,2100,2425,2400,2350,2300,2225,2300,2240,2082.5,2125,1999,1970,1995,2000,2057.5,2316,2300,2387.5,2400,2450,2300,2397.5,2400,2372.5,2300,2300,2400,2500,2500,2370,2300,2350,2300,2287.5,2300,2300,2300,2200,2200,2300,2275,2250,2250,2200,2200,2200,2200,2200,2300,2250,2250,2300,2300,2200,2175,2200,2150,2225,2150,2150,2350,2400,2400,2450,2495,2400,2290,2200,2200,2175,2200,2300,2300,2400,2300,2325,2475,2395,2250,2200,2300,2300,2400
"West Bloomfield","MI","Detroit-Warren-Dearborn","Oakland County",676,,,1995,1995,1990,1992.5,1999.5,1925,1898.5,1700,1800,1995,1750,1872.5,1675,1700,1775,2000,1895,1900,1900,1750,1675,1800,1925,1837.5,1862.5,1750,1800,1825,1900,2000,1900,1850,1837.5,1750,1700,1800,1800,1800,1800,1700,1850,1950,1875,1850,1850,1897.5,1895,1875,1900,1897,1800,1800,1850,1887.5,1975,2000,2000,1962.5,1900,1900,1925,1950,1900,1850,1900,2000,1800,1800,1799.5,1800,1800,1900,2050,1900,1875,1900,1887.5,1837.5,1900,2000,2075,1800,1900,1990,2000,1989.5,2000,1995,2050,2075,2050,2125,2000,2050,2000,2000,2100,2195,2199,2100,2300,2300,2172.5,2050,1997.5,2150,2125
"North Port","FL","North Port-Sarasota-Bradenton","Sarasota County",677,,,,,,,,,,,,,,967.5,1000,995,995,975,995,995,1000,995,1050,995,1000,1000,1050,1000,1000,999,950,995,1000,1000,1097.5,1100,1100,1100,1100,1080,1050,1100,1125,1100,1112.5,1150,1150,1162.5,1100,1150,1150,1150,1200,1225,1200,1200,1200,1250,1250,1200,1235,1200,1250,1262.5,1300,1300,1350,1350,1400,1362.5,1400,1375,1400,1350,1395,1350,1400,1350,1350,1395,1350,1300,1400,1350,1350,1350,1400,1400,1400,1400,1350,1392.5,1375,1400,1395,1400,1400,1400,1450,1500,1465,1425,1415,1400,1400,1400,1400,1415,1470
"Eagan","MN","Minneapolis-St. Paul-Bloomington","Dakota County",678,,,,,,,,,,,,,,,,,,,,,,,,,,,,,,,,,,,,,,,,,,,,,,,,,,,,,,,,,,,,,,,,,,,,,,,,,,,,,,,,,,,,,1492.5,1450,1450,1300,1395,1535,1499,1500,1672.5,1525,1500,1597.5,1495,1600,1525,1575,1750,1695,1695,1575,1695,1400,1400,1550,1597.5
"Vienna","VA","Washington-Arlington-Alexandria","Fairfax County",679,,,,,,,,,,,2350,2550,2594,2600,2625,2400,2700,2800,2750,2800,2400,2450,2350,2340,2437.5,2397.5,2325,2300,2685,2800,2875,2799,2800,2895,2750,2797.5,2750,2750,2772.5,3000,2800,2850,2900,2750,2800,2750,2800,2700,2800,2700,2700,2700,2800,2800,2950,2890,2740,2650,2700,2700,2700,2700,2700,2800,2900,2875,2850,2850,2800,2800,2750,2850,2750,2850,2800,2800,2800,2950,2800,2800,2650,2890,2700,2700,2700,2800,2650,2700,2882.5,2997.5,2900,2850,2850,2850,2800,2800,2700,2550,2700,2800,2900,2950,2995,2950,2875,2900,2900,2800,2800
"Orland Park","IL","Chicago-Naperville-Elgin","Cook County",680,,,,,,,,,,,,,,,,,,,,,,,,,,,,,,,,,,,,,,,,,,,,,,,,,,,,,,,,,,,,,,,,,,,,,,,,,,,,,,,,,,,,,1600,1692.5,1750,1750,1700,1700,1725,1795,1825,1900,1950,1900,1724.5,1700,1750,1800,1700,1762.5,1875,1950,2100,2175,2097.5,2150,2000
"Bozeman","MT","Bozeman","Gallatin County",681,,,,,,,,,,,,,,,,,,,,,,,,,,,,,,,,,,,,,,,,,,,,,,,,,,,,,,,,,,,,,,,,,,,,,,,,,,,,,,,,,,,,,1650,1600,1600,1700,1750,1750,1797.5,1795,1662.5,1725,1900,1797.5,1650,1700,1800,1800,1775,1972.5,1875,1800,1825,1895,1835,1850,1800
"San Luis Obispo","CA","San Luis Obispo-Paso Robles-Arroyo Grande","San Luis Obispo County",682,,,,,,,,,,,,,,,,,,,,,,,,,,,,,,,,,,,,,,,,,,,,,,,,,,,,,,,,,,,,,,,,,,,,,,,,,,,,,,,,,,,,,,,2595,2625,2700,2675,2497.5,2500,2500,2500,2800,2775,2750,2900,2800,2775,2600,2650,2700,2750,2700,2500,2500,2500,2800
"Palatine","IL","Chicago-Naperville-Elgin","Cook County",683,,,,,,,,,,,,,1300,1500,1497.5,1400,1495,1425,1422.5,1350,1400,1337.5,1250,1250,1250,1250,1375,1300,1385,1300,1325,1332,1350,1298,1298,1225,1250,1095,1197.5,1200,1250,1300,1400,1425,1397.5,1362.5,1350,1300,1500,1475,1400,1400,1450,1500,1600,1400,1387.5,1357.5,1400,1450,1425,1490,1470,1500,1400,1480,1450,1475,1500,1550,1600,1600,1462.5,1400,1475,1396.5,1350,1450,1350,1400,1400,1400,1350,1350,1300,1400,1450,1412.5,1430,1550,1500,1550,1600,1490,1450,1400,1485,1450,1550,1600,1600,1595,1550,1537.5,1500,1550,1500,1500,1550
"Youngstown","OH","Youngstown-Warren-Boardman","Mahoning County",684,,,,,,,,,,,,,,,,,,,,,,,,,,,,,,,,,,,,,,,,,,,,,,,,,,,,,,,,,,,,,,,,,,,,,,,,,,,,,,,,,,,,,512.5,600,650,650,612.5,600,628,600,595,595,600,600,597.5,625,625,610,600,650,650,625,649,630,650,645,610
"North Richland Hills","TX","Dallas-Fort Worth-Arlington","Tarrant County",685,,,,,,,,,,,,,,,,,,,,,,,,,,,,,,,,1100,1100,1100,1150,1195,1113,1097.5,1080,1077.5,1113.5,1212.5,1350,1297.5,1127.5,1150,1249,1225,1197,1195,1195,1195,1300,1300,1300,1350,1350,1372.5,1375,1350,1395,1397.5,1300,1350,1462.5,1450,1400,1350,1495,1325,1325,1375,1385,1400,1375,1350,1275,1350,1325,1485,1365,1425,1425,1295,1425,1400,1450,1435,1450,1495,1562.5,1500,1495,1500,1500,1500,1550,1550,1500,1500,1500,1550,1550,1575,1535,1550,1550,1575,1550
"Madison","AL","Huntsville","Madison County",686,,,,,,,,,,,1172.5,1150,1100,1195,1287.5,1225,1225,1200,1297.5,1300,1262.5,1250,1200,1250,1250,1350,1395,1397.5,1395,1300,1300,1250,1272.5,1272.5,1250,1295,1250,1200,1195,1200,1200,1272.5,1200,1229.5,1200,1200,1200,1225,1250,1200,1195,1195,1200,1295,1200,1200,1200,1200,1200,1250,1200,1200,1250,1250,1250,1300,1250,1250,1235,1200,1200,1200,1200,1195,1197.5,1200,1280,1300,1200,1200,1250,1295,1295,1275,1250,1197.5,1200,1225,1250,1250,1295,1295,1300,1295,1225,1300,1325,1300,1300,1312.5,1325,1350,1350,1325,1350,1347.5,1300,1322.5,1345
"Ewa Beach","HI","Urban Honolulu","Honolulu County",687,,,,,,,,,,,,,,,,,,,2400,2400,2200,2150,2100,2200,2100,2000,2200,2200,2200,2100,2000,2000,2025,2100,2100,2100,2050,2000,1995,2225,2300,2350,2250,2272.5,2200,2100,2175,2100,2150,2000,2000,2100,2200,2450,2300,2450,2200,2200,2250,2200,2250,2250,2325,2497.5,2687.5,2700,2700,2600,2600,2700,2500,2500,2500,2400,2450,2537.5,2700,2700,2700,2700,2600,2425,2400,2385,2500,2575,2595,2600,2772.5,2750,2800,2600,2500,2500,2600,2597.5,2562.5,2520,2500,2550,2500,2600,2800,2700,2700,2750,2600,2600,2500
"Lilburn","GA","Atlanta-Sandy Springs-Roswell","Gwinnett County",688,,,,,,,,,,,,,1149.5,1150,1175,1150,1150,1150,1000,1075,1100,1100,1150,1200,1195,1100,1100,1100,1100,1150,1200,1100,1097.5,1162.5,1200,1107,1100,1050,1150,1200,1150,1200,1199.5,1200,1200,1200,1195,1195,1150,1195,1185,1150,1197.5,1225,1200,1197,1200,1237.5,1200,1200,1200,1250,1225,1252.5,1285,1346,1295,1250,1225,1250,1250,1295,1350,1309,1375,1350,1320,1350,1275,1297.5,1370,1309,1300,1300,1395,1390,1460,1400,1400,1400,1457.5,1425,1400,1395,1375,1350,1400,1412.5,1405,1437.5,1500,1490,1530,1490,1425,1412.5,1429,1450,1495
"Lorain","OH","Cleveland-Elyria","Lorain County",689,,,,,,,,,,,,,,,,,,,,,,,,,705,712.5,725,657.5,675,675,650,650,680,670,650,675,650,675,675,695,675,670,680,675,695,700,695,710,725,700,700,700,700,700,697.5,700,700,730,730,700,700,700,730,700,697,695,700,695,695,700,700,725,722.5,695,695,700,665,690,690,712.5,695,725,750,700,650,695,700,725,695,725,725,700,750,750,725,725,732.5,750,725,750,735,775,770,725,725,750,750,750,785
"East Orange","NJ","New York-Newark-Jersey City","Essex County",690,,,,,,,,,,,,,,,,,,,,,,,,,,,,,,,,,,,,,,,,,,,,,,,,,,,,,,,,,,,,,,,,,,,,,,,,,,,,,,,,,,,,,1400,1425,1350,1425,1450,1450,1450,1400,1450,1462.5,1400,1400,1375,1350,1500,1500,1450,1450,1500,1462.5,1500,1500,1500,1500,1500
"Fayetteville","GA","Atlanta-Sandy Springs-Roswell","Fayette County",691,,,,,,,,,,,,,1495,1400,1375,1387.5,1357.5,1400,1395,1300,1250,1200,1200,1212.5,1200,1197.5,1195,1200,1200,1300,1274.5,1200,1200,1200,1200,1212.5,1250,1200,1250,1225,1285,1250,1300,1325,1319,1382.5,1325,1312.5,1310,1350,1350,1337.5,1350,1470,1495,1470,1492.5,1400,1425,1400,1375,1400,1412.5,1412.5,1450,1495,1483.5,1462.5,1450,1450,1500,1400,1375,1335,1350,1325,1497.5,1450,1495,1595,1450,1455,1562.5,1487.5,1400,1585,1497.5,1585,1575,1550,1575,1650,1650,1585,1541.5,1650,1620,1570,1625,1700,1610,1650,1650,1627.5,1549.5,1600,1624.5,1600,1650
"Midland","MI","Midland","Midland County",692,,,,,,,,,,,,,,,,,,,,,,,,,,,,,,,,,,,,,,,,,,,,,,,,,,,,,,,,,,,,,,,,,,,,,,,,,,,,,,,,,,,,,,,,,,,,962.5,950,900,900,900,950,1000,900,875,900,1000,950,950,900,900,900,900,912.5
"Hendersonville","TN","Nashville-Davidson--Murfreesboro--Franklin","Sumner County",693,,,,,,,,,,,,,,,,,,,,,,,,,,,,,,,,,,,,,,,,,,,,,,,,,,,,,,1400,1495,1650,1612.5,1585,1650,1625,1600,1525,1650,1525,1500,1500,1595,1600,1550,1575,1650,1650,1695,1650,1600,1462.5,1595,1650,1650,1650,1697,1700,1600,1595,1695,1600,1695,1600,1595,1650,1700,1695,1695,1700,1695,1700,1695,1695,1695,1695,1650,1712.5,1695,1695,1700,1700,1700,1695,1750
"Wesley Chapel","FL","Tampa-St. Petersburg-Clearwater","Pasco County",694,,,,,,,,,,,,,1350,1250,1250,1350,1297.5,1345,1300,1300,1300,1295,1295,1295,1295,1295,1295,1295,1295,1295,1295,1300,1336.5,1350,1362.5,1350,1325,1300,1350,1350,1389,1395,1450,1400,1400,1395,1395,1375,1375,1395,1375,1385,1400,1400,1400,1395,1400,1400,1400,1400,1400,1400,1450,1450,1462.5,1495,1450,1475,1495,1495,1495,1495,1495,1495,1495,1450,1495,1500,1500,1450,1475,1496,1500,1487,1500,1500,1550,1575,1595,1599,1600,1595,1550,1595,1595,1595,1600,1650,1645,1650,1695,1675,1670,1650,1600,1595,1600,1650,1650
"Caldwell","ID","Boise City","Canyon County",695,,,,,,,,,,,,,,,,,,,,,,,,,,,,,,,,,,,,,,,,,,,,,,,,,,,,,,,,,,,,,,,,,,,,,,,,,,,,,,,,,,,,,960,950,975,1000,987.5,1100,1150,1100,1125,1125,1125,1097.5,1095,1100,1162.5,1195,1300,1195,1195,1250,1195,1195,1150,1195,1300
"Fountainbleau","FL","Miami-Fort Lauderdale-West Palm Beach","Miami-Dade County",696,,,,,,,,,,,,,1200,1200,1250,1250,1250,1200,1300,1300,1250,1275,1300,1300,1300,1300,1300,1300,1300,1300,1312.5,1400,1350,1350,1300,1300,1312.5,1400,1400,1400,1450,1450,1450,1500,1500,1595,1650,1600,1600,1550,1550,1500,1450,1450,1500,1500,1525,1600,1550,1600,1525,1550,1625,1600,1600,1588.5,1587.5,1600,1600,1597.5,1650,1600,1600,1600,1600,1600,1600,1550,1550,1600,1600,1600,1600,1575,1600,1650,1650,1650,1670,1700,1699.5,1700,1645,1600,1600,1650,1650,1650,1650,1650,1650,1600,1672.5,1650,1700,1700,1650,1695,1650
"Valrico","FL","Tampa-St. Petersburg-Clearwater","Hillsborough County",697,,,,,,,,,,,,,1325,1350,1395,1350,1400,1395,1395,1400,1350,1395,1325,1295,1397.5,1337.5,1297.5,1399.5,1397,1350,1400,1325,1297,1300,1287.5,1300,1300,1397.5,1400,1500,1500,1575,1550.5,1495,1495,1450,1475,1500,1500,1400,1400,1400,1462.5,1450,1450,1500,1475,1500,1499.5,1500,1500,1499,1500,1500,1500,1497.5,1500,1495,1500,1495,1450,1425,1475,1495,1550,1550,1550,1432,1475,1450,1545,1550,1495,1475,1475,1500,1550,1600,1604.5,1650,1630,1575,1550,1600,1600,1575,1580,1630,1625,1620,1695,1695,1700,1695,1600,1600,1637.5,1600,1635
"Laguna Niguel","CA","Los Angeles-Long Beach-Anaheim","Orange County",698,,,2500,2550,2500,2900,3325,2897.5,2750,2425,2350,2300,2372.5,2350,2400,2400,2625,2625,2600,2500,2595,2500,2500,2400,2495,2500,2500,2500,2500,2700,2600,2600,2550,2500,2500,2500,2525,2700,2700,2900,2850,2800,2800,2500,2700,2700,2695,2695,2725,2750,2725,2750,2900,2900,2800,2800,2950,2950,2900,2900,2850,2900,2975,2995,3050,2997.5,2950,2900,2900,2900,2900,2900,2900,2975,3000,2997.5,3150,3000,3100,3100,2992.5,2990,3200,2995,2962.5,3195,3200,3000,3100,3300,3300,3200,3100,3200,3000,3000,3000,3175,3100,3100,3200,3249.5,3250,3300,3122.5,3200,3195,3100,3200
"South San Francisco","CA","San Francisco-Oakland-Hayward","San Mateo County",699,,,,,,,,,,,,,,,,,,,,,,,,,,,,,,,,,,,,,,,,,,,,,,,,,,,,,,,,,,,,,,,,,,,,,,,,,,,,,,,,,,,,,3295,3200,3322.5,3297.5,3472.5,3550,3500,3650,3497.5,3495,3500,3500,3500,3500,3500,3400,3500,3825,3800,3750,3750,3795,3800,3800,3800
"Towson","MD","Baltimore-Columbia-Towson","Baltimore County",700,,,,,,,,,,,,,,,,,,,,,,,,,,,,,,,,,,,,,,,1700,1695,1600,1600,1635,1645,1650,1695,1712.5,1700,1725,1750,1712.5,1695,1695,1725,1650,1750,1670,1650,1700,1800,1750,1725,1750,1825,1825,1825,1750,1750,1700,1800,1800,1800,1800,1790,1700,1800,1750,1800,1850,1800,1700,1675,1750,1795,1700,1725,1800,1650,1750,1800,1825,1875,1850,1800,1800,1800,1800,1800,1850,1845,1750,1750,1800,1800,1800,1800,1800,1800,1750
"West Hartford","CT","Hartford-West Hartford-East Hartford","Hartford County",701,,,,,,,,,,,,,,,2200,2100,2200,2200,2200,2100,1975,1900,1850,1800,1850,1800,1850,1800,1800,1850,1860,1700,1875,1850,1895,1825,1812.5,1850,1950,2050,2100,2100,2200,2050,2200,2200,2100,2050,2050,2000,2000,2000,2200,2225,2200,2100,2100,2100,2250,2250,2150,2250,2250,2250,2300,2300,2300,2200,2200,2050,2100,2200,2200,2200,2275,2300,2300,2200,2200,2250,2250,2250,2250,2200,2200,2300,2300,2200,2200,2150,2200,2200,2150,2100,2100,2062.5,2075,2137.5,2200,2100,2100,2200,2200,2100,2100,2025,2000,1950,1957.5
"San Gabriel","CA","Los Angeles-Long Beach-Anaheim","Los Angeles County",702,,,,,,,,,,,,,,,,,,,,,,,,,,,,,,,,,,,,,,,,,,,,,,,,,,,,,,,,,,,,,,,,,,,,,,,,,,,,,,,,,,,2400,2647.5,2575,2700,2700,2747.5,2797.5,2650,2800,2597.5,2600,2600,2550,2565,2550,2775,2600,2597.5,2600,2700,2650,2675,2772.5,2600,2550,2550,2650
"Powder Springs","GA","Atlanta-Sandy Springs-Roswell","Cobb County",703,,,,,,,,,,,1100,1100,1100,1100,1100,1100,1100,1025,1000,1000,1000,995,995,999.5,1000,999.5,1050,1000,1050,1062.5,1050,1000,1050,1050,1095,1050,1050,1095,1075,1075,1090,1100,1100,1100,1097.5,1150,1150,1150,1150,1150,1150,1100,1135,1175,1195,1195,1175,1150,1111,1137.5,1200,1200,1200,1200,1200,1200,1200,1200,1200,1200,1244.5,1239,1244.5,1250,1297.5,1300,1250,1250,1262.5,1250,1250,1250,1279,1250,1280,1249,1300,1327,1367,1359,1325,1330,1370,1350,1345,1350,1380,1344,1350,1395,1380,1425,1387.5,1400,1400,1375,1365,1399,1399
"Reston","VA","Washington-Arlington-Alexandria","Fairfax County",704,,,,1725,1950,1922.5,2025,1950,1950,1900,1872.5,1975,1995,1875,1800,1850,1950,1997,1900,1850,1800,1962.5,1850,1800,1800,1850,1800,1800,1900,1900,1900,1950,1950,1950,1962.5,1995,1997,1852.5,1800,1795,1800,1850,1950,1995,1995,1975,1900,1850,1850,1875,1897.5,1875,1950,1900,1900,2000,1975,1950,1900,1850,1850,1897.5,1850,1895,1950,1950,1990,2000,2000,1975,1950,1950,1995,1995,2000,1995,1862.5,1995,1997,2000,1872.5,1975,1950,1900,1900,1895,1900,1995,2050,2005,2095,2022.5,2000,2000,2000,2000,2000,1995,2000,2050,2100,2100,2100,2100,2100,2037.5,2100,2100,2050
"Tamarac","FL","Miami-Fort Lauderdale-West Palm Beach","Broward County",705,,,,,,,,,,1100,1075,1199,1150,1100,1100,1100,1100,1100,1150,1175,1200,1150,1175,1150,1190,1200,1200,1200,1200,1200,1250,1250,1225,1200,1200,1200,1200,1200,1200,1200,1225,1250,1250,1290,1250,1250,1325,1300,1300,1300,1300,1300,1325,1337.5,1350,1300,1300,1275,1300,1300,1300,1350,1350,1325,1350,1395,1397.5,1450,1400,1400,1350,1400,1450,1400,1400,1450,1550,1550,1500,1450,1450,1500,1550,1500,1500,1500,1500,1500,1500,1500,1500,1500,1455,1450,1400,1400,1400,1450,1450,1400,1400,1450,1400,1400,1400,1400,1450,1450,1450
"Shawnee","KS","Kansas City","Johnson County",706,,,,,,,,,,,,,,,,,,,,,,,,,,,,,,,,,,,,,,,,,,,,,,,,,,,,,,,,,,,,,,,,,,,,,,,,,,,,,,,,,,,,,,,,,,,,,,,,,1375,1322,1497.5,1750,1650,1847.5,1597,1595,1595,1495,1570,1575,1494.5
"Carson City","NV","Carson City","Carson City",707,,,,,,,,,,,,,,,,,,,,,,,,,,,,,,,,,,,,,,,,,,,,,,,,,,,,,,,,,,,,,,,,,,,,,,,,,,,,,,,,,,1125,1075,1250,1200,1200,1137.5,1200,1150,1200,1300,1375,1300,1350,1300,1350,1250,1250,1300,1250,1200,1300,1400,1500,1500,1450,1350,1295,1400
"Elyria","OH","Cleveland-Elyria","Lorain County",708,,,,,,,,,,,,,,,,,,,,,,,,,,,,,,,,,,,,,,,,,,,,,,,,,,,,,,,,,,,,,,,,,,,,,,,,,,,,,,,,,,,,,750,775,750,795,750,750,750,737.5,750,732.5,750,750,750,737.5,750,750,800,795,792.5,750,750,800,800,800,785
"Huntsville","TX","Huntsville","Walker County",709,,,,,,,,,,,,,,,,,,,,,,,,,,,,,,,,,,,,,,,,,,,,,,,,,,,,,,,,,,,,,,,,,,,,,,,,,,,,,,,,,,,,,1225,1100,1100,1150,1200,1100,1100,1100,1100,1000,950,1100,1100,1125,1100,1100,1100,1200,1092.5,1092.5,1100,995,995,1100,1200
"North Bergen","NJ","New York-Newark-Jersey City","Hudson County",710,,,,,,,,,,,,,,,,,,,,,,,,,,,,,,,,,,,,,,,,,,,,,,,,,,,,,,,,,,,,,,,,,,,,,,,,,,,,,,,,,,,,,,2100,1900,2100,1947.5,1999,2001.5,2100,2000,1895,2000,2100,2100,1972.5,1925,2000,2000,1890,2075,2200,2225,2100,2050,2000,2000
"Saint Cloud","MN","St. Cloud","Stearns County",711,,,,,,,,,,,,,,,,,,,,,,,,,,,,,,,,,,,,,,,,,,,,,,,,,,,,,,,,,,,,,,,,,,,,,,,,,,,,,,,,,,,,,,,,,,,,,,1095,1200,1150,1097.5,1150,1200,1200,1165,1200,1150,1147.5,1200,1195,1197.5,1150,1100
"Yukon","OK","Oklahoma City","Canadian County",712,,,,,,,,,,,,,,,,,,,,,,,,,,,,,,,,,,,,,,,,,,,,1300,1272.5,1295,1297.5,1295,1295,1300,1300,1300,1350,1395,1345,1350,1345,1345,1345,1325,1335,1295,1345,1345,1325,1295,1345,1295,1250,1250,1250,1275,1275,1300,1325,1325,1362.5,1295,1250,1250,1250,1235,1200,1200,1195,1197.5,1250,1295,1295,1295,1285,1250,1245,1250,1250,1250,1250,1250,1250,1250,1250,1300,1300,1250,1295,1295,1295,1295,1250
"Waltham","MA","Boston-Cambridge-Newton","Middlesex County",713,,,,,,,,,,,,,,,,,,,,,2325,2025,2000,1974.5,2000,2038,2112.5,2127.5,2100,2100,2207.5,2200,2330,2246.5,2250,2097,2093,2160,2115,2152.5,2160,2200,2210,2100,2050,2225,2164,2163,2225,2255,2247.5,2260,2320,2300,2310,2350,2308,2280,2260,2260,2310,2280,2265.5,2275.5,2310,2300,2306,2300,2300,2290,2308,2290,2300,2330,2333,2300,2300,2308,2295,2330,2310,2275,2260,2310,2275.5,2265.5,2300,2325,2331.5,2300,2300,2341.5,2300,2200,2200,2172,2271,2280,2360,2388,2370,2371,2400,2371,2382,2300,2376,2341.5,2333
"Eden Prairie","MN","Minneapolis-St. Paul-Bloomington","Hennepin County",714,,,,,,,,,,,,,,,,,1947.5,1750,1800,1695,1795,1772.5,1699,1662.5,1495,1547.5,1695,1495,1647.5,1662.5,1595,1595,1575,1575,1612.5,1650,1750,1695,1600,1600,1500,1495,1495,1495,1562.5,1695,1737,1700,1595,1597.5,1595,1512.5,1582.5,1695,1665,1670,1692.5,1525,1575,1550,1650,1645,1600,1695,1600,1595,1575,1650,1662.5,1595,1662.5,1550,1600,1695,1650,1595,1560,1645,1662.5,1625,1650,1612.5,1600,1599,1685,1712.5,1592.5,1697.5,1850,1800,1897.5,1797.5,1772.5,1750,1800,1800,1800,1700,1795,1850,1795,1825,1895,1795,1825,1995,2000,1899.5,1800
"Mansfield","TX","Dallas-Fort Worth-Arlington","Tarrant County",715,,,,,,,,,,,,,,1685,1625,1610,1650,1600,1525,1600,1550,1550,1472.5,1495,1500,1465,1417.5,1400,1412.5,1495,1572.5,1495,1500,1525,1495,1500,1525,1495,1472.5,1550,1550,1550,1537.5,1500,1480,1495,1462.5,1495,1500,1500,1500,1500,1500,1550,1585,1550,1600,1597.5,1595,1595,1554.5,1550,1595,1695,1649,1612,1697.5,1625,1689,1695,1695,1595,1595,1575,1695,1640,1685,1622.5,1700,1672.5,1667.5,1650,1650,1695,1769,1785,1875,1795,1795,1750,1797.5,1750,1750,1700,1695,1745,1720,1710,1750,1800,1847.5,1750,1850,1800,1775,1750,1800,1750,1750
"North Miami","FL","Miami-Fort Lauderdale-West Palm Beach","Miami-Dade County",716,,,,,,,,,1250,1100,1097.5,1100,1200,1167.5,1100,1012.5,1100,1200,1150,1150,1200,1200,1200,1200,1150,1200,1200,1250,1200,1250,1250,1200,1200,1250,1200,1225,1250,1248,1250,1250,1300,1300,1400,1400,1500,1475,1500,1500,1500,1500,1465,1480,1497.5,1482.5,1450,1425,1500,1435,1500,1450,1450,1400,1500,1649.5,1600,1500,1500,1600,1525,1550,1600,1600,1600,1705,1750,1600,1500,1475,1435,1500,1590,1500,1550,1487.5,1550,1550,1600,1650,1650,1565,1500,1500,1525,1450,1400,1400,1450,1550,1580,1550,1500,1587.5,1575,1595,1600,1700,1600,1600,1600
"San Clemente","CA","Los Angeles-Long Beach-Anaheim","Orange County",717,,,,,,,,3000,2900,2800,2947.5,3000,3000,2900,2925,2825,2875,3250,3197.5,3000,3000,3000,2750,2800,2972.5,3000,2950,2800,2987.5,3097.5,3000,3000,2800,2850,2850,2900,2850,2850,2800,2800,2992.5,3100,3387.5,2800,3200,3300,2997.5,3000,3185,3100,3125,3100,3200,3250,3500,3500,3437.5,3497.5,3500,3497.5,3450,3500,3350,3600,3550,3600,3400,3500,3472.5,3500,3600,3600,3495,3495,3450,3400,3495,3500,3500,3600,3300,3500,3497.5,3200,3500,3395,3500,3625,3700,3600,3500,3497.5,3497.5,3400,3497.5,3400,3400,3500,3500,3500,3700,3650,3600,3700,3600,3500,3400,3600,3500
"Novato","CA","San Francisco-Oakland-Hayward","Marin County",718,,,,,,,,,,,,,,,,,,,,,,,,,,,,,,,,,,,,,,,,,,,,,,,,,,,,,,,,,,,,,,,,,,,,,,,,,,,,,,3550,3400,3550,3400,2987.5,3200,3025,3387.5,3200,3195,3225,3350,3350,3350,3400,3400,3400,3257.5,3257.5,3500,3500,3441,3436,3350,3439,3485,3500,3500,3550,3450,3500,3600
"Easley","SC","Greenville-Anderson-Mauldin","Pickens County",719,,,,,,,,,,,,,,,,,,,,,,,,,,,,,,,,,,,,,,,,,,,,,,,,,,,,,,,,,,,,,,,,,,,,,,,,,,,,,,,,,,,,,,,,,,,,,,,,1200,1250,1250,1250,1250,1295,1250,1197.5,1100,1125,1200,1200,1200,1200
"Broomfield","CO","Denver-Aurora-Lakewood","Broomfield County",720,,,,,,,,,,,,,,,,,,,,,,,,,,,,,,,,,,,,,,,,,1595,1630,1695,1595,1695,1737.5,1675,1649,1600,1662.5,1600,1525,1600,1695,1700,1800,1762.5,1700,1600,1697.5,1795,1795,1800,1895,1895,1997.5,1985,2000,2000,1950,1895,1899.5,1874.5,2000,1895,1817.5,1995,1895,1962.5,1997.5,1995,1950,1985,1895,1900,1995,2050,2000,2095,2100,2100,2095,2072.5,2100,2000,2000,2100,2025,2100,2195,2117.5,2195,2150,2195,2195,2100,2095,2195,2195
"Haverhill","MA","Boston-Cambridge-Newton","Essex County",721,,,,,,,,,,,,,,,,,,,,,,,,,,,,,,,,,,,,,,,,,,,,,,,,,,,,,,,,,,,,,,,,,,,,,,,,,,,,,,,,,,,,,,,,,,,,,,,,1600,1600,1607.5,1600,1607.5,1592.5,1585,1600,1595,1600,1600,1625,1600,1587.5
"Coon Rapids","MN","Minneapolis-St. Paul-Bloomington","Anoka County",722,,,,,,,,,,,,,,,,,,,,,,,,,,,,,,,,,,,,,,,,,,,,,,,,,,,,,,,,,,,,,,,,,,,,,,,,,,,,,,,,,,,,,,,1395,1399,1495,1472.5,1425,1425,1499,1395,1562.5,1437,1385,1395,1595,1585,1450,1522.5,1525,1587.5,1595,1555,1700,1707.5,1600
"Deland","FL","Deltona-Daytona Beach-Ormond Beach","Volusia County",723,,,,,,,,,,,,,,,,,,,,,,,,,,,,,,,,,,,,,,,,,,,,,,,,,,,,,,1150,1100,1000,1049.5,995,950,995,925,900,995,1025,1069.5,1150,1127,1150,1097.5,1070,1095,1050,1100,1172.5,1197.5,1197.5,1100,1100,1150,1100,1200,1150,1172.5,1025,1150,1297.5,1200,1195,1300,1250,1250,1200,1200,1295,1275,1225,1195,1200,1312.5,1300,1300,1300,1287.5,1275,1300,1292.5,1300,1292.5,1325
"Encinitas","CA","San Diego-Carlsbad","San Diego County",724,,,,,,,,,,,,,,,,,,,,,,,,,,,,,,,,,,,,,,,,,,,,,2700,2962.5,2775,2825,2950,2950,3000,3000,3000,3100,3200,3500,3500,3400,3397.5,3450,3400,3200,3000,3197.5,3500,3400,3400,3475,3350,3395,3250,3200,3300,3295,3347.5,3500,3300,3400,3244,3200,3395,3395,3200,2992.5,3200,3450,3595,3500,3600,3700,3750,3597.5,3694,3650,3650,3750,3600,3600,3700,3900,3900,3900,3800,3800,3700,3700,3600,3395,3550
"Taylor","MI","Detroit-Warren-Dearborn","Wayne County",725,,,,,,,,,,,,,,,,,,,,,,,795,800,800,825,850,825,800,799.5,800,850,850,837.5,850,850,805,799.5,830,815,850,850,850,875,900,850,895,897,875,875,895,900,900,900,900,900,925,950,900,900,900,900,900,900,895,850,900,900,900,900,875,875,850,875,875,900,925,900,907.5,900,900,900,950,900,900,850,900,950,1000,962.5,940,950,950,950,950,950,950,910,930,950,999,950,950,950,950,975,975,962.5,962.5
"Dundalk","MD","Baltimore-Columbia-Towson","Baltimore County",726,,,,,,,,,,,,,,,,,,,,,,,1150,1087.5,1122.5,1030,1100,1200,1172.5,1150,1200,1200,1237.5,1200,1200,1200,1200,1200,1200,1250,1250,1300,1300,1300,1295,1300,1300,1250,1200,1250,1250,1250,1300,1300,1300,1300,1250,1250,1220,1255,1250,1250,1280,1300,1350,1275,1275,1300,1300,1300,1300,1300,1300,1300,1300,1300,1300,1300,1300,1300,1275,1300,1250,1340,1300,1300,1300,1300,1300,1325,1300,1300,1295,1250,1200,1225,1275,1350,1350,1350,1350,1377.5,1400,1350,1350,1350,1350,1400,1400
"Blaine","MN","Minneapolis-St. Paul-Bloomington","Anoka County",727,,,,,,,,,,,,,,,,,,,1495,1450,1395,1400,1397.5,1362.5,1362.5,1350,1395,1395,1397.5,1395,1395,1350,1337.5,1350,1395,1395,1395,1395,1395,1350,1392.5,1395,1395,1395,1395,1437.5,1472.5,1400,1495,1400,1400,1450,1450,1450,1500,1595,1495,1400,1450,1395,1449.5,1495,1495,1495,1450,1495,1450,1450,1495,1425,1412.5,1437.5,1475,1500,1495,1412,1447.5,1472.5,1437.5,1399,1450,1500,1500,1675,1595,1592.5,1575,1595,1595,1525,1475,1595,1575,1522.5,1550,1550,1495,1499.5,1595,1600,1700,1675,1595,1600,1710,1712.5,1872.5,1722.5,1750
"Pasadena","MD","Baltimore-Columbia-Towson","Anne Arundel County",728,,,,,,,,,,,,,,,,,,,,,,,,,,,,,,,,,,,,,,,,,,,,,,,,,,,,,,,,,,,,,,,,,,,,,,,,,,,,,,,,,,,,,1675,1800,1700,1700,1700,1750,1800,1800,1762.5,1825,1750,1750,1750,1750,1712.5,1800,1822.5,1800,1800,1850,1800,1800,1750,1750,1799.5
"South Jordan","UT","Salt Lake City","Salt Lake County",729,,,,,,,,,,,,,,,,,,,,,,,,,,,,,,,,,,,,,,,,,,,,,,,,,,,,,,,,,,,,,,,,,,,,,,,,,,,,,,,,,,,,,1750,1660,1745,1697,1650,1695,1660,1697,1670,1672.5,1695,1550,1785,1800,1650,1695,1764,1737,1750,1695,1699,1650,1850,1795,1795
"Harlingen","TX","Brownsville-Harlingen","Cameron County",730,,,,,,,,,,,,,,,,,,,,,,,,,,,,,,,,,,,,,,,,,,,,,,,,,,,,,,,,,,,,,,,,,,,,,,,,,,,,,,,,,,,,,1050,950,950,850,1000,945,975,1025,1000,1000,1000,1100,1050,1050,912.5,985,995,995,995,937.5,995,995,972.5,975,997.5
"Hamden","CT","New Haven-Milford","New Haven County",731,,,,,,,,,,,,,,,,,1625,1750,1750,1900,1800,1600,1575,1575,1500,1450,1497.5,1600,1550,1500,1600,1600,1600,1500,1500,1400,1395,1500,1515,1600,1700,1650,1650,1600,1700,1700,1700,1700,1700,1650,1675,1700,1795,1750,1725,1650,1672.5,1725,1695,1675,1650,1600,1650,1797.5,1795,1725,1700,1695,1700,1800,1795,1700,1795,1675,1685,1612.5,1690,1650,1797.5,1700,1800,1800,1800,1650,1525,1500,1600,1537.5,1675,1572.5,1650,1650,1772.5,1700,1650,1625,1650,1650,1725,1747.5,1695,1772.5,1700,1700,1800,1850,1895,1750,1795
"Huntersville","NC","Charlotte-Concord-Gastonia","Mecklenburg County",732,,,,,,,,,,,,,1325,1335,1295,1200,1250,1299,1250,1300,1395,1350,1395,1395,1400,1350,1325,1275,1395,1325,1350,1375,1385,1325,1400,1297.5,1295,1250,1350,1400,1395,1395,1350,1397,1397,1350,1350,1399,1395,1395,1375,1395,1425,1425,1412.5,1400,1450,1395,1375,1395,1412.5,1425,1425,1495,1495,1525,1500,1497.5,1500,1525,1500,1495,1495,1495,1575,1595,1550,1537.5,1567,1495,1460,1537,1599,1500,1662.5,1649,1627,1649,1649,1650,1675,1675,1650,1600,1640,1650,1675,1650,1675,1650,1650,1650,1650,1662.5,1600,1597.5,1595,1595,1550
"La Habra","CA","Los Angeles-Long Beach-Anaheim","Orange County",733,,,,,,,,,,,,,,,,,,,,,,,,,,,,,,,,,,,,,,,,,,,,,,,,,,,,,,,,,,,,,,,,,,,,,,,,,,,,,,,,,,,,,2397.5,2400,2395,2137,2200,2300,2400,2387.5,2400,2395,2400,2400,2225,2400,2400,2300,2275,2300,2050,2400,2450,2450,2425,2495,2300
"Burnsville","MN","Minneapolis-St. Paul-Bloomington","Dakota County",734,,,,,,,,,,,,,,,,,1495,1350,1345,1299.5,1362.5,1275,1247.5,1247,1395,1325,1320.5,1333,1295,1295,1275,1285,1200,1295,1295,1250,1247.5,1212.5,1300,1275,1275,1250,1250,1250,1295,1360,1445,1500,1500,1345,1350,1340,1350,1362.5,1497.5,1395,1490,1350,1359,1497.5,1497.5,1350,1350,1485,1322.5,1325,1425,1595,1595,1500,1500,1412,1622.5,1500,1550,1595,1635,1497.5,1695,1500,1497.5,1595,1695,1695,1595,1645,1695,1699,1497.5,1690,1668.5,1550,1600,1500,1645,1775,1695,1599,1672.5,1650,1595,1749.5,1695,1750,1737.5,1700,1700,1785,1672.5
"Land O Lakes","FL","Tampa-St. Petersburg-Clearwater","Pasco County",735,,,,,,,,,,,,,1395,1395,1395,1395,1395,1395,1395,1395,1322.5,1300,1295,1250,1295,1300,1397.5,1400,1400,1400,1375,1400,1395,1395,1395,1395,1395,1375,1400,1400,1450,1400,1450,1500,1495,1437.5,1400,1400,1400,1400,1400,1415,1495,1450,1450,1425,1450,1450,1452.5,1455,1475,1470,1456.5,1495,1475,1500,1500,1495,1495,1475,1495,1499,1500,1537.5,1575,1540,1550,1550,1450,1500,1550,1500,1550,1500,1550,1525,1578.5,1575.5,1600,1600,1575,1550,1525,1550,1575,1575,1595,1600,1635,1660,1650,1650,1642.5,1595,1600,1600,1600,1630,1650
"Mechanicsville","VA","Richmond","Hanover County",736,,,,,,,,,,,,,,,,,,,,,,,,,,,,,,,,,,,,,,,,,,,,,,,,,,,,,,,,,,,,,,,,,,,,,,,,,,,,,,,,,,,,,1300,1500,1450,1450,1500,1597.5,1600,1597.5,1500,1595,1600,1500,1500,1495,1575,1525,1597.5,1585,1525,1650,1525,1550,1497.5,1445,1512.5
"Prescott","AZ","Prescott","Yavapai County",737,,,,,,,,,,,,,,,,,,,,,,,,,,,,,,,,,,,,,,,,,,,,,,,,,,,,,,,1350,1397.5,1500,1425,1400,1450,1400,1350,1400,1472.5,1500,1450,1495,1497.5,1500,1500,1500,1550,1500,1595,1595,1600,1600,1495,1495,1530,1397.5,1495,1525,1385,1388.5,1495,1600,1580,1600,1540,1550,1595,1525,1500,1641,1750,1750,1750,1700,1725,1600,1745,1800,1797.5,1850,1750,1800,1700,1625
"New Castle","DE","Philadelphia-Camden-Wilmington","New Castle County",738,,,,,,,,,,,,,,,,,,,,,,,,,,,,,,,,,,,,,,,,,,,,,,,,,,,,,,,,,,,,,,,,,,,,,,,,,,,,,,,,,,,,,1200,1250,1250,1195,1200,1250,1250,1225,1225,1185,1150,1200,1250,1237.5,1200,1300,1200,1310,1300,1325,1225,1250,1250,1325,1250
"Monterey Park","CA","Los Angeles-Long Beach-Anaheim","Los Angeles County",739,,,,,,,,,,,,,,,,,,,,,,,,,,,,,,,,,,,,,,,,,,,,,,,,,,,,,,,,,,,,,,,,,,,,,,,,,,,,,,,,,,,,,,,,,,,,,2500,2500,2520,2500,2500,2500,2550,2500,2500,2700,2800,2650,2600,2500,2647.5,2600,2900
"Des Plaines","IL","Chicago-Naperville-Elgin","Cook County",740,,,,,,,,,,,,,,,,,,,,,,,,1450,1450,1500,1450,1300,1450,1600,1500,1500,1650,1700,1718,1550,1500,1550,1750,1750,1750,1800,1700,1700,1775,1800,1750,1699.5,1725,1597,1597,1625,1772.5,1740,1725,1600,1592.5,1650,1625,1597.5,1662.5,1700,1600,1597.5,1650,1700,1700,1700,1600,1637.5,1600,1625,1700,1690,1775,1700,1750,1700,1700,1650,1700,1750,1700,1582.5,1797.5,1787.5,1600,1650,1700,1800,1775,1702.5,1695,1655,1695,1750,1750,1745,1790,1750,1800,1800,1750,1750,1700,1750,1800,1700,1800
"Florence","SC","Florence","Florence County",741,,,,,,,,,,,,,,,,,,,,,,,,,,,,,,,,,,,,,,,,,,,,,,,,,,,,,,,,,,,,,,,,,,,,,,,,,,,,,,,,,,,,,,,,,,,1250,1200,1200,1100,1200,1200,1250,1250,1250,1295,1250,1275,1225,1200,1200,1200,1200,1175,1200
"Gilroy","CA","San Jose-Sunnyvale-Santa Clara","Santa Clara County",742,,,,,,,,,,,,,,,,,,,,,,,,,,,,,,,,,,,,,,,,,,,,,,,,,,,,,,,,,,,,,,,,,,,,,,,,,,,,,,,,,,,,,2900,2875,3000,2825,3200,3300,3350,3150,3000,3000,2892.5,2975,3000,2900,2985,3170,3100,3100,3200,3200,3050,2995,3050,3100,3100
"West Chester","OH","Cincinnati","Butler County",743,,,,,,,,,,,,,,,,,,,,,,,,,,,,,,,,,,,,,,,,,,,,,,,,,,,,,,,,,,,,,,,,,,,,,,,,,,,,,,,,,,,,,,,,,,,,,,,1460,1622.5,1662.5,1795,1795,1797.5,1825,1700,1697.5,1650,1795,1800,1797,1800,1800
"Hendersonville","NC","Asheville","Henderson County",744,,,,,,,,,,,,,,,,,,,,,,,,,,,,,,,,,,,,,,,,,,,,,,,,,,,,,,,,,,,,,,,,,,,,,,,,,,,,,,,,,,1237.5,1200,1012.5,1000,1125,1100,1195,1195,1100,1195,1200,1250,1200,1150,1200,1062.5,1125,1200,1195,1295,1295,1287.5,1275,1295,1250,1250,1325,1250
"Cedar Park","TX","Austin-Round Rock","Williamson County",745,,,,,,,,,,,,,1395,1400,1400,1425,1450,1522.5,1465,1442.5,1495,1450,1385,1462.5,1495,1495,1595,1595,1595,1600,1475,1550,1625,1550,1547.5,1495,1290,1412.5,1270,1455,1487.5,1497,1450,1320,1425,1450,1500,1500,1500,1575,1595,1600,1595,1680,1650,1650,1572.5,1595,1615,1642.5,1697.5,1700,1675,1700,1750,1750,1695,1697.5,1650,1650,1685,1724.5,1700,1695,1724.5,1650,1695,1750,1697.5,1650,1599,1595,1600,1550,1650,1695,1695,1750,1695,1745,1695,1750,1700,1662.5,1695,1695,1695,1695,1700,1745,1750,1750,1749.5,1695,1695,1695,1722.5,1695,1750
"Malden","MA","Boston-Cambridge-Newton","Middlesex County",746,,,,,,,,,,,,,,,,,,,,,,,,,,,,,,,,,,,,,,,,,,,,,,,,,,,,,,,,,,,,,,,,,,,,,,,,,,,,,,,,,,1485,1495,1550,1750,1700,1700,1800,1697.5,1800,1800,1800,1800,1825,1800,1775,1800,1800,2000,1800,1900,2000,1975,2000,1900,1850,1887.5,2000,2000
"Bristol","CT","Hartford-West Hartford-East Hartford","Hartford County",747,,,,,,,,,,,,,,,,,,,,,,,,,,,,945,987.5,1012.5,1100,1100,1175,1100,1100,1100,1000,900,975,1000,1100,1000,1100,1100,1200,1200,1200,1200,1200,1200,1200,1200,1300,1275,1250,1200,1300,1395,1275,1200,1225,1200,1300,1300,1250,1250,1200,1200,1272.5,1250,1200,1250,1225,1300,1250,1450,1300,1200,1300,1285,1200,1300,1200,1225,1200,1200,1200,1200,1200,1200,1200,1300,1300,1250,1250,1250,1250,1300,1337.5,1300,1325,1300,1300,1275,1300,1300,1325,1300,1275
"Greenwich","CT","Bridgeport-Stamford-Norwalk","Fairfield County",748,,,,,,,,,,,,,,,,,,,,,,,,,,,,,,,,,,,,,,,,,6800,5925,5950,5800,5999.5,5500,5500,6250,5950,5900,5975,5825,6400,6000,6000,6375,5600,5900,5900,5500,5900,6000,6000,6800,6800,6700,6500,6500,6100,5700,5100,5000,5300,5000,5195,5900,6000,6250,6000,6625,6500,6250,5950,5950,5900,5425,5800,6000,6500,6000,6500,6500,6000,5450,5200,5100,5375,5300,5900,6150,6075,5850,5900,5700,5725,5775,6000,6500,6275
"Lebanon","TN","Nashville-Davidson--Murfreesboro--Franklin","Wilson County",749,,,,,,,,,,,,,,,,,,,,,,,,,,,,,,,,,,,,,,,,,,,,,,,,,,,,,,,,,,,,,,,,,,,,,,,,,,,,,,,,,,,,,,,,,,1685,1772.5,1662.5,1550,1500,1512.5,1500,1600,1625,1695,1611,1597.5,1600,1550,1525,1470,1612.5,1600,1500,1500
"Missoula","MT","Missoula","Missoula County",750,,,,,,,,,,,,,,,,,,,,,,,,,,,,,,,,,,,,,,,,,,,,,,,,,,,,,,,,,,,,,,,,,,,,,,,,,,,,,,,,,,,,,,,,1247.5,1250,1200,1200,1225,1300,1295,1275,1230,1272.5,1197.5,1312.5,1350,1362.5,1310,1395,1362.5,1325,1312.5,1350,1312.5,1300
"Azusa","CA","Los Angeles-Long Beach-Anaheim","Los Angeles County",751,,,,,,,,,,,,,,,,,,,,,,,,,,,,,,,,,,,,,,,,,,,,,,,,,,,,,,,,,,,,,,,,,,,,,,,,,,,,,,,,,,,,2025,2300,2137.5,2300,2447.5,2595,2315,2300,2250,2250,2187.5,2197.5,2325,2250,2380,2500,2465,2400,2300,2400,2500,2300,2500,2500,2500,2500
"Gloucester","NJ","Philadelphia-Camden-Wilmington","Camden County",752,,,,,,,,,,,,,,,,,,,,,,,,,,,,,,,,,,,,,,,,,,,,,,,,,,,,,,,,,,,,,,,,,,,,,,,,,,,,,,,,,,,,1300,1300,1487.5,1525,1600,1500,1500,1500,1600,1450,1437.5,1497.5,1475,1450,1337.5,1400,1437.5,1395,1400,1325,1387.5,1500,1400,1387.5,1325,1450
"Annandale","VA","Washington-Arlington-Alexandria","Fairfax County",753,,,,,,,,,,,,,,,,,,,,,,,,,,,,,,,2050,2000,1900,1825,1750,2050,2000,1900,1900,1900,2000,2195,2375,2300,2200,2200,2200,2050,1925,1875,1887.5,1900,2125,2270,2300,2247.5,2200,2200,2200,2150,2147.5,2000,1950,2100,2150,2300,2300,2400,2200,2225,2100,2200,2182.5,2162.5,2000,2000,2200,2300,2250,2000,2250,2350,2200,2100,2025,2312.5,2200,2250,2300,2350,2350,2400,2350,2200,2100,2000,2050,2145,2100,2350,2350,2400,2325,2400,2300,2300,2300,2350,2200
"Pontiac","MI","Detroit-Warren-Dearborn","Oakland County",754,,,,,,,,,,,,,,,,,,,,750,750,650,650,690,700,700,750,725,750,715,700,750,750,750,750,700,700,700,700,727.5,725,664,672.5,700,750,750,750,750,750,750,750,775,795,775,750,750,750,750,725,750,750,750,795,775,800,800,775,775,800,800,800,800,800,825,800,825,825,850,850,825,800,837.5,800,800,837.5,825,810,850,850,850,850,850,872.5,850,832.5,850,850,875,875,862.5,925,850,862.5,875,885,875,847.5,800,850
"Skokie","IL","Chicago-Naperville-Elgin","Cook County",755,,,,,,,,,,,,,,,,,,,,,,,,,,,,,,,,,,,,,,,,,,,,,,,,,,,,,,,,,,,,,,,,,,,,,,,,,,,,,,,,,,,,1600,1800,1750,1895,1800,1850,1950,1850,1800,1882.5,1850,1999.5,1925,1999.5,1999,1995,1875,1800,1995,1997.5,2100,2000,1925,1997.5,2000,2070
"Kendale Lakes","FL","Miami-Fort Lauderdale-West Palm Beach","Miami-Dade County",756,,,,,,,,,,,,,1325,1300,1300,1337.5,1395,1350,1350,1300,1300,1300,1300,1300,1300,1300,1300,1300,1300,1350,1350,1350,1350,1350,1395,1350,1350,1395,1400,1400,1450,1450,1450,1450,1500,1500,1500,1500,1500,1575,1575,1550,1450,1500,1500,1500,1500,1475,1500,1500,1550,1575,1550,1550,1550,1500,1600,1600,1600,1600,1597.5,1575,1550,1582.5,1590,1575,1525,1600,1595,1550,1550,1600,1600,1600,1600,1650,1600,1650,1600,1600,1600,1650,1650,1650,1650,1700,1700,1700,1700,1675,1650,1695,1699,1650,1650,1650,1675,1650,1675
"Sammamish","WA","Seattle-Tacoma-Bellevue","King County",757,,,,,,,,,,,,,,,,,,,,,,,,,,,,,,,,,,,,,,,,,,,2225,2225,2350,2250,2389,2325,2300,2390,2350,2390,2400,2400,2462.5,2350,2400,2200,2185,2150,2200,2200,2325,2250,2600,2599.5,2572.5,2500,2425,2462.5,2400,2450,2400,2595,2595,2500,2400,2697.5,2680,2400,2490,2575,2495,2475,2600,2700,2650,2850,2800,2950,2995,2900,2750,2740,2800,2800,2750,2800,2745,2825,2900,2995,2895,2800,2795,2800,2650,2675,2800
"Fairfield","CT","Bridgeport-Stamford-Norwalk","Fairfield County",758,,,,,,,,,,,3000,2650,2675,2800,2775,2700,2950,2900,3000,2900,2700,2500,2500,2500,2575,2600,2800,3000,3000,3000,3000,2800,2800,2800,3000,2800,2900,2800,2875,3000,2800,3000,2700,2500,2500,2825,2600,2600,2500,2500,2550,2650,2800,2950,2950,2900,2950,2975,2825,3000,2900,2900,2900,3000,2800,2800,3000,2950,2700,2900,3000,3100,3000,2950,3000,2850,3000,2775,2600,2847.5,3050,3000,3000,2850,3000,2975,2975,2800,2900,2800,2800,2900,2995,2500,2775,2800,2900,3000,2800,2800,2900,2950,2900,2900,3000,2850,2900,2850,2875
"Carrollton","GA","Atlanta-Sandy Springs-Roswell","Carroll County",759,,,,,,,,,,,,,,,,,,,,,,,,,,,,,,,,,,,,,,,,,,,,,,,,,,,,,,,,,,,,,,,,,,,,,,,,,,,,,,,,,,,,,900,900,900,925,900,900,950,1047.5,950,950,975,950,925,900,987.5,950,962.5,950,950,995,995,985,975,975,975
"Meriden","CT","New Haven-Milford","New Haven County",760,,,,,,,,,,,,,,,,,,,,,,,,1200,1150,950,995,995,987,1000,1100,1100,1050,1100,1120,1100,1100,1200,1187.5,1100,1100,1200,1175,1187.5,1295,1250,1262.5,1250,1250,1250,1200,1225,1250,1300,1400,1300,1295,1300,1300,1300,1300,1300,1300,1300,1300,1300,1300,1350,1300,1300,1300,1300,1250,1250,1300,1300,1300,1300,1325,1300,1275,1300,1300,1325,1300,1300,1275,1300,1272.5,1297.5,1300,1350,1325,1400,1400,1325,1300,1300,1350,1300,1350,1300,1287.5,1250,1225,1250,1300,1250,1300
"Cupertino","CA","San Jose-Sunnyvale-Santa Clara","Santa Clara County",761,,,,,,,,,,,,,,,,,,,,,,,,,,,,,,,,,,,,,,,,,,,,,,,,,,3337.5,3595,3675,4100,4495,3985,4100,4150,4100,4200,4000,4100,4000,4195,4375,4500,4400,4200,4000,4000,3925,3695,3950,4000,4050,4200,3997.5,3997.5,3999.5,3972.5,3950,3650,3950,3600,3597.5,3650,4000,4100,4097.5,4050,4250,4200,4000,3972.5,3888,3995,3996.5,4000,3925,3850,4190,4200,4500,4300,4150,4325,4000,4197.5,4200,4165
"Martinsburg","WV","Hagerstown-Martinsburg","Berkeley County",762,,,,,,,,,,,,,,,,,,,,,,,,,1000,1025,1100,1100,1075,1150,1125,1200,1200,1200,1200,1250,1200,1250,1125,1000,1000,1150,1200,1200,1137.5,1200,1200,1100,1172.5,1200,1195,1195,1150,1050,1125,1200,1200,1097.5,1195,1200,1200,1195,1200,1200,1050,1097.5,1090,1050,1100,1172.5,1165,1112.5,1200,1075,1078,1250,1150,1000,1095,1137.5,1050,1130,1050,1000,1050,1050,1105,1100,1150,1175,1220,1222.5,1152.5,1092.5,1050,1050,1100,1150,1125,1200,1185,1200,1200,1225,1200,1050,1100,1175,1150
"Carmichael","CA","Sacramento--Roseville--Arden-Arcade","Sacramento County",763,,,,,,,,,,,,,,,,,,,,,,,,,,,,,,,,,,,,,,1095,1085,1007.5,1162.5,1100,1077.5,1247.5,1162.5,1250,1272.5,1250,1337.5,1250,1350,1272.5,1297.5,1395,1350,1350,1350,1325,1350,1262.5,1400,1322.5,1350,1450,1275,1395,1337.5,1395,1400,1425,1495,1495,1512.5,1450,1372.5,1350,1395,1375,1495,1300,1450,1495,1350,1362.5,1495,1450,1485,1500,1450,1450,1499,1512,1495,1695,1695,1595,1595,1622.5,1595,1597.5,1595,1500,1672.5,1747.5,1657.5,1650,1695,1695,1700
"Rapid City","SD","Rapid City","Pennington County",764,,,,,,,,,,,,,,,,,,,,,,,,,,,,,,,,,,,,,,,,,,,,,,,,,,,,,,,,,,,,,,,,,,,,,,,,,,,,,,,,,,,,,,,,1172.5,1155,1200,1200,1175,1175,1175,1162.5,1095,1095,1000,1050,1050,1025,1150,1155,1250,1150,1062.5,1100,1200,1125
"Clayton","NC","Raleigh","Johnston County",765,,,,,,,,,,,,,,,,,,,,,,,,,,,,,,,,,,,1147.5,1200,1150,1087.5,1200,1200,1212.5,1250,1250,1250,1250,1285,1250,1225,1200,1200,1200,1195,1200,1200,1250,1275,1282.5,1250,1300,1300,1295,1300,1300,1295,1295,1300,1350,1350,1350,1375,1375,1300,1350,1300,1350,1400,1375,1308.5,1395,1350,1350,1262.5,1395,1350,1400,1409,1399,1450,1470,1450,1450,1395,1425,1395,1420,1395,1425,1442.5,1495,1500,1540,1525,1495,1425,1435,1450,1490,1450,1400
"Edmonds","WA","Seattle-Tacoma-Bellevue","Snohomish County",766,,,,,,,,,,,,,,,,,,,,,,,,,,,,,,,,,,,,,,,,,,,,,,,,,,,,,,,,,,,,,,,,,,,,,,,,,,,,,,,,,,,,2000,1995,2145,2099.5,1999,2200,2200,2300,2295,2225,2197.5,2122.5,2147.5,2150,2200,2197.5,2095,2095,2196,2275,2300,2300,2250,2250,2250,2100
"Riverdale","GA","Atlanta-Sandy Springs-Roswell","Clayton County",767,,,,,,,,,,,,,850,850,850,850,875,895,900,875,850,850,850,880,850,850,850,850,854,850,850,850,850,850,850,850,850,850,850,850,850,850,850,875,850,850,850,850,850,850,850,860,850,850,850,850,850,850,850,850,850,850,850,875,885,885,895,895,900,900,900,900,900,900,900,947.5,897,900,900,950,922.5,900,930,950,925,935,949,950,945,950,975,975,971.5,957.5,975,950,980,995,995,997,1045,1049.5,1050,1050,1050,1030,1049,1050,1095
"Lutz","FL","Tampa-St. Petersburg-Clearwater","Hillsborough County",767,,,,,,,,,,,,,,,,,,,1295,1295,1350,1400,1200,1237.5,1200,1297.5,1295,1297.5,1395,1395,1400,1350,1300,1250,1200,1200,1250,1300,1362.5,1350,1350,1450,1400,1400,1395,1400,1395,1400,1350,1350,1400,1400,1375,1400,1350,1325,1300,1497.5,1500,1425,1400,1452.5,1450,1447.5,1550,1460,1450,1400,1400,1450,1425,1635,1595,1552,1575,1597.5,1550,1495,1495,1400,1450,1449.5,1400,1534.5,1495,1465,1514.5,1550,1550,1565,1550,1557.5,1530,1537.5,1520,1672.5,1597,1598.5,1595,1670,1707.5,1600,1692.5,1617.5,1600,1600,1600,1650,1605
"Royal Oak","MI","Detroit-Warren-Dearborn","Oakland County",769,,,,,,,,,1100,1095,1150,1100,1175,1200,1200,1275,1300,1225,1175,1200,1300,1200,1125,1150,1250,1250,1200,1250,1200,1200,1200,1200,1200,1250,1250,1250,1275,1200,1200,1250,1300,1350,1291.5,1300,1350,1350,1300,1300,1295,1300,1295,1275,1280,1300,1350,1350,1400,1400,1395,1350,1350,1400,1400,1500,1500,1450,1400,1500,1400,1450,1400,1400,1400,1400,1425,1500,1450,1450,1500,1500,1450,1499.5,1500,1425,1362.5,1495,1500,1500,1650,1600,1600,1600,1600,1550,1500,1512.5,1550,1500,1550,1550,1570,1600,1550,1575,1600,1600,1550,1599.5,1637.5
"Saint Peters","MO","St. Louis","Saint Charles County",770,,,,,,,,,,,,,,,,,,,,,,,,,,,,,,,,,,,,,,,,,,,,,,,,,,,,,,,,,,,,,,,,,,,,,,,,,,,,,,,,,,,,1295,1250,1300,1375,1300,1315,1307.5,1385,1250,1295,1325,1395,1350,1337.5,1325,1375,1375,1350,1337.5,1400,1495,1495,1447.5,1322.5,1395,1400
"Petersburg","VA","Richmond","Petersburg City",771,,,,,,,,,,,,,,,,,,,,,,,,,,,,,,,,,,,,,,,,,,,,,,,,,,897,897,897,912.5,874.5,822.5,750,850,845,850,850,850,800,825,895,875,897,895,885,895,850,837.5,837.5,850,850,850,850,850,800,895,800,885,850,895,900,850,800,825,862.5,850,800,850,850,895,895,850,862.5,850,875,875,875,895,895,895,895,925,899,895,895,900
"Alexandria","LA","Alexandria","Rapides Parish",772,,,,,,,,,,,,,,,,,,,,,,,,,,,,,,,,,,,,,,,,,,,,,,,,,,,,,,,,,,,,,,,,,,,,,,,,,,,,,,,,,,,,,,,,847.5,800,775,800,922.5,895,885,960,975,987.5,1000,900,925,875,950,950,880,900,950,1000,825,800
"West Des Moines","IA","Des Moines-West Des Moines","Polk County",773,,,,,,,,,,,,,,,,,,,,,,,,,,,,,,,,,,,,,,,,,,,,,,,,,,,,,,,,,,,,,,,,,,,,,,,,,,,,,,,,,,,,,1225,1262.5,1297.5,1350,1395,1395,1324,1272.5,1295,1232,1250,1234.5,1275,1300,1395,1350,1372.5,1395,1395,1350,1295,1250,1200,1300,1370
"Westminster","MD","Baltimore-Columbia-Towson","Carroll County",774,,,,,,,,,,,,,,,,,,,,,,,,,,,,,,,,,,,,,,,,,,,,,,,,,,,,,,,,,,,,,,,,,,,,,,,,,,,,,,,,,,,,,,1575,1550,1537.5,1500,1575,1500,1500,1600,1597.5,1475,1625,1475,1450,1472.5,1457.5,1400,1475,1500,1600,1575,1500,1587.5,1492.5,1492.5
"Statesboro","GA","Statesboro","Bulloch County",775,,,,,,,,,,,,,,,,,,,,,,,,,,,,,,,,,,,,,,,,,,,,,,,,,,,850,850,900,950,900,850,800,825,900,1000,975,990,950,950,975,925,900,900,900,850,850,1000,975,1000,1050,1000,950,900,900,900,925,900,900,900,900,1000,975,975,975,900,950,875,875,900,1000,1050,1050,1000,1050,1000,1000,985,975,1000,975,950,962.5,1000,1050
"Oak Lawn","IL","Chicago-Naperville-Elgin","Cook County",776,,,,,,,,,,,,,,,,,,,,,,,,1297.5,1295,1250,1312.5,1375,1150,1200,1350,1400,1325,1487.5,1450,1450,1462.5,1300,1495,1550,1400,1450,1400,1500,1600,1600,1595,1625,1600,1600,1600,1600,1600,1600,1619.5,1699,1500,1499.5,1350,1495,1490,1600,1612.5,1599.5,1600,1600,1500,1475,1550,1400,1649,1600,1500,1547.5,1600,1635,1450,1550,1400,1400,1400,1550,1400,1587.5,1375,1525,1400,1375,1387,1450,1572.5,1500,1500,1600,1637,1637,1585,1537.5,1725,1699,1699,1725,1800,1750,1622.5,1525,1562.5,1400,1400
"Tamiami","FL","Miami-Fort Lauderdale-West Palm Beach","Miami-Dade County",777,,,,,,,,,,,,,1600,1600,1700,1700,1600,1625,1725,1700,1700,1694.5,1800,1897.5,2000,2100,1980,1690,1850,1925,1950,1800,1695,1962.5,1800,1975,1912.5,1775,1775,1850,1950,1800,1825,1850,1750,1900,2000,2000,2000,2000,1937.5,2000,1962.5,2000,2000,2000,2000,2097.5,2100,2200,2275,2350,2200,2200,2125,1994.5,2000,2075,2000,2200,2250,2275,2275,2275,2300,2150,2100,2200,1975,1950,2199.5,1900,2000,2200,2000,2200,2200,2200,2200,2250,2250,2250,2250,2250,2250,2262.5,2300,2200,2072.5,2100,2100,2150,2000,2000,2050,2000,1950,1950,1900
"Wheaton","IL","Chicago-Naperville-Elgin","DuPage County",778,,,,,,,,,,,,,,,,,,,,,,,,,,,,,,,,,,,,,,,,,,,,,,,,,,,,,,,,,,,,,,,,,,,,,,,,,,,,,,,,,,,,,,,,,1837.5,1875,1978.5,1800,1800,1750,1800,1949.5,1845,1850,1825,1700,1882.5,1875,1800,1900,1900,1845,1749.5,1725,1800
"Olympia","WA","Olympia-Tumwater","Thurston County",779,,,,,,,,,,,,,,,,,,,,,,,,,,,,,,,,,,,,,,,,,,,,,,,,,,,,,,,,,,,,,,,,,,,,,,,,,,,,,,,,,,,,,1425,1455,1650,1565,1650,1772.5,1800,1725,1650,1600,1650,1672.5,1695,1742.5,1712.5,1725,1800,1800,1772.5,1825,1825,1797.5,1680,1600,1595
"Manchester","CT","Hartford-West Hartford-East Hartford","Hartford County",780,,,,,,,,,,,,,,,,,,,1500,1500,1400,1350,1250,1300,1300,1225,1300,1225,1275,1400,1400,1337.5,1400,1350,1300,1250,1250,1250,1300,1300,1387.5,1325,1250,1243,1400,1300,1400,1450,1425,1400,1325,1312.5,1400,1395,1350,1397.5,1400,1325,1400,1400,1400,1400,1450,1500,1350,1425,1462.5,1400,1400,1400,1400,1400,1325,1300,1350,1400,1475,1300,1325,1450,1400,1400,1400,1400,1400,1400,1400,1400,1400,1375,1400,1400,1425,1400,1350,1350,1337.5,1400,1395,1400,1395,1350,1500,1450,1412.5,1350,1400,1400,1400
"Medford","MA","Boston-Cambridge-Newton","Middlesex County",781,,,,,,,,,,,,,,,,,,,,,,2047.5,1990,2000,2005,2000,1950,1942.5,2000,1997.5,2000,2000,2100,2050,2050,1999,2050,2000,2000,2020,1949.5,1975,2049,2049,2140,2300,2300,2300,2300,2300,2300,2200,2300,2350,2200,2169,2100,2150,2169,2300,2300,2200,2159.5,2325,2400,2600,2275,2350,2250,2275,2300,2350,2200,2300,2300,2300,2399.5,2400,2400,2300,2300,2394,2400,2300,2300,2350,2350,2300,2437.5,2550,2600,2550,2500,2450,2350,2400,2300,2400,2500,2600,2500,2450,2737.5,2600,2500,2600,2500,2450,2500
"Greensburg","PA","Pittsburgh","Westmoreland County",782,,,,,,,,,,,,,,,,,,,,,,,,,,,,,,,,,,,,,,,,,,,,,,,,,,,,,,,,,,,,,,,,,,,,,,,,,,,,,,,,,,,,,,800,885,950,900,875,887.5,900,850,887.5,850,850,775,772.5,850,895,872.5,850,850,800,795,875,900,895,900
"Bartlett","TN","Memphis","Shelby County",783,,,,,,,,,,,,,,,,,,,,,,,,,,,,,,1225,1300,1375,1350,1350,1375,1345,1295,1295,1350,1295,1250,1295,1295,1250,1175,1162.5,1300,1400,1400,1350,1300,1335,1347.5,1275,1250,1295,1350,1385,1350,1295,1350,1300,1425,1447.5,1422.5,1385,1395,1375,1395,1350,1350,1350,1350,1350,1400,1300,1500,1542,1375,1450,1495,1429,1445,1400,1350,1300,1395,1395,1447.5,1495,1450,1450,1395,1395,1395,1500,1455,1500,1595,1595,1595,1595,1550,1495,1420,1600,1555,1475,1495
"White Plains","NY","New York-Newark-Jersey City","Westchester County",784,,,,,,,,,,,,,,,,,,,,,,,,,,,,,,,,,,,,,,,,,,,,,,,,,,,,,,,,,,,,,,,,,,,,,,,,,,,,,,,,,,,,,,3450,3464,3464,3600,3725,3350,3497.5,3432,3200,3250,3250,3144.5,3189,3200,2800,3194.5,3189,3200,3194.5,3000,3050,2987.5,3000,2995
"Winter Haven","FL","Lakeland-Winter Haven","Polk County",785,,,,,,,,,,,,,,1075,995,995,1000,1000,995,975,975,950,900,875,875,850,862.5,887.5,862.5,950,983.5,875,899.5,900,850,875,900,993.5,1000,1050,1095,1000,1075,1050,1000,1000,1085,1050,962.5,1000,1000,1000,1100,1085,1097.5,1050,1000,1095,1100,1100,1100,1100,1030,1100,1150,1150,1100,1150,1100,1100,1100,1097.5,1100,1147.5,1245,1200,1150,1095,1195,1125,1095,1200,1197.5,1200,1195,1247.5,1237.5,1232.5,1250,1250,1249,1200,1250,1275,1295,1252.5,1275,1300,1295,1300,1212.5,1225,1250,1335,1350,1350,1312.5,1295,1300
"Union","NJ","New York-Newark-Jersey City","Union County",786,,,,,,,,,,,,,,,,,,,,,,,,,,,,,,,,,,,,,,,,,,,,,,,,,,,,,,,,,,,,,,,,,,,,,,,,,,,,,,,,,,,,,1825,2000,1862.5,1912.5,2197.5,2000,2050,1962.5,1900,1975,2050,1997.5,1887.5,1950,1997.5,1850,1897.5,1850,1975,2097.5,2000,1950,2125,2000,1925
"Grand Forks","ND","Grand Forks","Grand Forks County",787,,,,,,,,,,,,,,,,,,,,,,,,,,,,,,,,,,,,,,,,,,,,,,,,,,,,,,,,,,,,,,,,,,,,,,,,,,,,,,,,,,,,,,,,1200,1200,1200,1200,1150,1022.5,1097.5,995,1025,1087.5,1150,1195,1197.5,1100,1195,1195,1122.5,1104.5,1109,1097,1122.5,1195
"Bayonne","NJ","New York-Newark-Jersey City","Hudson County",788,,,,,,,,,1200,1350,1250,1200,1250,1235,1225,1225,1300,1300,1450,1300,1200,1150,1150,1150,1200,1225,1250,1250,1200,1250,1250,1250,1200,1200,1200,1200,1250,1200,1200,1285,1300,1300,1300,1300,1300,1400,1300,1300,1300,1300,1300,1300,1350,1350,1350,1350,1387.5,1300,1300,1300,1400,1350,1400,1397.5,1350,1400,1500,1500,1500,1500,1500,1500,1500,1500,1600,1600,1400,1500,1500,1600,1695,1500,1500,1600,1550,1700,1700,1500,1475,1500,1600,1600,1600,1600,1600,1600,1600,1600,1550,1650,1650,1700,1650,1700,1700,1700,1700,1650,1700
"Goose Creek","SC","Charleston-North Charleston","Berkeley County",789,,,,,,,,,,,,,,,,,,,,,1095,1000,1000,1000,997.5,1020,1100,1100,1025,1100,1000,1050,1050,1050,1037.5,1025,985,1050,1100,1125,1100,1100,1075,1100,1137.5,1150,1100,1112.5,1100,1100,1100,1100,1150,1100,1150,1195,1195,1200,1200,1200,1250,1195,1200,1250,1250,1200,1250,1225,1195,1125,1100,1125,1150,1195,1197.5,1250,1275,1250,1185,1200,1200,1225,1250,1250,1200,1200,1200,1300,1300,1350,1312.5,1275,1350,1300,1350,1317.5,1310,1300,1400,1350,1350,1400,1400,1297.5,1297.5,1325,1301,1325,1450
"Middletown","OH","Cincinnati","Butler County",790,,,,,,,,,,,,,,,,,,,,,,,,,,,,,,,,,,,,,,,,,,,,,,,662.5,725,750,795,795,795,745,785,700,695,800,795,772.5,725,785,750,835,837.5,795,850,795,837.5,845,762.5,735,745,772.5,825,772.5,735,722.5,795,775,725,705,745,725,685,725,700,735,775,725,775,745,725,797.5,750,745,750,750,750,750,750,745,780,750,795,775,785,797.5,795,800
"Piscataway","NJ","New York-Newark-Jersey City","Middlesex County",791,,,,,,,,,,,,,,,,,,,,,,,,,,,,,,,,,,,,,,,,,,,,,,,,,,,,,,,,,,,,,,,,,,,,,,,,,,,,,,,,,,,,2025,2100,1925,1950,1950,1950,2000,2100,2200,2150,2100,2000,2025,1950,2100,2025,2000,2200,2200,2100,2000,2050,2000,2037.5,2100,2250
"Downers Grove","IL","Chicago-Naperville-Elgin","DuPage County",792,,,,,,,,,,,,,,,,,,,,,,,,,,,,,,,,,,,,,,,,,,,,,,,,,,,,,,,,,,,,,,,,,,,,,,,,,,,,,,,,,,,,,1800,1775,1670,1900,2000,1800,1887.5,2025,1950,1872.5,1850,1850,1872.5,2001,2000,1950,1950,2195,1950,1872.5,1895,1825,1795,1800,1800
"Fountain Valley","CA","Los Angeles-Long Beach-Anaheim","Orange County",793,,,,,,,,,,,,,,,,,,,,,,,,,,,,,,,,,,,,,,,,,,,,,,,,,,,,,,,,,,,,,,,,,,,,,,,,,,,,,,,,,,,,,2900,3000,3000,3000,3000,3000,2972.5,2997.5,3000,2875,2995,2995,3200,3000,3150,3200,3172.5,3175,3295,3000,2997.5,3150,3000,3100,3300
"Stillwater","OK","Stillwater","Payne County",794,,,,,,,,,,,,,,,,,,,,,,,,,,,,,,,,,,,,,,,,,,,,,,,,,,,,,,,,,,,,,,,,,,,,,,,,,,,,,,,,,,,,,,1100,1050,1097.5,1050,1050,1000,975,1050,1000,987.5,975,1050,1080,1050,1050,1080,1000,1050,1000,1000,974.5,1075,1100,1150
"Davis","CA","Sacramento--Roseville--Arden-Arcade","Yolo County",795,,,,,,,,,,,,,,,,,,,,,,,,,,,,,,,,,,,,,,,,,,,,,,,,,,,,,,,,,,,,,,,,,,,,,,,,,,,,,,,,,,,,,2097.5,2250,2100,2150,2250,2400,2350,2400,2300,2350,2300,2400,2495,2397.5,2425,2525,2495,2447.5,2450,2397.5,2400,2400,2500,2450,2395
"Rocklin","CA","Sacramento--Roseville--Arden-Arcade","Placer County",796,,,,,,,,,,,,,,,,,,,,,,,,,,,,,,,,,,,,,,,,,,,,,,,,,,,,,,,,,,,,,,,,,,,,,,,,,,,,,,,,,1987.5,2000,2000,2000,2000,2090,2137.5,2250,2395,2397.5,2295,2197.5,2300,2200,2200,2185,2162.5,2200,2225,2250,2295,2300,2250,2295,2350,2272.5,2250,2250,2150
"Coconut Creek","FL","Miami-Fort Lauderdale-West Palm Beach","Broward County",797,,,,,,,,,,,,,1225,1200,1250,1262.5,1350,1300,1350,1400,1400,1400,1400,1300,1337,1350,1312,1350,1300,1300,1350,1400,1350,1350,1350,1350,1350,1400,1350,1325,1337.5,1325,1350,1400,1450,1500,1737.5,1675,1625,1650,1597,1500,1400,1400,1480,1500,1500,1400,1450,1400,1487.5,1400,1550,1500,1500,1500,1550,1550,1600,1675,1795,1772.5,1700,1550,1600,1600,1837.5,1900,1600,1450,1650,1500,1650,1600,1750,1723,1723,1700,1750,1700,1800,1812.5,1750,1700,1650,1550,1600,1700,1625,1630,1550,1600,1800,1800,1750,1800,1800,1800,1700
"Altamonte Springs","FL","Orlando-Kissimmee-Sanford","Seminole County",798,,,,,,,,,,,,,750,750,750,775,812.5,850,850,850,850,825,795,800,795,795,795,850,800,847,850,850,850,850,849,827.5,850,850,850,850,895,895,900,925,900,900,900,900,895,900,895,895,900,925,925,940,925,900,912.5,925,925,925,950,975,930,950,985,995,1050,997,1000,997,975,995,1040,1062.5,950,996.5,1000,1050,1025,985,1049.5,975,1000,1100,1095,1050,1097.5,1100,1150,1150,1150,1100,1150,1100,1100,1145,1185,1175,1160,1200,1200,1200,1175,1195,1175,1200,1195
"Midwest City","OK","Oklahoma City","Oklahoma County",799,,,,,,,,,,,,,,,,,,,,,,,,,,,,,,750,700,725,750,750,750,725,700,700,715,750,812.5,850,785,800,800,785,800,800,800,800,825,825,895,825,850,875,850,825,775,797.5,800,800,850,875,900,887.5,850,850,800,825,812.5,775,775,790,800,797.5,850,850,800,800,825,800,775,837.5,775,797.5,800,815,820,825,850,825,800,795,800,805,825,825,800.5,800,842.5,825,825,825,800,825,800,800,825
"Muskegon","MI","Muskegon","Muskegon County",800,,,,,,,,,,,,,,,,,,,,,,,,,,,,,,,,,,,,,,,,,,,,,,,,,,,,,,,,,,,,,,,,,,,,,,,,,,,,,,,,,,,,,695,750,725,695,700,800,775,785,750,750,750,725,725,725,725,775,785,750,775,800,800,775,775,762.5,780
"Dearborn Heights","MI","Detroit-Warren-Dearborn","Wayne County",801,,,,,,,,,,,,,,850,850,900,900,950,950,900,950,925,885,875,875,900,897.5,900,950,950,950,950,925,950,900,900,900,912.5,950,937.5,925,900,900,900,850,900,900,900,950,950,925,950,950,950,950,950,950,950,900,937.5,925,925,950,950,1000,977.5,995,950,950,995,950,950,985,950,950,975,975,1000,1000,1000,1000,1000,1000,1050,1000,1000,1050,1050,1099.5,1097.5,1050,1100,1050,1000,1050,1030,1000,1100,1100,1100,1100,1150,1100,1112.5,1122.5,1150,1150,1150,1100
"Middleburg","FL","Jacksonville","Clay County",802,,,,,,,,,,,,,1050,1000,1050,1050,995,1050,1050,1025,1000,995,975,1037.5,1100,1095,1050,1050,1050,1050,1050,1000,1050,1100,1099.5,1095,1100,1100,1125,1100,1100,1100,1100,1100,1100,1097.5,1095,1095,1100,1100,1100,1100,1150,1150,1150,1112.5,1100,1135,1100,1100,1100,1100,1145,1150,1175,1175,1200,1200,1195,1195,1200,1150,1167.5,1212.5,1250,1200,1250,1250,1195,1195,1200,1225,1200,1200,1229,1197,1232,1250,1300,1300,1300,1290,1297.5,1295,1295,1300,1295,1279.5,1350,1395,1385,1350,1360,1350,1360,1350,1355,1395,1395
"Moore","OK","Oklahoma City","Cleveland County",803,,,,,,,,,,,,,,,,,,,,,,,,,,,,,,,,,,,,,,,,,,,1295,1275,1250,1197.5,1125,1225,1200,1250,1285,1295,1300,1310,1300,1300,1295,1275,1245,1245,1200,1260,1275,1250,1250,1250,1212.5,1195,1195,1192.5,1195,1195,1200,1197.5,1195,1195,1195,1150,1152.5,1100,1145,1145,1050,1145,1050,1112.5,1195,1195,1195,1200,1235,1200,1135,1095,1150,1150,1150,1195,1195,1200,1195,1200,1200,1195,1150,1150,1195,1195,1150
"Anderson","IN","Indianapolis-Carmel-Anderson","Madison County",804,,,,,,,,,,,,,,,,,,,,,,,,,,,,,,,,,,,,,,,,,,,,,,,,,,,,,,,,,,,,,,,,,,,,,,,,,,,,,,,,,,,,,612.5,675,650,625,600,625,625,650,650,650,650,675,650,650,700,725,677.5,650,625,625,650,650,675,695,685
"Titusville","FL","Palm Bay-Melbourne-Titusville","Brevard County",805,,,,,,,,,,,,,,,,,,750,750,750,775,750,750,775,750,750,800,799,800,812.5,800,825,850,775,775,775,775,800,800,800,800,812.5,800,825,850,890,850,850,800,812.5,825,850,850,800,800,800,865,825,845,850,850,850,850,850,837.5,850,850,865,850,895,800,895,900,950,950,900,925,950,850,850,875,850,950,835,950,950,950,975,1100,995,1000,1062.5,995,1000,1100,1099,1050,1000,1100,1100,1100,1147.5,1100,1050,1075,1100,1100,1100,1125
"Maricopa","AZ","Phoenix-Mesa-Scottsdale","Pinal County",806,,,,,950,975,950,937.5,900,925,925,925,912.5,895,900,950,925,912.5,899,895,895,895,895,875,895,899.5,925,925,925,925,950,950,950,925,925,900,900,900,925,900,900,900,900,900,900,900,900,900,900,900,900,900,950,950,950,950,950,950,950,950,950,975,975,995,995,995,995,991,995,975,990,995,995,1000,1025,997,1000,1037.5,1050,1050,1050,1050,1025,1050,1095,1075,1149,1150,1150,1150,1175,1175,1175,1150,1140,1149.5,1195,1195,1195,1200,1250,1250,1285,1295,1262.5,1225,1250,1250,1200
"Farmington","NM","Farmington","San Juan County",807,,,,,,,,,,,,,,,,,,,,,,,,,,,,,,,,,,,,,,,,1117.5,1200,1135,1200,1100,1280,1200,1172.5,1045,1162.5,1100,1147.5,1150,1275,1250,1300,1325,1500,1400,1300,1400,1300,1300,1300,1300,1275,1225,1200,1300,1300,1295,1250,1195,1200,1250,1200,1275,1150,1200,1150,1300,1145,1125,1090,1200,1172.5,1095,1100,1172.5,1197.5,1272.5,1300,1295,1250,1250,1200,1200,1200,1200,1150,1187.5,1222.5,1200,1200,1100,1150,1100,1100,1100,1100
"Jackson","NJ","New York-Newark-Jersey City","Ocean County",808,,,,,,,,,,,,,,,,,,,,,,,,,,,,,,,,,,,,,,,,,,,,,,,,,,,,,,,,,,,,,,,,,,,,,,,,,,,,,,,,,,,,,1900,1900,1800,1850,2000,2000,2000,2050,1875,1800,2000,2100,2100,2199.5,1950,1875,1825,1850,1850,2025,2100,2100,2000,2100,2100
"Mount Prospect","IL","Chicago-Naperville-Elgin","Cook County",809,,,,,,,,,,,,,,,,,,,,,,,,,,,,,,,,,,,,,,,,,,,,,,,,,,,,,,,,,,,,,,,,,,,,,,,,,,,,,,,,,,,,,,,,,,,,,,1850,1995,2000,2000,2100,1900,1800,1750,1750,1800,1700,1825,1861.5,1700,1990,1990
"Port Orchard","WA","Bremerton-Silverdale","Kitsap County",810,,,,,,,,,,,,,,,,,,,,,,,,,,,,1295,1350,1400,1350,1350,1350,1250,1250,1250,1250,1300,1300,1297.5,1295,1400,1395,1350,1300,1300,1300,1300,1295,1300,1300,1300,1300,1300,1450,1400,1375,1350,1350,1350,1362.5,1400,1362.5,1400,1375,1400,1400,1400,1395,1400,1400,1400,1400,1400,1350,1400,1387.5,1400,1350,1397.5,1400,1400,1350,1400,1450,1462.5,1500,1500,1400,1500,1525,1500,1500,1500,1497.5,1497.5,1500,1500,1550,1687.5,1675,1725,1767.5,1700,1612.5,1725,1700,1650,1650
"Blacksburg","VA","Blacksburg-Christiansburg-Radford","Montgomery County",811,,,,,,,,,,,,,,,,,,,,,,,,,,,,,,,,,,,,,,,,,,,,,,,,,,,,,,,,,,,,,,,,,,,,,,,,,,,,,,,,,,,,,1250,1375,1340,1400,1400,1400,1400,1285,1400,1500,1450,1582.5,1635,1500,1420,1340,1350,1400,1600,1600,1697.5,1550,1545,1525,1500
"Helena","MT","Helena","Lewis and Clark County",812,,,,,,,,,,,,,,,,,,,,,,,,,,,,,,,,,,,,,,,,,,,,,,,,,,,,,,,,,,,,,,,,,,,,,,,,,,,,,,,,,,,,,,,,,,,,1200,1197.5,1200,1175,1100,1092.5,1025,1000,1100,1075,1200,1200,1100,1212.5,1272.5,1250,1197.5,1230
"Griffin","GA","Atlanta-Sandy Springs-Roswell","Spalding County",813,,,,,,,,,,,,,,,,,,,,,,,,,,,,,,,,,,,,,,,,,,,,,,,,,,,,,,,,,,,,,,,,,,,,,,,,,,,,,,,,,,,,,850,825,850,850,825,762.5,699.5,797,825,825,800,775,752.5,850,850,862.5,837,937.5,875,875,825,850,850,850,830
"Margate","FL","Miami-Fort Lauderdale-West Palm Beach","Broward County",814,,,,,,,,,,,,,1050,1000,1100,1240,1200,1200,1175,1112.5,1200,1125,1200,1175,1150,1250,1250,1200,1200,1200,1200,1250,1225,1200,1250,1255,1350,1400,1350,1300,1300,1350,1400,1350,1400,1450,1500,1372.5,1400,1425,1450,1439,1400,1300,1387.5,1300,1377.5,1350,1350,1400,1450,1400,1549.5,1590,1500,1559,1550,1600,1500,1499.5,1500,1600,1600,1600,1600,1594.5,1675,1680,1695,1582.5,1639.5,1590,1625,1650,1675,1625,1600,1700,1700,1700,1712.5,1700,1600,1499.5,1450,1400,1425,1400,1485,1550,1550,1575,1650,1650,1745,1690,1600,1650,1700
"Buford","GA","Atlanta-Sandy Springs-Roswell","Gwinnett County",815,,,,,,,,,,,,,,,1396.5,1350,1350,1300,1300,1295,1300,1350,1300,1300,1300,1300,1295,1250,1250,1295,1295,1295,1250,1295,1295,1300,1337.5,1350,1350,1350,1300,1375,1375,1350,1375,1375,1400,1399,1350,1350,1350,1350,1395,1400,1395,1400,1375,1399,1450,1450,1450,1450,1485,1460,1495,1472.5,1484,1450.5,1495,1482.5,1500,1500,1500,1495,1500,1505,1497.5,1462.5,1500,1495,1500,1495,1495,1495,1499,1550,1600,1650,1597.5,1600,1600,1600,1600,1600,1600,1595,1600,1600,1650,1650,1650,1685,1686.5,1628,1650,1650,1700,1645,1695
"Santee","CA","San Diego-Carlsbad","San Diego County",816,,,,,,,,,,,,,,,,,,,,,2045,1950,1800,1625,1850,1900,1900,1795,1795,1872.5,1850,1795,1750,1700,1597.5,1500,1700,1737.5,1700,1750,1750,1637.5,1720,1512.5,1650,1695,1800,1700,1885,1900,1900,1900,1950,1950,1875,1925,1895,1870,1925,1962.5,1997.5,1975,1950,1995,2100,2145,1997.5,2080,2097.5,2150,1997.5,1995,1997.5,1795,1925,2100,2150,2047.5,1995,2100,2197.5,2195,2100,2195,2125,2200,2295,2272.5,2300,2250,2297.5,2300,2345,2450,2400,2350,2300,2300,2300,2450,2525,2495,2400,2300,2362.5,2345,2425,2400,2395
"Weymouth","MA","Boston-Cambridge-Newton","Norfolk County",817,,,,,,,,,,,,,,,,,,,,,,,,,,,,,,,,,,,,,,,,,,,,,,,,,,,,,,,,,,,,,,,,,,,,,,,,,,,,,,,,,,,,,,,,,,,,,,1772.5,1750,1650,1650,1625,1697.5,1700,1695,1700,2000,1850,1850,1850,1800,1800,1800
"Chantilly","VA","Washington-Arlington-Alexandria","Loudoun County",818,,,,,,,,,,,,,,,,,,,,,2100,2150,2000,2095,2141.5,2050,2100,2125,2300,2300,2200,2200,2100,2100,2125,2095,1997.5,2300,2200,2200,2250,2195,2097.5,2025,2072.5,2000,2000,1995,2000,1962.5,2000,2000,2100,2200,2300,2200,2250,2124,2095,2095,2047.5,2100,2100,2097,2100,2200,2250,2295,2200,2095,2100,2150,2170,2125,2200,2200,2200,2125,2200,2150,2175,2000,2200,2150,2100,2150,2100,2185,2277.5,2300,2250,2250,2200,2197.5,2195,2200,2300,2200,2197.5,2300,2200,2337.5,2297.5,2200,2200,2200,2200,2250,2200
"McLean","VA","Washington-Arlington-Alexandria","Fairfax County",819,,,,,,,,,,,,,,,,,,,,3100,2850,3000,2660,2825,2800,2900,2650,2650,2500,2700,2950,2895,2600,2500,2350,2450,2600,2400,2537.5,2395,2500,2775,2750,2775,2575,2500,2525,2500,2200,2475,2397.5,2397.5,2500,2600,2900,2550,2700,2800,2750,2600,2600,2500,2450,2250,2500,2900,2950,2800,2500,2250,2600,2700,2650,2550,2550,2600,2450,2750,2800,2800,2700,2775,2700,2850,2747.5,2600,2985,2895,2797.5,2900,2890,2770,2950,2900,2750,2650,2700,2700,2850,2850,2850,3000,3200,3200,3047.5,2725,2700,2725,2850
"Loganville","GA","Atlanta-Sandy Springs-Roswell","Gwinnett County",820,,,,,,,,,,,,,,,,,1150,1195,1200,1250,1150,1115,1107.5,1125,1100,1100,1137.5,1097,1095,1098.5,1100,1150,1115,1150,1150,1150,1150,1150,1150,1150,1150,1200,1200,1200,1200,1200,1250,1250,1250,1250,1250,1250,1275,1325,1325,1325,1275,1300,1300,1300,1300,1300,1325,1300,1300,1350,1357,1336,1350,1350,1339,1324.5,1350,1370,1395,1400,1395,1380,1397.5,1390,1395,1425,1367,1367,1395,1395,1395,1450,1495,1495,1499,1450,1450,1450,1450,1445,1450,1495,1485,1512,1514,1545,1515,1499.5,1525,1500,1545,1544.5,1545
"Euless","TX","Dallas-Fort Worth-Arlington","Tarrant County",821,,,,,,,,,,,,,,,,,,,,,,,,,,,,,,,,,,,,,,,,,,,,,,,,,,,,,,,,,,,,,,,,,,,,,,,,,,,,,,,,,,1474.5,1495,1547.5,1650,1647.5,1600,1622.5,1750,1695,1675,1700,1695,1662.5,1650,1450,1595,1650,1625,1700,1750,1800,1800,1737.5,1650,1650,1662.5,1675,1650
"Charleston","WV","Charleston","Kanawha County",822,,,,,,,,,,,,,,,,,,,,,,,,,,,,,,,,,,,,,,,,,,,,,,,,,,,,,,,,,,,,,,,,,,,,,,,,,,,,,,,,,,,,,850,800,875,950,975,1000,950,975,900,900,900,825,850,850,850,900,900,950,900,900,850,850,885,800,850
"Richland","WA","Kennewick-Richland","Benton County",823,,,,,,,,,,,,,,,,,,,,,,,,,,,,,,,,,,,,,,,,,,,,,,,,,,,,,,,,,,,,,,,,,,,,,,,,,,,,,,,,,,,,,1400,1450,1550,1595,1600,1650,1700,1600,1500,1572.5,1572.5,1598,1595,1550,1595,1600,1562.5,1525,1592.5,1595,1650,1650,1595,1697.5,1600
"Lacey","WA","Olympia-Tumwater","Thurston County",824,,,,,,,,,,,,,,,1395,1395,1425,1425,1425,1380,1350,1350,1325,1350,1350,1350,1395,1400,1395,1395,1395,1395,1375,1395,1395,1350,1300,1350,1385,1400,1400,1425,1400,1397.5,1395,1395,1395,1395,1395,1395,1375,1395,1400,1450,1400,1400,1395,1395,1375,1380,1395,1395,1375,1400,1495,1497.5,1450,1450,1425,1395,1449.5,1450,1450,1500,1450,1450,1550,1500,1525,1550,1497.5,1500,1525,1500,1540,1600,1595,1595,1662.5,1725,1650,1595,1595,1600,1600,1650,1650,1675,1700,1700,1749,1750,1750,1725,1695,1700,1700,1700,1750
"Port Orange","FL","Deltona-Daytona Beach-Ormond Beach","Volusia County",825,,,,,,,,,,,,,,,,,,,,,,,,1100,1072.5,1050,1000,1000,1050,1112.5,1200,1085,1050,1050,1125,1250,1200,1097.5,1195,1200,1250,1300,1300,1300,1200,1325,1325,1350,1300,1350,1300,1300,1200,1300,1300,1300,1400,1400,1375,1400,1400,1400,1400,1400,1295,1300,1400,1300,1450,1500,1412.5,1400,1450,1425,1450,1400,1400,1400,1450,1400,1300,1400,1400,1400,1495,1500,1462.5,1450,1452.5,1400,1450,1450,1450,1500,1495,1400,1450,1475,1500,1500,1550,1650,1600,1600,1450,1550,1485,1500,1579
"Novi","MI","Detroit-Warren-Dearborn","Oakland County",826,,,,,,,,,,,,,,,,,,,,,,,,,,,,,,,,,,,,,,,,1697.5,1700,1850,1725,1725,1700,1550,1550,1650,1600,1600,1600,1570,1575,1700,1700,1825,1900,1900,1925,1900,1800,1750,1872.5,1845,1825,1800,1800,1890,1850,1880,1850,1850,1900,1850,2000,1900,1887.5,1820,1775,1750,1700,1949.5,1850,1800,1700,1700,1900,1875,1725,1850,1900,1750,1747.5,1850,1850,2000,2000,1999.5,1900,1995,1972.5,2000,2025,1950,1700,1800,1850,1775,2000
"Glendora","CA","Los Angeles-Long Beach-Anaheim","Los Angeles County",827,,,,,,,,,,,,,,,,,,,,,,,,,,,,,,,,,,,,,,,,,,,,,,,,,,,,,,,,,,,,,,,,,,,,,,,,,,,,,,,,,,,,,2400,2400,2400,2600,2550,2500,2500,2625,2537.5,2500,2500,2500,2600,2680,2600,2600,2600,2650,2700,2600,2547.5,2575,2575,2575,2500
"Danville","CA","San Francisco-Oakland-Hayward","Contra Costa County",828,,,,,,,,,,,,,,,,,,,,,,,,,,,,,,,,,,,,,,,,3695,3992.5,3800,3800,4300,4100,4000,4100,3750,3750,3750,3600,3650,4195,3900,3975,4000,4246.5,3995,4400,4400,4347.5,4200,4400,4400,4200,4495,4200,4375,4100,3850,4000,4425,4500,4295,4272.5,4400,4250,4300,4000,4000,4000,4400,3795,4065,4000,3950,4300,4300,4400,4300,4200,4100,4200,3995,3800,3900,3900,3600,3700,4000,4200,4300,4000,3900,4195,3950,4000,3972.5,3950
"Palm Desert","CA","Riverside-San Bernardino-Ontario","Riverside County",829,,,,,,,,,,,,,,,,,,,,,,,,,,,,,,,,,,,,,,,,,,,,,,,,,,,,,,,,,,,,,,,,,,,,,,,,,,,,,,,,,,,,,,,,,,,,,3000,3000,3200,3266,3300,3400,3400,3300,3000,3000,2901,2950,3400,3200,3400,3400,3400
"The Hammocks","FL","Miami-Fort Lauderdale-West Palm Beach","Miami-Dade County",830,,,,,,,,,,,,,1417.5,1300,1350,1350,1400,1362.5,1350,1450,1350,1350,1500,1400,1550,1575,1575,1591,1600,1600,1650,1650,1650,1650,1675,1650,1700,1750,1700,1750,1790,1750,1750,1750,1800,1850,1950,1850,1825,1835,1800,1800,1800,1750,1800,1850,1840,1840,1800,1785,1800,1850,1850,1895,1850,1850,1850,1800,1850,1900,1900,1900,1950,1900,1950,1900,1900,1850,1900,1850,1847.5,1975,1900,1850,1850,1925,1900,1900,1850,1850,1850,1825,1900,1950,1950,1950,2000,2000,2000,2000,1999.5,2000,2000,1962.5,1965.5,1950,1950,1972.5,1949
"Saint Clair Shores","MI","Detroit-Warren-Dearborn","Macomb County",831,,,,,,,,,,,,,950,962.5,950,950,950,950,972.5,1075,1000,900,900,900,950,900,1000,995,950,950,1000,1000,950,950,1000,995,950,950,950,950,975,1095,962.5,1000,1000,1000,1050,1050,1000,1000,1075,1062.5,1050,1025,1100,995,1000,1050,1050,1077.5,1050,1050,1000,1050,1075,1100,1087.5,1050,1100,1100,1000,1050,1050,1050,1100,1100,1000,1100,1100,1100,1075,1075,1087.5,1100,1100,1050,1097.5,1100,1097.5,1100,1150,1150,1187.5,1200,1100,1100,1000,1100,1200,1200,1200,1200,1200,1200,1195,1187.5,1200,1200,1200
"Longwood","FL","Orlando-Kissimmee-Sanford","Seminole County",832,,,,,,,,,,,,,,,1295,1295,1247.5,1097.5,1147.5,1172.5,1150,1100,1100,1095,1150,1150,1095,1135,1175,1117.5,1095,1095,1150,1185,1195,1107.5,1150,1195,1100,1200,1260,1297.5,1312.5,1400,1395,1372.5,1400,1250,1250,1250,1200,1200,1250,1290,1250,1295,1200,1200,1250,1277,1295,1372.5,1295,1412.5,1450,1437.5,1437.5,1450,1400,1395,1450,1497.5,1450,1450,1400,1500,1495,1600,1450,1450,1395,1372.5,1400,1325,1450,1497.5,1525,1450,1585,1625,1600,1600,1550,1625,1625,1575,1600,1570,1500,1500,1695,1763.5,1650,1600,1650,1625,1695,1700,1605
"Castro Valley","CA","San Francisco-Oakland-Hayward","Alameda County",833,,,,,,,,,,,,,,,,,,,,,,,,,,,,,,,,,,,,,,,,,,,,,,,,,,,,,,,,,,,,,,,,,,,,,,,,,,,,,,,,,,,,,2700,2745,2772.5,2800,2897.5,2897.5,2937.5,3030,2975,3100,2875,2995,2925,3000,2900,3100,2950,3225,3145,3200,3200,3000,2950,2800,2900
"Lake Havasu City","AZ","Lake Havasu City-Kingman","Mohave County",834,,,,,,,,,,,,,,,,,,,,,,,,,,,,,,,,,,,,,,,,,,,,,,,,,,,,,,,,1200,1200,1200,1200,1200,1200,1200,1200,1237.5,1195,1100,1200,1112.5,1200,1300,1400,1350,1300,1250,1350,1300,1200,1200,1150,1200,1250,1300,1300,1200,1300,1300,1300,1300,1300,1400,1400,1350,1350,1400,1400,1425,1500,1500,1450,1400,1400,1450,1450,1500,1500,1500,1600,1500,1562.5
"Lincoln","CA","Sacramento--Roseville--Arden-Arcade","Placer County",835,,,,,,,,,,,,,,,,,,,,,,,,,,,,,,,,,,,,,,,,,,,,,,,,,,,,,,,,,,,,,,,,,,,,,,,,,,,,,,,,,,,,,1950,1995,1995,1966,2047.5,2225,2076,2086,2000,2002.5,1995,1995,1997.5,2095,2175,2197.5,2272.5,2195,2195,2122.5,2095,2072.5,2222.5,2185,2172.5
"Hacienda Heights","CA","Los Angeles-Long Beach-Anaheim","Los Angeles County",836,,,,,,,,,,,,,,,,,,,,,,,,,,,,,,,,,,,,,,,,,,,,,,,,,,,,,,,,,,,,,,,,,,,,,,,,,,,,,,,,,,,,,2225,2200,2300,2300,2450,2400,2400,2350,2422.5,2350,2350,2497.5,2350,2400,2400,2395,2569,2500,2300,2425,2425,2300,2550,2600,2500
"Owings Mills","MD","Baltimore-Columbia-Towson","Baltimore County",837,,,,,,,,,,,,,,,,,1675,1700,1700,1700,1650,1600,1600,1600,1625,1650,1650,1600,1625,1592.5,1650,1600,1600,1600,1595,1675,1749,1724.5,1700,1650,1622.5,1597.5,1650,1650,1700,1700,1700,1725,1725,1700,1700,1700,1700,1700,1700,1700,1750,1700,1700,1700,1700,1747.5,1750,1800,1800,1795,1737.5,1725,1750,1722.5,1695,1698.5,1750,1700,1696,1550,1750,1650,1650,1750,1777.5,1825,1787.5,1675,1650,1650,1750,1800,1800,1825,1800,1800,1799.5,1750,1700,1750,1750,1772.5,1750,1800,1800,1850,1950,1850,1800,1800,1825,1800,1837.5
"Coeur d'Alene","ID","Coeur d'Alene","Kootenai County",838,,,,,,,,,,,,,,,,,,,,,,,,,,,,,,,,,,,,,,,,,,,,,,,,,,,,,,,,,,,,,,,,,,,,,,,,,,,,,,,,,,,,,,,,1347.5,1410,1397.5,1300,1395,1425,1450,1400,1400,1450,1475,1495,1462.5,1395,1450,1400,1400,1450,1400,1400,1495,1400
"Buckeye","AZ","Phoenix-Mesa-Scottsdale","Maricopa County",839,,,,950,925,950,895,962.5,1050,1000,925,900,925,925,925,925,925,900,900,900,895,895,900,895,895,900,925,925,925,925,900,895,925,900,925,925,900,900,900,900,925,925,900,895,900,900,900,900,925,907.5,915,925,950,950,950,950,950,950,950,950,950,950,1025,1100,1097.5,1100,1050,1050,1050,1025,1050,1075,1085,1075,1175,1250,1150,1125,1195,1095,1185,1137.5,1100,1075,1150,1200,1200,1295,1273.5,1300,1295,1250,1225,1250,1295,1250,1250,1295,1295,1300,1300,1350,1350,1350,1350,1300,1325,1300,1300
"Mason","OH","Cincinnati","Warren County",840,,,,,,,,,,,,,,,,,,,,,,,,,,,,,,,,,,,,,,,,,,,,,,,,,,,,,,,,,,,,,,,,,,,,,,,,,,,,,,,,,,,,1550,1825,1795,1680,1800,1825,1750,1725,1787.5,1700,1650,1700,1700,1750,1725,1800,1850,1800,1800,1950,2000,1775,1650,1650,1700,1800
"Lenexa","KS","Kansas City","Johnson County",841,,,,,,,,,,,,,,,,,,,,,,,,,,,,,,,,,,,,,,,,,,,,,,,,,,,,,,,,,,,,,,,,,,,,,,,,,,,,,,,,,,,,,,,,,,,,,,,,,,1622.5,1595,1595,1595,1597.5,1622.5,1595,1595,1595,1595,1595,1595
"Hoboken","NJ","New York-Newark-Jersey City","Hudson County",842,,,,,,,,,,2700,2625,2650,2550,2500,2300,2297.5,2500,2600,2625,2750,2900,2768,2900,2725,2750,2550,2600,2700,2600,2675,2700,2800,2971,2617.5,2600,2650,2575,2500,2600,2650,2700,2700,2650,2600,2650,2700,2700,2600,2600,2500,2500,2500,2700,2750,2750,2757.5,2850,2800,2700,2700,2800,2787.5,2750,2875,2900,2900,2850,2850,2900,2950,2900,2937.5,2900,2900,2800,2850,2800,2887.5,2850,2800,2800,2650,2765,2650,2700,2700,2700,2650,2712.5,2800,2800,2800,2700,2650,2700,2700,2700,2700,2700,2700,2700,2700,2700,2800,2800,2750,2765,2700,2700
"West Sacramento","CA","Sacramento--Roseville--Arden-Arcade","Yolo County",843,,,,,,,,,,,,,,,,,,,,,,,,,,,,,,,,,,,,,,,,,,,,,,,,,,,,,,,,,,,,,,,,,,,,,,,,,,,,,,1650,1795,1695,1797.5,1695,1750,1795,1750,1810,1775,1810,1860,1795,1795,1960,1895,1849.5,1875,1895,1895,1900,1895,1950,1895,1947.5,1950,1995,1895,1800,1800,1897.5,1845
"Ormond Beach","FL","Deltona-Daytona Beach-Ormond Beach","Volusia County",844,,,,,,,,,,,,,,,,,,,,,,,,,,,,,,,,,,,,,,,,,,,,,,,,,,,,,,,1500,1500,1500,1425,1400,1425,1425,1412.5,1500,1500,1495,1525,1600,1525,1600,1600,1500,1550,1525,1650,1725,1600,1537.5,1500,1600,1500,1500,1600,1550,1600,1600,1697.5,1625,1600,1600,1600,1600,1600,1600,1550,1600,1600,1600,1595,1600,1600,1600,1636,1600,1695,1650,1695,1695,1700,1700
"Shoreline","WA","Seattle-Tacoma-Bellevue","King County",845,,,,,,,,,,,,,,,,,,,,,,,,,,,,,,,,,,,,,,,,,,,,,,,,,,,,,,,,,,,,,,,,,,,,,,,,,,,,,,2224.5,2297.5,2399.5,2195,2100,1950,2150,2000,2097.5,2200,2185,2200,2200,2300,2200,2345,2275,2200,2050,2192.5,2247.5,2200,2285,2400,2350,2300,2300,2250,2195,2200,2295,2250
"Desoto","TX","Dallas-Fort Worth-Arlington","Dallas County",846,,,,,,,,,,,,,,,,,,1198.5,1200,1272.5,1200,1195,1200,1200,1295,1250,1250,1200,1225,1295,1250,1250,1250,1225,1250,1250,1250,1250,1250,1250,1275,1257.5,1250,1250,1295,1295,1250,1250,1270,1262.5,1295,1297.5,1285,1275,1295,1285,1295,1362.5,1325,1295,1295,1295,1322,1395,1347.5,1350,1335,1345,1297.5,1285,1275,1295,1395,1395,1375,1347.5,1350,1395,1410,1362.5,1300,1395,1395,1300,1375,1395,1450,1500,1457,1425,1385,1467.5,1450,1495,1497,1475,1495,1495,1499.5,1445,1497.5,1495,1549.5,1550,1499,1495,1495,1467.5,1550
"Yucaipa","CA","Riverside-San Bernardino-Ontario","San Bernardino County",847,,,,,,,,,,,,,,,,,,,,,,,,,,,,,,,,,,,,,,,,,,,,,,,,,,,,,,,,,,,,,,,,,,,,,,,,,,,,,,,,,,,,,,,,,,1870,1801,1800,1850,1850,1812.5,1872.5,1860,1845,1860,1900,1850,1850,1775,1685,1695,1925,1870,1800,1825
"Athens","AL","Huntsville","Limestone County",848,,,,,,,,,,,,,,,,,,,,,,,,,,,,,,,,,,,,,,,,,,,,,,,,,,,,,,,,,,,,,,,,,,,,,,,,,,,,,,,,,,,,,,,,,,,,,,,1200,1100,1137.5,995,1100,1075,1150,1300,1300,1300,1300,1200,1300,1200,1275
"West Haven","CT","New Haven-Milford","New Haven County",849,,,,,,,,,,,,,,,,,,,,,,,,,,,,,,,,,,,,,,,,,,,,1400,1400,1325,1450,1500,1625,1550,1525,1525,1475,1500,1500,1500,1500,1400,1495,1475,1400,1400,1450,1525,1550,1400,1500,1475,1425,1500,1550,1550,1450,1450,1450,1400,1400,1400,1575,1400,1575,1362.5,1500,1450,1550,1600,1550,1525,1475,1400,1400,1400,1450,1500,1587.5,1600,1550,1625,1500,1500,1450,1597.5,1600,1600,1500,1500,1550,1600,1600
"Smyrna","TN","Nashville-Davidson--Murfreesboro--Franklin","Rutherford County",850,,,,,,,,,,,,,,,,,,,,,,,,,,,,,,,,,,,,,,,,,,,,,,,,,,,,,,,,,,,,,,,,,,,,,,,,,,,,,,,,,,,,,1459.5,1499,1445,1375,1350,1350,1395,1497.5,1530,1500,1460,1445,1450,1550,1505,1550,1497.5,1400,1450,1472.5,1405,1475,1495,1500,1495
"Puyallup","WA","Seattle-Tacoma-Bellevue","Pierce County",851,,,,,,,,,,,,,,,,,,,,,,,,,,,,,,,,,,,,,,,,,,,,,,,,,,,,,,,,,,,,,,,,,,,,,,,,,,,,,,,,,,1495,1297.5,1437.5,1542.5,1400,1499,1655,1625,1812.5,1695,1680,1715,1795,1810,1750,1695,1695,1847.5,1850,1800,1945,1800,1890,1895,1800,1825,2100,2050
"Morgantown","WV","Morgantown","Monongalia County",852,,,,,,,,,,,,,,,,,,,,,,,,,,,,,,,,,,,,,,,,,,,,,,,,,,,,,,,,,,,,,,,,,,,,,,,,1000,1140,1140,1180,1192.5,1200,1250,1300,1300,1200,1290,1125,1200,1222.5,1200,1200,1200,1200,1200,1125,1200,1200,1200,1050,1095,1155,1200,1150,1200,1200,1200,1200,1225,1200,1200,1150,1100,1050
"Parsippany-Troy Hills","NJ","New York-Newark-Jersey City","Morris County",853,,,,,,,,,,,,,,,,,,,,,,,,,,,,,,,,,,,,,,,,,,,,,,,,,,,,,,,,,,,,,,,,,,,,,,,,,,,,,,,,,,,,,2350,2300,2200,2200,2300,2470,2500,2375,2400,2450,2650,2600,2600,2400,2500,2425,2575,2650,2550,2300,2500,2500,2450,2550,2450
"Mililani","HI","Urban Honolulu","Honolulu County",854,,,,,,,,,,,,,,,,,,,,,,,,,,,,,,,,,,,,,,,,,,,,,,,,,,,,,,,,,,,,,,,,1900,2150,2000,1950,2000,2000,1912.5,1900,1925,2100,2100,2100,2300,2000,2050,2225,2000,2100,2047.5,2100,2000,1995,1950,1995,2200,2250,2385,2300,2150,2000,1995,1995,2100,2000,2000,1950,2000,2097.5,2150,2200,2125,2000,2047.5,2050,2100,2100
"Elizabethtown","KY","Elizabethtown-Fort Knox","Hardin County",855,,,,,,,,,,,,,,,,,,,,,,,,,,,,,,,,,,,,,,,,,,,,,,,,,,,,,,,,,,,,,,,,,,,,,,,,,,,,,,,,,,,1177.5,995,899,900,899.5,1000,905,1025,1200,1127.5,1100,995,1075,1055,995,1024.5,999,1037,1199,1200,1199.5,1005,1005,1050,1050,995,975
"Clermont","FL","Orlando-Kissimmee-Sanford","Lake County",856,,,,,,,,,,,,,,1200,1350,1300,1200,1372.5,1250,1100,1125,1150,1200,1162.5,1195,1072.5,1097.5,1175,1200,1200,1295,1200,1185,1200,1250,1237.5,1272.5,1300,1300,1350,1350,1350,1300,1300,1350,1300,1337.5,1350,1395,1380,1350,1350,1400,1350,1395,1375,1375,1400,1400,1395,1375,1395,1400,1495,1485,1400,1475,1425,1400,1450,1450,1475,1462.5,1400,1495,1500,1509,1500,1472.5,1500,1500,1500,1395,1500,1485,1547,1450,1500,1550,1550,1590,1582.5,1550,1575,1500,1550,1598,1600,1582.5,1650,1695,1650,1600,1628,1602.5,1665,1700,1710,1708
"West New York","NJ","New York-Newark-Jersey City","Hudson County",857,,,,,,,,,,,,,,,,,,,,,,,,,,,,,,,,,,,,,,,,,,,,,,,,,,,,,,,,,,,,,,,,,,,,,,,,,,,,,,,,,,,,1850,1750,1950,1997.5,2000,2250,2250,2350,2250,2200,2037.5,1900,2000,2100,1972.5,2150,2350,2250,2050,2012.5,2275,2100,2200,2375,2200,2150
"Decatur","AL","Decatur","Morgan County",858,,,,,,,,,,,,,,,,,,,,,,,,,,,,,,,,,,,,,,,,,,,,,,,,,,,,,,,,,,,,,,,,,,,,,,,,,,,,,,,,,,,,,,800,750,800,800,800,802.5,725,725,725,775,775,750,782,800,799.5,775,797.5,795,800,785,850,850,837.5,825
"Normal","IL","Bloomington","McLean County",859,,,,,,,,,,,,,,,,,,,,,,,,,,,,,,,,,,,,,,,,,,,,,,,,,,,,,,,,,,,,,,,,,,,,,,,,,,,,,,,,,,,,,,,,950,900,995,1100,1025,975,967.5,900,927.5,875,935,875,975,937.5,970,1030,995,900,900,1000,1050,975
"Lombard","IL","Chicago-Naperville-Elgin","DuPage County",860,,,,,,,,,,,,,,,,,,,,,,,,,,,,,,1500,1500,1550,1525,1375,1550,1400,1435,1650,1545,1550,1500,1750,1685,1672.5,1650,1525,1625,1650,1650,1700,1650,1650,1750,1712,1700,1780,1695,1725,1650,1700,1700,1750,1650,1695,1700,1762.5,1695,1695,1750,1625,1650,1650,1675,1695,1672.5,1650,1737.5,1750,1895,1785,1775,1825,1750,1695,1750,1750,1750,1750,1762.5,1725,1700,1700,1762.5,1775,1775,1785,1750,1775,1800,1800,1800,1750,1750,1700,1725,1750,1762.5,1785,1850
"Millcreek","PA","Erie","Erie County",861,,,,,,,,,,,,,,,,,,,,,,,,,,,,,,,,,,,,,,,,,,,,,,,,,,,,,,,,,,,,,,,,,,,,,,,,,,,,,,,,,,,,,,,,,,,,,,,,890,930,875,910,995,1145,1200,1015,992.5,985,950,962.5,950,1000
"Florissant","MO","St. Louis","Saint Louis County",862,,,,,,,,,,,,,,,,,,,,,,937.5,950,950,987.5,950,997.5,950,950,950,950,950,950,950,950,950,950,995,975,1000,1000,1000,1000,995,975,950,975,975,975,975,975,975,1000,1050,1027.5,1000,995,990,990,975,985,975,950,982.5,950,995,1000,985,975,1000,1000,1005,1000,1050,1050,1050,1050,1062.5,1050,1050,995,1050,995,1000,1025,1050,1050,1095,1075,1050,1050,1050,1050,1050,1050,1012.5,1000,1000,1032.5,1050,1095,1100,1100,1100,1100,1095,1095,1100,1100
"Potomac","MD","Washington-Arlington-Alexandria","Montgomery County",863,,,,,,,,,,,,,,,,,,,,,,,,,,,,,,,,,,,,,,,,,,,,,,,,,,,,,,,,,,,,,,,,,,,,,,,,,,,,,,,3400,3500,3500,3700,3425,3650,3300,3500,3500,3500,3475,3600,3700,3190,3400,3300,3450,3500,3600,3300,2995,3200,3600,3700,3500,3500,3450,3500,3500,3700,3500
"Covington","LA","New Orleans-Metairie","Saint Tammany Parish",864,,,,,,,,,,,,,,,,,,,,,,,,,,,,,,,,,,,,,,,,,,,,,,,,,,,,,,,,,,,,,,,,,,,,,,,,,,,,,,,,,,,1400,1400,1297.5,1400,1375,1300,1400,1400,1450,1500,1450,1412.5,1450,1350,1400,1362.5,1350,1400,1400,1400,1350,1392.5,1350,1395,1400,1350,1387.5
"Oak Park","IL","Chicago-Naperville-Elgin","Cook County",865,,,,,,,,,,,,,,,,,,,,,,,,,,,,,,,,,,,,,,,,,,,,,,,,,,,,,,,,,,,,,,,,,,,,,,,,,,,,,,,,,1757.5,1699,1625,1550,1600,1600,1500,1500,1490,1500,1675,1600,1595,1500,1500,1500,1462.5,1525,1600,1550,1550,1800,1775,1775,1850,1847.5,1850,1990,1925
"Catonsville","MD","Baltimore-Columbia-Towson","Baltimore County",866,,,,,,,,,,,,,,,,,,,,,,,,,,,,,,,,,,,,,,,,,,,,,,,,,,,,,,,,,,,,,,,,,,,,,,,,,,,,,,,,,,,,1650,1725,1797.5,1700,1750,1600,1637.5,1800,1775,1750,1650,1775,1725,1725,1750,1795,1800,1750,1700,1700,1750,1650,1672.5,1724,1674,1650
"Upper Darby","PA","Philadelphia-Camden-Wilmington","Delaware County",866,,,,,,,,,,,,,,,,,,,,,,,,,,,,,,,,,,,,,,,,,,,,,,,,,,,,,,,,,,,,,,,,,,,,,,,,,,,,,,,,,,,,1200,1100,1100,1100,1150,1199.5,1200,1200,1175,1200,1197.5,1150,1150,1175,1150,1150,1150,1225,1250,1240,1200,1250,1300,1250,1200,1200
"North Fort Myers","FL","Cape Coral-Fort Myers","Lee County",868,,,,,,,,,,,,,,,,,,,,,,,,,,,,,,,,,,,,,,,,,,,,,,,,,,,,,,,,,,,,,,,,,,,,,,,,,,,,,,,,,,,,,1395,1295,1300,1395,1300,1300,1350,1500,1572.5,1400,1500,1700,1700,1785,1700,1500,1350,1300,1300,1497.5,1495,1495,1397.5,1487.5,1475
"Lakeville","MN","Minneapolis-St. Paul-Bloomington","Dakota County",869,,,,,,,,,,,,,,,,,,,,,,,,,,,,,,,,,,,,,,,,,,,,,,,,,,,,,,,,,,,,,,,,,,,,,,,,,,,,,,,,,,1579,1570,1725,1637,1525,1590,1650,1750,1650,1795,1750,1750,1900,1747.5,1900,1800,1797.5,1750,1700,1847.5,1772.5,1750,1850,1850,1900,2095,1795,1825
"Lake City","FL","Lake City","Columbia County",870,,,,,,,,,,,,,,,,,,,,,,,,,,,,,,,,,,,,,,,,,,,,,,,,,,,,,,,,,,,,,,,,,,,,,,,,,,,,,,,,,,,,,,,,,,,1295,1200,1225,1100,1050,1050,1100,1100,1200,1200,1200,1194,1100,1125,1200,1100,1100,1050,1000
"Howell","NJ","New York-Newark-Jersey City","Monmouth County",871,,,,,,,,,,,,,,,,,,,,,,,,,,,,,,,,,,,,,,,,,,,,,,,,,,,,,,,,,,,,,,,,,,,,,,,,,,,,,,,,,,,,,1775,1800,1762.5,1825,1900,1825,1900,1847.5,2000,2000,1900,1800,1800,1725,1750,1750,1800,1750,1700,1850,1950,1950,2025,1925,2000
"Dacula","GA","Atlanta-Sandy Springs-Roswell","Gwinnett County",872,,,,,,,,,,,,,,1395,1350,1350,1350,1400,1300,1325,1350,1350,1299,1300,1300,1300,1250,1250,1250,1295,1325,1295,1295,1350,1295,1300,1350,1350,1335,1300,1300,1300,1350,1350,1350,1300,1300,1297.5,1300,1300,1300,1325,1375,1350,1395,1400,1395,1400,1400,1400,1400,1400,1400,1397.5,1395,1449,1470,1480.5,1432.5,1400,1400,1450,1485,1528,1500,1550,1510,1495,1495,1450,1450,1500,1495,1472,1500,1499,1535,1595,1595,1579,1550,1550,1550,1585,1585,1550,1550,1577.5,1600,1645,1695,1650,1650,1650,1657.5,1617.5,1650,1655,1697.5
"Tinley Park","IL","Chicago-Naperville-Elgin","Cook County",873,,,,,,,,,,,,,,,,,,,,,,,,,,,,,,,,,,,,,,,,,,,,,,,,,,,,,,,,,,,,,,,,,,,,,,,,,,,,,,,,,,,1725,1700,1650,1700,1650,1650,1650,1720,1700,1725,1700,1699.5,1650,1700,1700,1700,1739.5,1675,1717,1795,1700,1700,1800,1787.5,1775,1850,1824.5
"Ankeny","IA","Des Moines-West Des Moines","Polk County",874,,,,,,,,,,,,,,,,,,,,,,,,,,,,,,,,,,,,,,,,,,,,,,,,,,,,,,,,,,,,,,,,,,,,,,,,,,,,,,,,1145,1145,1295,1145,1145,1120,1170,1192.5,1150,1150,1150,1299,1299,1350,1295,1262.5,1290,1109,1225,1297,1150,1200,1299,1300,1294.5,1300,1350,1347.5,1347.5,1262.5
"Stratford","CT","Bridgeport-Stamford-Norwalk","Fairfield County",875,,,,,,,,,,,,,1600,1700,1700,1712.5,1800,1800,1800,1850,1800,1800,1775,1775,1700,1600,1700,1700,1700,1700,1700,1600,1600,1600,1650,1800,1862.5,1800,1700,1700,1725,1700,1700,1800,1700,1650,1650,1662.5,1700,1700,1700,1700,1700,1700,1800,1800,1700,1700,1800,1750,1750,1700,1700,1675,1700,1725,1700,1800,1800,1700,1750,1750,1750,1800,1800,1800,1675,1700,1700,1800,1700,1700,1797.5,1700,1850,1800,1800,1800,1700,1662.5,1772.5,1750,1800,1850,1850,1800,1800,1825,1800,1800,1800,1797.5,1900,1900,1850,1800,1700,1700,1700
"Placentia","CA","Los Angeles-Long Beach-Anaheim","Orange County",876,,,,,,,,,,,,,,,,,,,,,,,,,,,,,,,,,,,,,,,,,,,,,,,,,,,,,,,,,,,,,,,,,,,,,,,,,,,,,,,,,,,,,2800,2700,2700,2550,2695,2722.5,2672.5,2600,2700,2662.5,2750,2600,2600,2525,2750,2775,2500,2700,2800,2800,2800,2850,3000,2950,2950
"Hollister","CA","San Jose-Sunnyvale-Santa Clara","San Benito County",877,,,,,,,,,,,,,,,,,,,,,,,,,,,,,,,,,,,,,,,,,,,,,,,,,,,,,,,,,,,,,,,,,,,,,,,,,,,,,,,,,,,,,,,,,,,,,2300,2050,2295,2300,2400,2475,2200,2200,2400,2400,2500,2700,2637.5,2500,2600,2500,2500
"Seminole","FL","Tampa-St. Petersburg-Clearwater","Pinellas County",878,,,,,,,,,,,,,,,,,,,,,,,,,,,,,,,,,,,,,,,,,,,,,,,,,,,,,,,,,,,,,,,,,,,,,,,,,,,,,,,,,,,1500,1600,1500,1500,1500,1499.5,1564.5,1650,1545,1500,1500,1595,1600,1650,1500,1565,1467.5,1652.5,1700,1600,1600,1600,1650,1695,1695,1615,1600
"Poway","CA","San Diego-Carlsbad","San Diego County",879,,,,,,,,,,,,,,,,,,,,,,,,,,,,,,,,,,,,,,,,,,,,,,,,,,,,,,,,,,,,,,,,,,,,,,,,,,,,,,,,,,,,,2895,2950,2950,2950,2800,2900,2997.5,2975,2695,2695,2595,2850,2637.5,2800,2995,2950,2842.5,3000,2950,3097.5,3350,3100,3050,3100,3195
"Brookhaven","GA","Atlanta-Sandy Springs-Roswell","Dekalb County",880,,,,,,,,,,,,,,,,,,,,,,,,,,,,,,,,,,,,,,,,,,,,,,,,,,,,,,,,,1997.5,2000,2050,1950,1900,1897.5,2000,2250,2225,2000,2000,2000,2050,2047.5,2000,1947.5,2000,1999.5,2075,1900,2000,1937.5,1872.5,1900,2000,2000,2000,2050,2000,2250,2250,2300,2150,2300,2388,2200,2200,2200,2150,2133,2200,2300,2250,2500,2495,2500,2500,2500,2425,2350,2200,2200,2325
"Doral","FL","Miami-Fort Lauderdale-West Palm Beach","Miami-Dade County",881,,1720,1650,1665,1690,1750,2000,2000,1900,1662.5,1750,1850,1800,1750,1750,1750,1750,1775,1775,1800,1800,1800,1750,1750,1795,1800,1800,1800,1800,1832.5,1800,1800,1850,1850,1850,1850,1800,1850,1850,1875,1900,2000,2050,2100,2075,2200,2200,2200,2150,2200,2200,2150,2100,2100,2150,2050,2175,2200,2200,2200,2200,2300,2300,2300,2300,2275,2300,2250,2250,2200,2400,2450,2450,2400,2400,2250,2350,2250,2300,2300,2300,2250,2300,2200,2300,2300,2250,2300,2300,2300,2350,2350,2400,2400,2400,2400,2400,2400,2400,2400,2375,2350,2364.5,2350,2300,2300,2370,2400,2375
"Lehi","UT","Provo-Orem","Utah County",882,,,,,,,,,,,,,,,,,,,,,,,,,,,,,,,,,,,,,,,,,,,,,,,,,,,,,,,,,,,,,,,,,,,,,,,,,,,,,,,,,,,,,1497.5,1572.5,1572.5,1560,1567.5,1597.5,1612.5,1795,1750,1685,1675,1750,1650,1650,1662.5,1750,1695,1697.5,1800,1795,1795,1750,1700,1750,1725
"West Monroe","LA","Monroe","Ouachita Parish",883,,,,,,,,,,,,,,,,,,,,,,,,,,,,,,,,,,,,,,,,,,,,,,,,,,,,,,,,,,,,,,,,,,,,,,,,,,,,,,,,,,,,,,,,,,,750,825,850,900,975,1095,995,895,895,895,900,900,875,875,850,847.5,750,862.5,875
"South Hill","WA","Seattle-Tacoma-Bellevue","Pierce County",884,,,,,,,,,,,,,,,1450,1450,1400,1395,1395,1395,1350,1350,1395,1375,1375,1350,1350,1400,1400,1325,1392.5,1395,1450,1450,1450,1450,1495,1450,1495,1495,1495,1495,1495,1500,1495,1497.5,1525,1525,1499,1499,1495,1495,1500,1499,1500,1525,1525,1499,1499.5,1525,1525,1520,1499,1550,1524.5,1500,1587.5,1600,1550,1550,1550,1560,1575,1584,1600,1600,1600,1595,1599.5,1662.5,1677,1600,1600,1595,1650,1650,1650,1750,1685,1850,1850,1850,1795,1795,1790,1795,1795,1850,1850,1850,1900,1945,1925,1900,1896,1898,1900,1945,1895
"Cuyahoga Falls","OH","Akron","Summit County",885,,,,,,,,,,,,,,,,,,,,,,,,,,,,,,,,,,,,,,,,,,,,,,,,,,,,,,,,,,,,,,,,,,,,,,,,,,,,,,,,,,,,,900,952.5,992.5,950,962.5,975,995,950,975,962.5,925,912.5,900,950,950,950,900,937.5,975,1000,950,950,995,1050,1050
"Little Elm","TX","Dallas-Fort Worth-Arlington","Denton County",886,,,,,,,,,,,,,,1300,1395,1350,1350,1350,1350,1350,1350,1325,1300,1300,1350,1385,1425,1395,1450,1450,1450,1475,1495,1480,1495,1495,1397.5,1395,1525,1500,1495,1500,1500,1498,1485,1495,1500,1495,1500,1500,1500,1500,1575,1562.5,1582.5,1575,1595,1595,1600,1595,1650,1595,1595,1595,1650,1650,1650,1700,1695,1675,1645,1650,1650,1639,1650,1650,1695,1695,1695,1695,1650,1700,1625,1685,1650,1695,1695,1750,1785,1787.5,1795,1795,1775,1725,1750,1700,1750,1762.5,1775,1850,1850,1795,1795,1795,1795,1750,1750,1750,1770
"Garner","NC","Raleigh","Wake County",887,,,,,,,,,,,,,,,,,,,,,,,,,,,,,,,,,,,,,,,,,,,,,,,,,,,,,,,,,,,,,,,,,,,,,,,,,,,,,,,,,,,,,1395,1399.5,1400,1432.5,1462.5,1545,1532.5,1450,1497.5,1495,1500,1495,1495,1412.5,1495,1480,1492.5,1500,1500,1500,1499,1495,1490,1450,1495
"Hutchinson","KS","Hutchinson","Reno County",888,,,,,,,,,,,,,,,,,,,,,,,,,,,,,,,,,,,,,,,,,,,,,,,,,,,,,,,,,,,,,,,,,,,,,,,,,,,,,,,,,,,,,,,675,650,675,697.5,650,670,695,750,750,750,650,695,700,685,650,650,625,625,600,600,650,657.5,675
"Cookeville","TN","Cookeville","Putnam County",889,,,,,,,,,,,,,,,,,,,,,,,,,,,,,,,,,,,,,,,,,,,,,,,,,,,,,,,,,,,,,,,,,,,,,,,,,,,,,,,,,,,,,850,850,850,800,850,922.5,950,995,900,900,900,1000,962.5,975,975,975,950,895,997.5,1000,1075,975,950,987.5,937.5
"Apple Valley","MN","Minneapolis-St. Paul-Bloomington","Dakota County",890,,,,,,,,,,,,,,,,,,,,,,,,,,,,,,,,,,,,,,,,,,,,,,,,,,,,,,,,,,,,,,,,,,,,,,,,,,,,,,,,,,,,,1350,1375,1495,1495,1500,1550,1495,1525,1495,1495,1495,1595,1562.5,1450,1525,1495,1660,1595,1650,1647.5,1550,1620,1800,1750,1797
"Salina","KS","Salina","Saline County",891,,,,,,,,,,,,,,,,,,,,,,,,,,,,,,,,,,,,,,,,,,,,,,,,,,,,,,,,,,,,,,,,,,,,,,,,,,,,,,,,,,,,725,675,700,675,700,725,725,725,750,750,800,800,750,737.5,725,750,750,765,725,725,735,775,750,750,775,775
"Tigard","OR","Portland-Vancouver-Hillsboro","Washington County",892,,,,,,,,,,,,,,,,,,,,,,,,,,,,,,,,,,,,,,,,,,,,,,,,,,,,,,,,,,,,,,,,,,,,,,,,,,,,,,,,,,,,,1812,1795,1795,1897.5,2022.5,2175,2100,1995,2000,2095,1995,1995,1920,1850,1960,1995,2050,2122.5,2100,1997.5,1995,1895,1952.5,1995,1945
"Olive Branch","MS","Memphis","DeSoto County",893,,,,,,,,,,,,,,,,,,,,,,,,,,,,,,,,,,,,,,,,,,,,,,,,,,,,,,,1375,1375,1300,1335,1375,1347.5,1375,1295,1300,1300,1395,1435,1425,1415,1347.5,1295,1325,1300,1295,1295,1375,1495,1400,1399,1399,1334,1334,1295,1324.5,1450,1399,1399,1419,1400,1450,1495,1450,1400,1422.5,1435,1395,1395,1350,1410,1497.5,1500,1495,1550,1550,1535,1530,1495,1450,1485,1485
"East Hartford","CT","Hartford-West Hartford-East Hartford","Hartford County",894,,,,,,,,,,,,,,,,,,,,,,,,,,,,,,,,,,,,,,,,,,,,,,,,,,,,,,,,,,,,,,,,,,,,,,,,,,,,,,,,,,,,,,,,1400,1590,1580,1600,1550,1500,1500,1400,1362.5,1400,1400,1495,1495,1550,1400,1400,1385,1495,1500,1495,1300,1300
"Wahiawa","HI","Urban Honolulu","Honolulu County",895,,,,,,,,,,,,,,,,,,,,,,,,,,,,,,,,,,,,,,,,,,,,,,,,,,,,,,,,,,,,,,,,,,,,,,,,,,,,,,,,,,,,,,,1800,1800,1875,1650,1650,1600,1750,1700,1700,1700,1762.5,1725,1875,1800,1650,1800,1795,1800,1700,1650,1897.5,1750,1850
"Commerce City","CO","Denver-Aurora-Lakewood","Adams County",896,,,,,,,,,,,,,,,,,,,,,,,,,,,,,,,,,,,,,,,,,,,,,,,,,,,,,,,,,,,,,,,,,,,,,,,,,,,,,,,,,,,,,1817.5,1900,1995,2085,2095,2100,2125,2100,2010,1897.5,1860,1895,2050,2000,2125,2195,2195,2145,2200,2150,2000,1950,2000,1999.5,2099
"Kailua","HI","Urban Honolulu","Honolulu County",897,,,,,,,,,,,,,,,,,,,,,,,,,,,,,,,,,,,,,,,,,,,,,,,,,,,,,,,,,,,,,,,,,,,,,,,,,,,,,,,,,,,,2925,2900,3200,3300,3200,3200,3145,2900,2950,3000,2950,2950,3125,3150,2925,2900,2900,3250,3200,3250,2985,2900,2950,2800,2700,2750
"North Bethesda","MD","Washington-Arlington-Alexandria","Montgomery County",898,,,,,,,,,,,,1795,1969,2100,2100,1995,2300,2350,2500,2400,2200,2137.5,2200,2000,1995,1800,1850,2000,2100,2172.5,2149,2100,2225,2100,2075,2100,2200,2150,2200,2175,2195,2275,2287,2295,2062.5,2025,2100,2197.5,2200,2150,2150,2095,2150,2200,2300,2200,2185,2197.5,2100,2025,1997.5,2000,2000,2000,1995,1995,1950,1977.5,1950,1975,1997,2000,2050,1995,2095,2100,2100,2150,1997.5,2162.5,2100,2097.5,2000,2000,2000,2000,2050,2050,2000,2125,2190,2100,2000,2000,2000,2000,2000,1950,2000,2100,2220,2400,2300,2300,2250,2300,2100,2100,2100
"Sierra Vista","AZ","Sierra Vista-Douglas","Cochise County",899,,,,,,,,,,,,,,,,,,,,,,1100,1050,1150,1150,1100,1100,1200,1100,1150,1100,1100,1050,1025,1000,1050,1050,1000,1050,1010,1000,1000,1000,997.5,985,995,1000,995,975,975,995,1000,1025,1000,1000,1000,1000,1000,998.5,1000,998,1000,1000,1000,999,995,992.5,975,950,950,950,950,950,950,950,950,950,950,975,950,950,950,950,962.5,950,900,950,950,950,950,975,950,995,1000,985,1000,950,992.5,1000,1000,1000,1025,1000,950,975,1000,997.5,1025,1000
"Urbana","IL","Champaign-Urbana","Champaign County",900,,,,,,,,,,,,,,,,,,,,,,,,,,,,,,,,,,,,,,,,,,,,,,,,,,,,,,,,,,,,,,,,,,,,,,,,,,,,,,,,,,,,,,,,,,,,,,,,,,1095,1025,1000,975,975,1000,977.5,1065,1100,1140,1110,1000
"Grapevine","TX","Dallas-Fort Worth-Arlington","Tarrant County",901,,,,,,,,,,,,,,,,,,,,,,,,,,,1800,1800,1595,1700,1595,1537.5,1337.5,1550,1797.5,1750,1450,1600,1597.5,1575,1425,1675,1700,1597.5,1685,1725,1847.5,1825,1795,1750,1792.5,1750,1725,1750,1800,1850,1997.5,1985,2075,2000,1950,2000,1995,2100,2150,2200,2100,2000,1950,1925,1937.5,1800,1800,1847.5,2095,2000,2150,2100,1950,2000,1812.5,2100,2062.5,1995,1975,1997.5,1950,1925,2000,2197.5,2200,2200,2025,1900,1925,2150,2200,2200,2175,2200,2200,2300,2295,2125,2295,2295,2250,2212.5,2325
"Fallbrook","CA","San Diego-Carlsbad","San Diego County",902,,,,,,,,,,,,,,,,,,,,,,,,,,,,,,,,,,,,,,,,,,,,,,,,,,,,,,,,,,,,,,,,,,,,,,,,,,,,,,,,,,,,,2150,2450,2300,2495,2650,2400,2400,2300,2300,2250,2300,2367.5,2400,2650,2699.5,2649.5,2600,2600,2795,2600,2525,2475,2450,2300,2500
"Edina","MN","Minneapolis-St. Paul-Bloomington","Hennepin County",903,,,,,,,,,,,,,,,,,,,,,,,,,,,,,,,,,,,,,,,,,,,,,,,,,,,,,,,,,,,,,,,,,,,,,,,,,,,,,,,,,,,,,1997.5,1900,1900,2050,2197.5,2200,2500,2400,2397.5,1995,1995,2345,2395,2300,2300,2295,2550,2500,2297.5,2400,2475,2462.5,2397.5,2425,2297.5
"Coral Gables","FL","Miami-Fort Lauderdale-West Palm Beach","Miami-Dade County",904,,,,,,,,,,2450,2300,2425,2400,2300,2350,2500,2600,2500,2550,2500,2500,2500,2400,2350,2300,2397,2499,2500,2500,2450,2400,2462.5,2600,2500,2500,2500,2600,2650,2650,2574.5,2550,2590,2700,2600,2595,2500,2650,2500,2500,2500,2600,2600,2700,2650,2600,2650,2750,2900,2800,2772.5,2800,2750,2700,2950,2750,2950,2950,2750,2800,2800,2800,2800,2900,2800,2800,2850,2800,2900,2600,2800,2750,2650,2900,2750,2785,2900,3000,3100,2900,2900,2700,2700,2700,2600,2575,2600,2750,2900,3000,3000,2950,2900,2895,2900,2800,2750,2950,2800,2900
"Cathedral City","CA","Riverside-San Bernardino-Ontario","Riverside County",905,,,,,,,,,,,,,,2600,2600,2500,2300,2000,2000,1825,1725,1775,1697.5,1695,1622.5,1595,1595,1595,1695,1700,1695,1600,1572.5,1500,1550,1775,1650,1595,1675,1600,1597.5,1400,1650,1550,1650,1625,1600,1794,1800,1695,1662.5,1650,1700,1525,1512.5,1595,1500,1525,1595,1525,1625,1500,1600,1600,1600,1662.5,1675,1650,1650,1662.5,1750,1800,1900,1800,1700,1700,1600,1595,1500,1600,1537.5,1612.5,1799.5,1595,1600,1625,1600,1650,1572.5,1600,1600,1600,1700,1750,1750,1795,1795,1700,1795,1700,1800,1800,1850,1800,1900,1899,1950,1997.5,2150
"Waxahachie","TX","Dallas-Fort Worth-Arlington","Ellis County",906,,,,,,,,,,,,,,,,,,,,,,,,,,,,,,,,,,,,,,,,,,,,,,,,,,,,,,,,,,,,,,,,,,,,,,,,,,,,,,,,,,,,,1372.5,1350,1400,1425,1437.5,1512.5,1447.5,1570,1550,1445,1472.5,1425,1500,1550,1522.5,1500,1595,1650,1650,1650,1650,1595,1637.5,1650,1645
"Palm Springs","CA","Riverside-San Bernardino-Ontario","Riverside County",907,,,,,,,,,,,,,,,,,,,,,,,,,,,,,,,,,,,,,,,,,,,,,,,,,,,,,,,,,2250,2300,2300,2362.5,2300,2300,2400,2200,2200,2200,2200,2200,2300,2200,2250,2275,2350,2372.5,2299.5,2300,2100,2025,1900,1875,2050,2200,2200,1850,2000,1950,1950,2200,2200,2250,2000,2125,2250,2300,2400,2400,2500,2400,2400,2400,2395,2400,2395,2400,2497.5,2500,2700,2675,2700
"Dublin","OH","Columbus","Franklin County",908,,,,,,,,,,,,,,,,,,,,,,,,,,,,,,,,,,,,,,,,,,,,,,,,,,,,,,,,,,,,,,,,,,,,,,,,,,,,,,,,,,,,,,,,,,,,,,,1997.5,1899,1900,2000,1997.5,2187.5,2250,2225,2267.5,2300,2025,1950,1997.5,1950,2100
"La Mirada","CA","Los Angeles-Long Beach-Anaheim","Los Angeles County",909,,,,,,,,,,,,,,,,,,,,,,,,,,,,,,,,,,,,,,,,,,,,,,,,,,,,,,,,,,,,,,,,,,,,,,,,,,,,,,,,,,,,,,2695,2600,2500,2500,2595,2673.5,2630,2595,2500,2695,2622.5,2622.5,2700,2725,2700,2700,2750,2800,2650,2695,2695,2672.5,2625,2595
"Aliso Viejo","CA","Los Angeles-Long Beach-Anaheim","Orange County",910,,,,2000,2000,2100,2100,2190,2062.5,2172.5,2162.5,2075,2200,2200,2200,2100,2200,2350,2200,2250,2300,2197.5,2195,2295,2274.5,2250,2300,2200,2250,2400,2400,2375,2300,2297.5,2300,2300,2272.5,2300,2250,2300,2300,2300,2325,2084,2395,2395,2395,2400,2495,2495,2495,2450,2495,2450,2500,2550,2595,2500,2500,2550,2495,2495,2500,2450,2550,2500,2600,2575,2500,2500,2495,2500,2650,2625,2600,2562.5,2597.5,2595,2400,2700,2625,2450,2650,2600,2650,2700,2650,2700,2650,2600,2600,2700,2700,2700,2650,2650,2700,2700,2700,2700,2700,2725,2795,2800,2772.5,2800,2750,2775,2750
"Cypress","CA","Los Angeles-Long Beach-Anaheim","Orange County",911,,,,,,,,,,,,,,,,,,,,,,,,,,,,,,,,,,,,,,,,,,,,,,,,,,,,,,,,,,,,,,,,,,,,,,,,,,,,,,,,,,,,,2500,2572.5,2600,2600,2700,2500,2675,2700,2695,2700,2675,2675,2752.5,2700,2700,2750,2700,2700,2750,2725,2725,2700,2600,2450,2682.5
"Revere","MA","Boston-Cambridge-Newton","Suffolk County",912,,,,,,,,,,,,,,,,,,,,,,,,,,,,,,,,,,,,,,,,,,,,,,,,,,,,,,,,,,,,,,,,,,,,,,,,,,,,,,,,,,,,,,1875,1800,1912.5,1850,1900,1900,1950,1800,1850,1950,1800,1900,2150,2075,2075,1925,1900,1950,2000,2000,2000,2025,1925,1875
"Milford","CT","New Haven-Milford","New Haven County",913,,,,,,,,,,,,,1650,1600,1600,1800,1850,1700,1800,1800,1800,1800,1750,1750,1725,1650,1625,1700,1600,1600,1600,1600,1600,1600,1600,1650,1600,1600,1600,1650,1700,1775,1800,1700,1800,1800,1800,1800,1800,1800,1850,1800,1825,1875,1800,1800,1795,1750,1800,1750,1750,1800,1800,1900,1900,1850,1900,1900,1800,1800,1800,1800,1775,1772.5,1800,1800,1800,1800,1800,1800,1800,1750,1800,1800,1800,1735,1800,1850,1850,1800,1837.5,1812.5,1800,1800,1800,1800,1800,1800,1800,1850,1850,1887.5,1900,1850,1800,1762.5,1800,1850,1825
"Cerritos","CA","Los Angeles-Long Beach-Anaheim","Los Angeles County",914,,,,,,,,,,,,,,,,,,,,,,,,,,,,,,,,,,,,,,,,,,,,,,,,,,,,,,,,,,,,,,,,,,,,,,,,,,,,,,,2600,2600,2550,2700,2500,2580,2650,2575,2600,2675,2800,2900,2872.5,2800,2800,2795,2795,2800,2800,2800,2850,2875,2885,2950,2900,2900,2925,2900,2925,2850,2900
"Kannapolis","NC","Charlotte-Concord-Gastonia","Cabarrus County",915,,,,,,,,,,,,,,,,,,,,,,,,,,,,,,,,,,,,,,,,,,,,,,,,,,,,,,,,,,,,,,,,,,,,,,,,,,,,,,,,,,,,830,862.5,850,950,895,925,900,950,950,950,925,885,950,907.5,950,895,950,962.5,962.5,950,1037.5,1100,1087.5,1075,1100,1095
"Eastvale","CA","Riverside-San Bernardino-Ontario","Riverside County",916,,,,,,,,,,,,,,2397.5,2372.5,2350,2395,2400,2450,2390,2375,2387.5,2400,2400,2400,2400,2400,2400,2350,2397,2400,2395,2380,2375,2400,2395,2400,2400,2350,2350,2300,2350,2392.5,2380,2377.5,2395,2350,2300,2350,2380,2360,2380,2399,2400,2400,2400,2400,2400,2397.5,2400,2400,2400,2465,2450,2500,2500,2495,2500,2499,2495,2500,2500,2500,2450,2495,2500,2500,2500,2500,2500,2480,2500,2500,2570,2500,2550,2645,2650,2650,2600,2600,2600,2600,2600,2550,2550,2565,2600,2650,2650,2700,2690,2680,2700,2700,2700,2700,2700,2700
"San Jacinto","CA","Riverside-San Bernardino-Ontario","Riverside County",917,,,,,,,,,,,,,,,,,,,,,,,,,,,,,,,,,,,,,,,,,,,,,,,,,,,,,,,,,,,,,,,,,,,,,,,,,,,,,,,,,,,,,,1485,1397.5,1450,1500,1450,1450,1450,1412.5,1425,1400,1450,1450,1450,1525,1495,1425,1522.5,1572.5,1500,1500,1500,1500,1500,1647.5
"Pinellas Park","FL","Tampa-St. Petersburg-Clearwater","Pinellas County",918,,,,,,,,,,,,,,900,900,900,900,887.5,900,875,950,912.5,925,1012.5,950,950,900,900,900,970,1010,1012.5,1000,1050,1037.5,925,900,900,997.5,1000,1095,1000,1050,1175,1150,1097.5,1095,1085,1075,1125,1150,1150,1050,1177,1125,1200,1195,1200,1200,1200,1185.5,1239.5,1200,1238.5,1200,1227,1225,1283,1200,1250,1272,1280.5,1250,1227,1295,1237.5,1192,1350,1275,1275,1300,1200,1297,1279.5,1250,1272,1297.5,1295,1300,1313,1331.5,1300,1362.5,1395,1375,1350,1325,1295,1325,1395,1400,1420,1397.5,1395,1350,1350,1300,1387.5,1400
"Diamond Bar","CA","Los Angeles-Long Beach-Anaheim","Los Angeles County",919,,,,,,,,,,,,,1950,1775,1850,1797.5,2000,2000,1900,1950,1962.5,1800,1750,1950,1982.5,1950,1950,1987,2000,2025,2000,1950,2000,2097.5,2100,2170,2100,2050,2050,2000,2000,2000,2100,2065,2025,2000,2100,2125,2100,2090,2100,2150,2150,2100,2000,2080,2100,2100,2150,2100,2172.5,2200,2172.5,2195,2192.5,2300,2300,2275,2400,2500,2450,2472.5,2450,2395,2250,2200,2225,2300,2275,2325,2300,2200,2172.5,2200,2250,2375,2400,2400,2494,2500,2450,2387.5,2325,2485,2485,2500,2465,2500,2500,2500,2400,2550,2600,2500,2350,2490,2450,2450,2480
"Cedar Hill","TX","Dallas-Fort Worth-Arlington","Dallas County",920,,,,,,,,,,,,,,1200,1237.5,1200,1250,1310,1300,1250,1237.5,1250,1295,1295,1295,1225,1225,1195,1250,1300,1295,1250,1200,1199,1199.5,1250,1301.5,1295,1295,1295,1295,1295,1295,1295,1295,1295,1295,1250,1250,1250,1250,1250,1285,1295,1300,1297.5,1325,1295,1295,1295,1295,1285,1275,1300,1395,1350,1350,1300,1297.5,1300,1297.5,1300,1325,1372.5,1400,1350,1397.5,1395,1350,1395,1472.5,1395,1395,1372.5,1395,1450,1495,1495,1495,1500,1485,1450,1500,1495,1495,1507.5,1525,1570,1595,1550,1562.5,1595,1622.5,1595,1550,1595,1549,1532.5,1515
"Highland","CA","Riverside-San Bernardino-Ontario","San Bernardino County",921,,,,,,,,,,,,,,,,,,,,,,,,,,,,,,,,,,,,,,,,,,,,,,,,,,,,,,,,,,,,,,,,,,,,,,,,,,,,,,,,,,,,,1750,1895,1818,1800,1809,1875,1937.5,1872,1897.5,1800,1797.5,1800,1895,1850,1799.5,1800,1972.5,2018,2162.5,1995,1875,1947.5,2095,2275,2252.5
"Burlington","NC","Burlington","Alamance County",922,,,,,,,,,,,,,,,,,,,,,,,,,,,,,,,,,,,,,,,,,,,,,,,,,,,,,,,,,,,,,,,,,,,,,,,,,,,,,,,,,,,,,800,825,812.5,850,750,750,800,750,750,799.5,800,825,797.5,825,850,850,875,837.5,947.5,945,900,900,937.5,1012.5,875
"Hoffman Estates","IL","Chicago-Naperville-Elgin","Cook County",923,,,,,,,,,,,,,,,,,,,1662.5,1695,1695,1695,1725,1650,1565,1725,1750,1685,1650,1650,1650,1750,1587.5,1500,1400,1397.5,1500,1575,1587.5,1650,1600,1650,1600,1600,1600,1650,1690,1645,1692.5,1712.5,1700,1700,1795,1850,1850,1899,1800,1737.5,1712.5,1750,1750,1754.5,1799,1750,1800,1850,1800,1825,1800,1800,1792.5,1799.5,1800,1800,1842.5,1800,1900,1775,1900,1800,1600,1750,1750,1692,1700,1700,1650,1750,1800,1800,1750,1850,1700,1700,1700,1737.5,1774.5,1850,1845,1850,1872.5,1937.5,1900,1900,1860,1800,1725,1795,1900
"Martinez","CA","San Francisco-Oakland-Hayward","Contra Costa County",924,,,,,,,,,,,,,,,,,,,,,,,,,,,,,1850,1975,1900,2000,1950,2000,2000,2000,1895,1850,1850,2100,2200,2100,1995,1962.5,2172.5,1950,1950,2150,1975,2125,2150,2172.5,1950,2150,1900,1900,2075,1900,1975,1950,1995,1962.5,2100,2225,2172.5,2195,2200,2150,2037.5,2225,2150,1962.5,1975,2195,1995,2325,2150,2150,2250,2295,2420,2360,2150,2150,2400,2400,2400,2550,2700,2700,2500,2495,2500,2400,2450,2450,2300,2495,2425,2495,2495,2350,2625,2700,2597.5,2600,2595,2700,2575
"Kaneohe","HI","Urban Honolulu","Honolulu County",925,,,,,,,,,,,,,,,,,,,,,,,,,,,,,,,,,,,,,,,,,,,,,,,,,,,,,,,,,2500,2400,2400,2499.5,2700,2400,2400,2450,2600,2600,2500,2500,2500,2500,2650,2765,2600,2600,2750,2850,2850,2875,2700,2575,2500,2600,2550,2500,2600,2700,2700,2675,2600,2600,2600,2600,2500,2500,2500,2500,2425,2425,2500,2500,2587.5,2697.5,2600,2490,2450,2400,2500,2350,2472.5
"Dublin","CA","San Francisco-Oakland-Hayward","Alameda County",926,,,,,,,,,,,,,,,,,,,,,,,,,,,2350,2200,2447.5,2600,2275,2500,2400,2355,2240,2240,2400,2500,2265,2300,2400,2700,2547.5,2500,2785,2700,2700,2500,2500,2537.5,2600,2600,2895,2750,2757,2850,2897.5,2760,3000,3075,2972.5,2847.5,2900,2847.5,2895,3200,3100,3100,3000,2800,2925,3100,3200,3200,2995,3147.5,3050,2997.5,3200,3272.5,3199.5,3047.5,2985,3100,3200,3050,3099,3100,3200,3325,3200,3272.5,3200,3200,3200,3300,3300,3272.5,3400,3350,3400,3350,3300,3297.5,3300,3300,3150,3292.5,3395
"Galveston","TX","Houston-The Woodlands-Sugar Land","Galveston County",927,,,,,,,,,,,,,,,,,,,,,,,,,,,,,,,,,,,,,,,,,,,,,,,,,,,,,,,1200,1250,1172.5,1275,1395,1325,1300,1250,1200,1325,1400,1350,1275,1250,1325,1312.5,1262.5,1400,1400,1312.5,1375,1400,1475,1399,1500,1395,1375,1337.5,1440,1375,1350,1291.5,1300,1400,1400,1422,1400,1400,1444,1500,1274,1300,1350,1400,1359,1350,1400,1480,1436.5,1462.5,1500,1455.5,1400,1449,1450
"Bedford","TX","Dallas-Fort Worth-Arlington","Tarrant County",928,,,,,,,,,,,,,,,,,,,,,,,,,,,,,,,,,,,,,,,,,,,,,,,,,,,,,,,,,,,,,,,,,,,,,,,,,,,,,,,,,,,,,1600,1600,1625,1725,1700,1700,1695,1672.5,1650,1695,1697.5,1695,1695,1695,1737.5,1725,1725,1762.5,1795,1700,1700,1699,1650,1700,1695
"Claremore","OK","Tulsa","Rogers County",929,,,,,,,,,,,,,,,,,,,,,,,,,,,,,,,,,,,,,,,,,,,,,,,,,,,,,,,,,,,,,,,,,,,,,,,,,,,,,,,,,,,,,895,895,900,925,977.5,1075,980,975,995,925,1000,1050,1050,1000,1000,987.5,900,905,950,975,950,900,850,872.5,895
"Lawrence","IN","Indianapolis-Carmel-Anderson","Marion County",930,,,,,,,,,,,,,,,,,,,,,850,875,950,962.5,950,1050,950,1050,1072.5,1000,900,1050,995,1000,1050,1000,950,975,1050,1100,1050,1000,1100,1100,1112.5,1100,1100,1097.5,1095,1095,1075,1085,1100,1100,1175,1147.5,1100,1125,1100,1112.5,1095,1100,1100,1149.5,1125,1100,1112.5,1125,1112.5,1100,1095,1095,1050,1095,1125,1165,1100,1125,1195,1150,1165,1112.5,1125,1195,1175,1225,1199.5,1205,1217.5,1195,1225,1175,1175,1200,1175,1100,1125,1155,1195,1195,1225,1250,1250,1249.5,1250,1200,1177.5,1145,1100
"Crestview","FL","Crestview-Fort Walton Beach-Destin","Okaloosa County",931,,875,850,850,862.5,850,850,875,895,895,850,825,850,850,850,895,900,900,950,927,937,900,950,925,900,895,895,925,950,995,995,950,1000,960,950,1000,1000,1000,1000,1000,1100,1197.5,1175,1125,1050,1100,1072.5,1100,1100,997.5,995,995,1050,1050,1149.5,1050,1100,1145,1150,1100,1100,1050,1000,1100,1100,1097.5,1095,1095,1112.5,1150,1195,1150,1100,1112.5,1145,1150,1150,1150,1200,1200,1150,1100,1175,1095,1145,1100,1150,1150,1200,1200,1200,1200,1195,1172.5,1145,1162.5,1100,1100,1100,1100,1247.5,1200,1195,1200,1195,1195,1100,1175,1222.5
"Harrisburg","PA","Harrisburg-Carlisle","Dauphin County",932,,,,,,,,,,,,,,,,,,,,,,,,,750,735,750,750,775,750,750,775,775,750,750,750,750,750,775,750,750,750,760,775,795,812.5,800,785,800,795,800,795,795,795,797.5,850,845,847.5,800,812.5,845,800,825,825,800,785,795,800,825,837.5,795,795,800,825,850,850,835,825,850,800,850,825,847.5,835,842.5,850,850,850,875,875,912.5,945,925,895,895,875,872.5,850,855,900,900,915,900,945,950,950,937.5,900,880
"Mount Juliet","TN","Nashville-Davidson--Murfreesboro--Franklin","Wilson County",933,,,,,,,,,,,,,,,,,,,,,,1600,1597.5,1595,1572.5,1495,1500,1580,1580,1495,1495,1600,1500,1500,1525,1525,1495,1450,1475,1580,1472.5,1565,1450,1450,1580,1500,1595,1577.5,1600,1550,1550,1597.5,1695,1690,1595,1525,1625,1650,1600,1600,1595,1625,1600,1625,1650,1672.5,1750,1737.5,1695,1675,1697.5,1695,1712.5,1750,1739.5,1675,1687,1650,1750,1650,1695,1750,1737,1649,1650,1695,1695,1695,1699,1775,1785,1795,1795,1790,1730,1687.5,1692.5,1740,1750,1727.5,1795,1795,1795,1750,1725,1755,1750,1800,1795
"Draper","UT","Salt Lake City","Salt Lake County",934,,,,,,,,,,,,,,,,,,,,,,,,,,,,,,,,,,,,,,,,,,,,,,,,,,,,,,,,,,,,,,,,,,,,,,,,,,,,,,,,,,,,,,,,1805,1787.5,1695,1895,1850,1795,1695,1695,1822.5,2000,1850,1695,1850,1913,1913,1895,1788,1792.5,1772.5,1750,1800,1900
"Longview","WA","Longview","Cowlitz County",935,,,,,,,,,,,,,,,,,,,,,,,,,,,,,,,,,,,,,,,,,,,,,,,,,,,,,,,,,,,,,,,,,,,,,,,,,,,,,,,,,,,,,,,,,,,,,,,1245,1297.5,1295,1295,1295,1250,1150,1125,1172.5,1300,1372.5,1300,1297.5,1450,1400
"Fort Washington","MD","Washington-Arlington-Alexandria","Prince Georges County",936,,,,,,,,,,,,,,,,,,,,,,,,,,,,,,,,,,,,,,,,,,,,,,,,,,,,,,,,,,,,,,,,,,,,,,,,,,,,,,,,,,,2100,2000,1995,1950,2000,2000,2000,1900,2000,2000,2000,2000,1985,1950,1995,2025,1900,1925,2050,2200,2275,2200,2175,2150,2100,1990,1990
"Littleton","CO","Denver-Aurora-Lakewood","Arapahoe County",937,,,,,,,,,,,,,,,,,,,,,,,,,,,,,,,,,,,,,,,,,,,,,,,,,,,,,,,,,,,,,,,,,,,,,,,,,,,,,,,,,,1800,1895,1700,1800,1800,2000,1937.5,1937.5,1872.5,1900,1875,1895,1912.5,1900,1800,1950,1795,1975,2100,1900,1837.5,1950,1950,1900,1800,1849.5,1895,2100
"Freehold","NJ","New York-Newark-Jersey City","Monmouth County",938,,,,,,,,,,,,,,,,,,,,,,,,,,,,,,,,,,,,,,,,,,,,,,,,,,,,,,,,,,,,,,,,,,,,,,,,,,,,,,,,,,,1900,1850,1700,1900,1850,1850,1875,1900,1850,1900,1800,1950,1950,1990,1950,1900,1850,1850,1900,1850,1772.5,1900,1900,1950,1925,1950,2000
"San Tan Valley","AZ","Phoenix-Mesa-Scottsdale","Pinal County",939,,,,,,,,,925,900,900,900,937.5,925,950,950,982.5,950,899.5,895,895,895,895,895,895,899.5,920,925.5,925,950,950,950,905,900,900,899,900,925,925,950,950,950,925,900,900,895,895,895,895,895,895,895,900,935,950,950,950,950,950,950,950,950,950,995,995,995,999,997,995,1000,1012.5,1000,1000,1050,1050,1050,1095,1095,1050,1095,1052,1072.5,1075,1075,1100,1095,1175,1200,1195,1232.5,1200,1225,1245,1195,1200,1220,1210,1200,1250,1295,1275,1295,1299,1300,1295,1295,1295,1300,1300
"Rowlett","TX","Dallas-Fort Worth-Arlington","Dallas County",940,,,,,,,,,,,,,,,,,,,1350,1295,1297.5,1295,1295,1299.5,1350,1350,1485,1397.5,1395,1350,1300,1380,1350,1400,1372.5,1397.5,1400,1449,1395,1405,1450,1450,1425,1425,1375,1400,1395,1395,1395,1395,1395,1412.5,1495,1400,1500,1495,1450,1450,1495,1485,1450,1450,1500,1550,1550,1550,1550,1499.5,1575,1500,1550,1547.5,1500,1495,1465,1500,1600,1567,1695,1610,1600,1575,1600,1595,1650,1650,1685,1650,1600,1695,1720,1725,1695,1690,1667.5,1690,1650,1700,1690,1750,1720,1695,1695,1740,1707.5,1724,1724,1750,1740
"Middletown","CT","Hartford-West Hartford-East Hartford","Middlesex County",941,,,,,,,,,,,,,,,,,,,1500,1396,1300,1200,1200,1200,1200,1200,1235,1050,1200,1300,1350,1297.5,1300,1300,1300,1287.5,1300,1350,1337.5,1325,1350,1300,1295,1200,1250,1450,1375,1350,1400,1397.5,1395,1350,1350,1315,1450,1450,1350,1335,1295,1350,1400,1300,1400,1400,1400,1450,1450,1450,1400,1350,1375,1400,1395,1300,1350,1300,1400,1400,1425,1500,1475,1400,1400,1375,1400,1400,1350,1400,1400,1300,1300,1500,1450,1350,1350,1395,1350,1350,1350,1350,1400,1450,1375,1400,1400,1350,1400,1400,1300
"Hammond","LA","Hammond","Tangipahoa Parish",942,,,,,,,,,,,,,,,,,,,,,,,,,,,,,,,,,,,,,,,,,,,,,,,,,,,,,,,,,,,,,,,,,,,,,,,,,,,,,,,,,,,,,,,,,,,,1100,1000,1075,1025,1100,1062.5,1155,1050,1075,1050,1190,1195,1050,1085,1100,1100,1125,1100
"Joplin","MO","Joplin","Jasper County",943,,,,,,,,,,,,,,,,,,,,,,,,,,,,,,,,,,,,,,,,,,,,,,,,,,,,,,,,,,,,,,,,,,,,,,,,,,,,,,,,,,,,,,,,,,,,,,,,,782.5,685,697.5,700,725,725,725,750,775,825,710,750,762.5
"Saint Louis Park","MN","Minneapolis-St. Paul-Bloomington","Hennepin County",944,,,,,,,,,,,,,,,,,,,,,,,,,,,,,,,,,,,,1430,1395,1395,1425,1397,1250,1290,1395,1372.5,1492.5,1412.5,1400,1400,1400,1400,1372.5,1395,1362.5,1395,1505,1450,1495,1495,1450,1500,1525,1600,1495,1462.5,1545,1495,1597.5,1512.5,1490,1395,1497.5,1495,1495,1499,1600,1512.5,1575,1537.5,1600,1795,1572.5,1500,1599.5,1399.5,1425,1475,1648,1662.5,1650,1647.5,1695,1700,1597,1565,1550,1595,1647.5,1625,1700,1672.5,1615,1695,1795,1750,1700,1685,1700,1700,1795
"Collierville","TN","Memphis","Shelby County",945,,,,,,,,,,,,,,,,,,,,,,,,,,,,,,,,,,,,,,,,,,,,,,,,,,,,,,,,,,,,,,,,,,,,,,,,,,,,,,,,,,,,,,,,,,,1825,1850,1825,1800,1694,1600,1600,1700,1795,1750,1845,1895,1750,1892.5,1897.5,1875,1800,1750,1825
"Roseville","MI","Detroit-Warren-Dearborn","Macomb County",946,,,,,,,,,,,,,,,,,,,,,825,800,800,850,825,800,800,800,850,850,875,875,875,850,875,850,850,875,890,875,850,850,875,875,895,895,895,900,900,895,895,900,900,875,875,875,875,875,875,887.5,900,900,900,900,900,900,900,875,900,900,900,900,900,900,950,950,947.5,950,912,950,900,912.5,935,925,900,935,900,950,950,975,975,950,950,950,1000,955,950,950,975,950,950,975,967.5,975,1000,1000,1000,975,995
"Spanaway","WA","Seattle-Tacoma-Bellevue","Pierce County",947,,,,,,,,,,,,,,,,,,1400,1350,1395,1395,1350,1350,1350,1325,1350,1395,1400,1400,1395,1395,1395,1350,1350,1362.5,1395,1395,1350,1398,1450,1450,1425,1395,1400,1450,1475,1450,1450,1450,1450,1412.5,1400,1475,1435,1495,1450,1475,1465,1445,1447.5,1400,1400,1400,1487,1486.5,1450,1457,1514,1450,1450,1550,1505,1513,1550,1575,1525,1495,1525,1550,1550,1550,1575,1495,1450,1495,1585,1650,1600,1650,1650,1650,1695,1695,1697.5,1772.5,1790,1750,1750,1725,1695,1797.5,1797.5,1800,1775,1795,1799,1847.5,1850,1795
"Minnetonka","MN","Minneapolis-St. Paul-Bloomington","Hennepin County",948,,,,,,,,,,,,,,,,,,,,,,,,,,,,,,,,,,,,,,,,,,,,,,,,,,,,,,,,,,,,,,,,,,,,,,,,,,,,,,,,,,,,,,,,,,1795,1697.5,1795,1797.5,1790,1795,1924.5,1750,1722.5,1897.5,1785,1750,1750,1947.5,1785,1795,1850,1795,2020,1962.5
"Burien","WA","Seattle-Tacoma-Bellevue","King County",949,,,,,,,,,,,,,,,,,,,,,,,,,,,,,,,,,,,,,,,,,,,,,,,,,,,,,,,,,,,,,,,,,,,,,,,,,,,,,,,,,,,,,,,,,,,1997.5,1995,1950,1800,1995,1975,1915,1972.5,1997.5,2100,2172.5,2128.5,2000,2250,2125,2100,2195,2250,2201
"Redford","MI","Detroit-Warren-Dearborn","Wayne County",950,,,,,,,,,,,,,,900,900,900,950,925,925,925,950,900,900,900,900,925,925,950,925,950,950,950,950,950,950,925,925,900,925,900,950,950,950,925,950,950,950,950,950,925,925,925,950,950,950,950,950,910,925,930,925,925,925,950,975,975,950,950,950,950,950,950,950,975,950,974.5,950,998.5,995,965,995,995,995,975,995,995,995,1000,995,1000,1000,1000,1000,995,997,1000,1000,1000,1000,1000,1000,1000,1050,1000,1050,1025,1037.5,1050,1048
"Zephyrhills","FL","Tampa-St. Petersburg-Clearwater","Pasco County",951,,,,,,,,,,,,,,,,,,,,,,,,,,,,,,,,,,,,,,,,,,,,,,,,,,,,,,,,,,,,,,,,,,,,,,,,,,,,,,,,,,,,,1101,1100,1200,1150,1175,1162.5,1150,1200,1115.5,1115.5,1200,1200,1200,1200,1185,1200,1250,1200,1300,1250,1200,1200,1250,1250,1200
"Dunwoody","GA","Atlanta-Sandy Springs-Roswell","Dekalb County",952,,,,,,,,,,,,,,,,,,,,,,,,,,,,,,,,,,,,,,,,,,,,,,,,,,,,,,,,,,,,,,,,,,,,,,,,,,,,,,,,,1975,2150,1975,2100,2000,2000,2100,2270,2400,2500,2400,2495,2195,2147,2100,2200,2200,2300,2250,2250,2250,2400,2400,2400,2450,2425,2495,2422.5,2400
"West Orange","NJ","New York-Newark-Jersey City","Essex County",953,,,,,,,,,,,,,,,,,,,,,,,,,,,,,,,,,,,,,,,,,,,,,,,,,,,,,,,,,,,,,,,,,,,,,,,,,,,,,,,,,,,,,2700,2700,2750,2600,2600,2800,2900,2800,2800,2800,2700,2700,2700,2600,2600,2725,2800,2750,2750,2900,3050,3050,3100,3000,2900
"Hinesville","GA","Hinesville","Liberty County",954,,,,,,,,,,,,,,,,,,,,,,,,,,,,,,,,,,,,975,975,937.5,950,950,975,1000,1037.5,950,950,950,950,950,975,990,1000,1000,1000,1000,995,990,975,975,975,975,950,950,975,957.5,965,975,975,985,975,975,975,975,975,972.5,950,950,950,950,950,950,950,950,975,950,950,975,975,975,975,975,950,950,950,950,950,950,950,975,995,995,1000,975,955,950,975,950,950,975,975
"Campbell","CA","San Jose-Sunnyvale-Santa Clara","Santa Clara County",955,,,,,,,,,,,,,,,,,,,,,,,,,,,,,,,,,,,,,,,,,,,,,,,,,,,,,,,,,,,,,,,,,2997.5,3175,3197.5,3497.5,3850,3300,3395,3395,3200,3425,3200,3475,3395,3500,3595,3350,2895,3300,3000,2950,2595,2947.5,2900,2895,3275,3395,3300,3375,3400,3300,3200,3325,3325,3200,3295,3175,3500,3800,3600,3597.5,3450,3400,3450,3150,3450
"Pocatello","ID","Pocatello","Bannock County",956,,,,,,,,,,,,,,,,,,,,,,,,,,,,,,,,,,,,,,,,,,,,,,,,,,,,,,,,,,,,,,,,,,,,,,,,,,,,,,697.5,797.5,800,750,677.5,762.5,795,750,750,750,750,785,770,800,837.5,799,750,750,725,725,725,750,825,850,875,850,850,885,920,850,850,875
"Dekalb","IL","Chicago-Naperville-Elgin","DeKalb County",957,,,,,,,,,,,,,,,,,,,,,,,,,,,,,,,,,,,,,,,,,,,,,,,,,,,,,,,,,,,,,,,,,,,,,,,,,,,,,,,,,,,,,1200,1200,1200,1200,1180,1200,1200,1200,1162.5,1195,1150,1100,1200,1200,1209.5,1125,1200,1125,1150,1200,1200,1200,1182.5,1175,1125
"Gallatin","TN","Nashville-Davidson--Murfreesboro--Franklin","Sumner County",958,,,,,,,,,,,,,,,,,,,,,,,,,,,,,,,,,,,,,,,,,,,,,,,,,,,,,,,,,,,,,,,,,,,,,,,,,,,,,,,,,,,,,1550,1622.5,1595,1500,1569,1650,1500,1550,1572.5,1495,1450,1400,1447.5,1587.5,1597.5,1597.5,1650,1650,1600,1550,1525,1495,1595,1500,1495
"Bonney Lake","WA","Seattle-Tacoma-Bellevue","Pierce County",959,,,,,,,,,,,,,,,,,,,,,,,,,,,,,,,,,,,,,,,,,,,,,,,,,,,,,,,,,,,,,,,,,,,,,,,,,,,,,,,,,,,,,,,,,,1850,1975,1913,1995,1961.5,1950,1960,1916,1900,2190,2150,2097.5,2147.5,2045,2050,1987.5,1927.5,1960,1899,1875
"Mandeville","LA","New Orleans-Metairie","Saint Tammany Parish",960,,,,,,,,,,,,,,,,,,,,,,,,,,,,,,,,,,,,,,,,,,,,,,,,,,,,,,,,,,,,,,,,,,,,,,,,,,,,,,,,,,,1450,1650,1450,1450,1400,1400,1500,1626.5,1550,1500,1500,1500,1500,1500,1400,1400,1400,1400,1500,1450,1400,1450,1500,1500,1450,1500,1500
"Lakewood","OH","Cleveland-Elyria","Cuyahoga County",961,,,,,,,,,,,,,,,,,,,,,,,,,,,,,,,,,,,,,,,,,,,,,,,,,,,,,,,,,,,,,,,,,,,,,,,,,,,,,,,,,,,,,,,,,,,,1037.5,1062.5,1200,1250,1250,1250,1225,1150,1100,1200,1075,1112.5,990,1125,1200,1200,1187.5,1200
"East Brunswick","NJ","New York-Newark-Jersey City","Middlesex County",962,,,,,,,,,,,,,,,,,,,,,,,,,,,,,,,,,,,,,,,,,,,,,,,,,,,,,,,,,,,,,,,,,,,,,,,,,,,,,,,,,,,,1800,1900,1950,1750,1825,1800,2025,1950,1850,1800,1825,1895,1925,1900,1850,1900,1850,1800,1800,1987.5,1925,1850,1900,1875,1887.5,1875
"Rocky Mount","NC","Rocky Mount","Nash County",963,,,,,,,,,,,,,,,,,,,,,,,,,,,,,,,,,,,,,,,,,,,,,,,,,,,,,,,,,,,,,,,,,,,,,,,,,,,,,,,,,,,,,695,650,700,650,642.5,650,750,685,695,650,600,600,585,600,575,600,625,625,650,650,650,687.5,712.5,750,725
"Brea","CA","Los Angeles-Long Beach-Anaheim","Orange County",964,,,,,,,,,,,,,,,,,,,,,,,,,,,,,,,,,,,,,,,,,,,,,,2600,2500,2500,2487.5,2500,2500,2462.5,2500,2600,2600,2600,2600,2600,2500,2600,2600,2500,2500,2650,2550,2700,2550,2525,2500,2525,2500,2500,2595,2500,2500,2525,2600,2675,2625,2600,2600,2500,2700,2700,2600,2900,2725,2650,2700,2725,2880,2950,2900,2800,2750,2800,2795,2850,2800,2745,2975,2925,2900,2900,2900,3000,2950,2950,3000
"Wylie","TX","Dallas-Fort Worth-Arlington","Collin County",965,,,,,,,,,,,,,,,,,,1400,1495,1437.5,1395,1400,1399,1350,1300,1450,1362.5,1300,1450,1500,1450,1450,1395,1375,1350,1397.5,1425,1495,1495,1450,1399.5,1450,1425,1400,1450,1495,1462.5,1400,1450,1495,1495,1500,1495,1500,1500,1500,1475,1500,1562.5,1550,1485,1450,1499,1550,1550,1500,1500,1562.5,1597.5,1550,1500,1550,1550,1550,1500,1550,1500,1597.5,1597.5,1595,1649,1550,1595,1596.5,1639,1682.5,1700,1695,1672.5,1695,1712.5,1700,1700,1699.5,1699.5,1650,1625,1680,1700,1700,1695,1695,1695,1700,1685,1650,1700,1700,1750
"Bloomfield Hills","MI","Detroit-Warren-Dearborn","Oakland County",966,,,,,,,,,,,,,,,,,,,,,,,,,,,,,,,,,,,,,,,,,,,,,,,,,,,,,,,,2000,2000,2000,1999,2000,1900,2000,2000,1900,2000,2200,2200,2200,2000,2050,2000,2000,2100,1900,2000,1900,1900,2000,1800,2100,2000,2000,2200,2000,2350,2275,2095,2095,2350,2250,2100,2200,2250,2100,2200,2250,2250,2000,2000,2000,2150,2000,2000,2000,2200,2167.5,2000,2200,2200
"Port Richey","FL","Tampa-St. Petersburg-Clearwater","Pasco County",967,,,,,,,,,,,,,762.5,762.5,750,700,700,725,750,750,750,747.5,725,725,725,730,750,750,750,750,750,750,750,750,750,750,750,755,795,795,785,800,800,800,800,800,800,800,800,800,800,825,825,850,875,825,825,811.5,850,825,850,800,850,850,850,825,850,850,850,850,890,890,875,895,900,890,900,900,875,900,900,900,900,900,927.5,972,1000,1000,995,995,950,950,952.5,975,970,975,995,1000,1100,1075,1050,1050,1000,1050,1050,1000,1050,1050,1075
"Granbury","TX","Dallas-Fort Worth-Arlington","Hood County",968,,,,,,,,,,,,,,,,,,1250,1150,1125,1100,1100,1100,1100,1150,1100,1200,1150,1200,1250,1200,1200,1150,1150,1000,1012.5,1100,987.5,1150,1175,1350,1300,1300,1200,1200,1200,1200,1100,1172.5,1200,1200,1200,1200,1200,1225,1200,1200,1300,1300,1300,1300,1287.5,1312.5,1350,1300,1275,1200,1200,1200,1225,1300,1325,1300,1350,1400,1300,1325,1400,1275,1350,1250,1200,1250,1197.5,1350,1400,1372.5,1400,1400,1400,1350,1300,1400,1350,1312.5,1350,1350,1397.5,1397.5,1400,1337.5,1385,1450,1397.5,1350,1350,1400,1367.5,1397.5
"Kapolei","HI","Urban Honolulu","Honolulu County",969,,,,,,,,,,,,,,,,,,,,,,2325,2300,2300,2250,2150,2275,2375,2400,2300,2350,2300,2400,2450,2375,2500,2500,2800,2600,2625,2600,2600,2600,2600,2430,2500,2500,2500,2523.5,2400,2325,2400,2537.5,2600,2600,2500,2547.5,2700,2700,2675,2725,2625,2600,2600,2650,2895,2900,2800,2850,2825,2772.5,2750,2625,2675,2800,2800,2750,2750,2800,2675,2900,2650,2600,2700,2737.5,2625,2700,2800,2800,2800,2700,2700,2600,2500,2650,2695,2650,2800,2800,2800,2800,2800,2700,2600,2762.5,2800,2800,2800,2765
"Issaquah","WA","Seattle-Tacoma-Bellevue","King County",970,,,,,,,,,,,,,,,,,,,,,,,,,,,,,,,,,,,,,,,,,,,,,,,,,,,,,,,,,,,,,,,,,,,,,,,,,,,,,,,,,,,,,2400,2495,2600,2700,2750,2800,2800,2747,2680,2680,2495,2357.5,2450,2334.5,2600,2850,2750,2950,2800,2787.5,2600,2450,2400,2495,2450
"Evans","GA","Augusta-Richmond County","Columbia County",971,,,,,,,,,,,,,,,,,,,,,,,,,,,,,,,,1300,1350,1350,1250,1250,1350,1385,1325,1250,1250,1300,1312.5,1500,1450,1395,1300,1325,1350,1400,1350,1395,1395,1395,1460,1450,1475,1437.5,1412.5,1400,1437.5,1400,1412.5,1495,1495,1400,1425,1425,1400,1400,1425,1400,1395,1395,1397.5,1425,1400,1500,1450,1400,1475,1395,1447.5,1372.5,1325,1495,1495,1495,1500,1495,1450,1400,1400,1450,1395,1450,1400,1425,1450,1450,1450,1512.5,1495,1472.5,1500,1400,1450,1400,1400
"Evesham","NJ","Philadelphia-Camden-Wilmington","Burlington County",972,,,,,,,,,,,,,1495,1495,1500,1600,1575,1597.5,1650,1600,1600,1670,1600,1500,1572.5,1600,1450,1550,1550,1475,1412.5,1450,1500,1500,1500,1500,1500,1550,1562.5,1600,1612.5,1600,1650,1600,1600,1562.5,1587.5,1550,1562.5,1550,1500,1500,1600,1600,1672.5,1750,1650,1695,1650,1650,1650,1625,1585,1575,1650,1600,1600,1650,1650,1650,1650,1650,1500,1600,1600,1637.5,1600,1650,1650,1612.5,1550,1600,1600,1600,1625,1550,1600,1600,1600,1600,1680,1600,1750,1600,1550,1600,1650,1650,1650,1650,1700,1700,1712.5,1700,1700,1800,1787.5,1800,1775
"Southaven","MS","Memphis","DeSoto County",973,,,,,,,,,,,,,,,,,,,,,,,,,,,,,,,,,,,,,,,,,,,,,,,,,,,,,,,,1350,1295,1200,1162.5,1195,1250,1325,1375,1350,1250,1245,1212.5,1195,1175,1200,1245,1217.5,1100,1275,1275,1275,1247.5,1345,1229,1287,1295,1200,1295,1299,1299,1264.5,1245,1279,1295,1292.5,1355,1400,1347.5,1300,1387.5,1380,1295,1295,1295,1305,1295,1295,1439.5,1410,1385,1295,1295,1340,1315
"Katy","TX","Houston-The Woodlands-Sugar Land","Harris County",974,,,,,,,,,,,,,,,,,,,,,,,,,,,,,,,,,,,,,,,,,,,,,,,,,,1475,1475,1537.5,1699.5,1700,1750,1750,1800,1800,1775,1800,1800,1700,1900,1950,1900,1850,1700,1750,1900,1900,1870,1800,1850,1900,1949.5,1980,1795,1800,1690,1900,1697.5,1712.5,1695,1647,1675,1700,1800,1850,1850,1872.5,1850,1800,1900,1900,1825,1683,1697.5,1675,1700,1700,1755,1825,1825,1800,1787.5,1825,1825,1725,1737.5
"Fuquay Varina","NC","Raleigh","Wake County",975,,,,,,,,,,,,,,,,,,,,,,,,,,,,,,,,,,,,,,,,,,,,,,,,,,,,,,,,,,,,,,,,,,,,,,,,,,,,,,,,,,,,,1395,1497,1460,1477.5,1550,1550,1477.5,1487.5,1495,1480,1462.5,1450,1495,1462.5,1560,1495,1550,1550,1495,1490,1475,1450,1500,1475,1497.5
"Desert Hot Springs","CA","Riverside-San Bernardino-Ontario","Riverside County",976,,,,,,,,,,,,,,1150,1000,1095,1000,1025,995,1000,1100,1137.5,1037.5,1095,1100,1075,1000,999.5,1000,1000,1000,1000,1000,1000,1000,1000,1000,990,950,1000,1000,1044.5,1000,1050,1050,1075,1095,1075,1100,1099.5,1100,1100,1100,1175,1100,1085,1050,1095,1100,1100,1100,1150,1162.5,1200,1200,1250,1200,1175,1100,1150,1175,1195,1200,1197.5,1200,1162.5,1100,1100,1200,1148,1175,1175,1275,1195,1162.5,1262.5,1250,1295,1350,1175,1350,1397.5,1400,1350,1350,1350,1322.5,1350,1400,1325,1350,1360,1400,1350,1425,1412.5,1450,1400,1425
"Yorktown","VA","Virginia Beach-Norfolk-Newport News","York County",977,,,,,,,,,,,,,,1475,1400,1425,1600,1395,1500,1400,1347.5,1312.5,1375,1350,1525,1397.5,1350,1485,1450,1450,1450,1500,1450,1497.5,1497.5,1397.5,1400,1500,1500,1600,1462.5,1462.5,1350,1300,1312.5,1392.5,1425,1450,1362.5,1425,1450,1397.5,1400,1550,1500,1500,1515,1485,1510,1500,1495,1500,1550,1550,1550,1500,1495,1495,1495,1500,1600,1500,1500,1500,1500,1500,1537.5,1500,1500,1472.5,1425,1500,1400,1450,1450,1450,1497.5,1550,1500,1550,1550,1450,1472.5,1497,1525,1500,1462.5,1485,1475,1537.5,1600,1600,1575,1550,1500,1450,1450,1460,1375
"Seguin","TX","San Antonio-New Braunfels","Guadalupe County",978,,,,,,,,,,,,,,,,,,,,,,,,,,,,,,,,,,,,,,,,,,,,,,,,,,,,,,,,,,,,,,,,,,,,,,,,,,,,,,,,,,,,,,,1450,1485,1450,1495,1500,1525,1500,1512.5,1495,1500,1485,1395,1425,1400,1522.5,1500,1550,1550,1400,1400,1350,1400,1450
"Blue Springs","MO","Kansas City","Jackson County",979,,,,,,,,,,,,,,,,,,,,,975,995,950,925,900,937.5,925,895,857.5,850,825,850,825,850,840,850,850,850,890,897.5,862.5,875,875,875,875,850,850,885,875,880,902.5,905,937.5,875,862.5,862.5,895,925,925,1024,1024,997.5,925,925,967.5,937.5,962.5,950,987.5,950,997.5,1032,1012.5,975,1000,950,925,925,925,1050,975,997.5,1050,925,1000,1100,1095,1197.5,1099,1095,1085,1050,1125,1100,1175,1095,1024.5,1100,1075,1125,1150,1265,1180,1135,1195,1200,1125,1150,1187.5
"Clovis","NM","Clovis","Curry County",980,,,,,,,,,,,,,,,,,,,,,,,,,,,,,,,,,,,,,,,,,,,,,,,,,,,,,,,,,,,,,,,,,,,,,,,,,,,,,,,,,,,,,,1037.5,999,925,997.5,1000,1000,1000,975,962.5,937.5,950,950,990,925,975,1050,1087.5,1100,1085,1050,1025,1050,1000,995
"Jonesboro","GA","Atlanta-Sandy Springs-Roswell","Clayton County",981,,,,,,,,,,,,,825,800,800,812.5,797.5,800,850,800,800,800,800,800,800,795,800,850,850,850,850,850,850,850,850,845,850,850,850,845,850,850,850,850,850,850,850,827.5,825,825,850,850,845,842.5,845,850,850,850,850,850,850,840,845,850,850,850,850,825,850,850,850,850,850,850,850,850,850,895,895,895,900,895,921,900,900,900,900,920,925,949,950,950,975,950,950,992.5,950,975,995,995,980,999,1045,1000,1034.5,1095,1050,1079,1075
"Shakopee","MN","Minneapolis-St. Paul-Bloomington","Scott County",982,,,,,,,,,,,,,,,,,,,,,,,,,,,,,,,,,,,,,,,,,,,,,,,,,,,,,,,,,,,,,,,,,,,,,,,,,,,,,,,,,,,,,1425,1450,1450,1450,1495,1525,1650,1650,1695,1600,1695,1550,1595,1550,1625,1572.5,1590,1650,1600,1562.5,1562.5,1550,1647.5,1650,1695
"Enid","OK","Enid","Garfield County",983,,,,,,,,,,,,,,,,,,,,,,,,,,,,,,,,,,,,,,,,,,,,,,,,,,,,,,,,,,,,,,,,,,,,,,,,,,,,,,,,,,,,,,,,1150,1150,1150,1150,1100,1000,980,895,895,900,1000,1000,985,987.5,950,950,900,895,950,895,900,925
"Cleveland Heights","OH","Cleveland-Elyria","Cuyahoga County",984,,,,,,,,,,,,,,,,,,,,,,,,,,1047,1100,1100,1025,1099,995,1050,1050,1050,1048.5,1023.5,992.5,992.5,997.5,1095,1100,1050,1000,1000,1095,1100,1100,1100,1100,1100,1100,1100,1100,1100,1150,1100,1125,1100,1050,1050,1062.5,1098.5,1100,1100,1125,1100,1100,1100,1100,1100,1100,1100,1150,1150,1100,1100,1200,1248.5,1250,1100,1062.5,1100,1100,1125,1150,1112.5,1175,1175,1150,1150,1150,1150,1100,1125,1125,1100,1100,1150,1197.5,1200,1200,1200,1198,1198,1150,1150,1200,1200,1175
"South Brunswick","NJ","New York-Newark-Jersey City","Middlesex County",985,,,,,,,,,,,,,,,,,,,,,,,,,,,,,,,,,,,,,,,,,,,,,,,,,,,,,,,,,,,,,,,,,,,,,,,,,,,,,,,,,,,,,2250,2297.5,2350,2295,2200,2200,2200,2300,2250,2100,2300,2100,2000,2000,1900,2000,1997.5,2000,2100,2150,2100,2100,2200,2212.5,2150
"Bridgewater","NJ","New York-Newark-Jersey City","Somerset County",986,,,,,,,,,,,,,,,,,,,,,,,,,,,,,,,,,,,,,,,,,,,,,,,,,,,,,,,,,,,,,,,,,,,,,,,,,,,,,,,,,,,,,2100,2100,2100,2200,2210,2300,2200,2150,2075,2000,2250,2150,2200,2100,2275,2325,2300,2300,2300,2200,2200,2200,2000,1965,1962.5
"Beavercreek","OH","Dayton","Greene County",987,,,,,,,,,,,,,,,,,,,,,,,,,,,,,,,,,,,,,,,,,,,,,,,,,,,,,,,,,,,,,,,,,,,,,,,,,,,,,,,,,,,,,1262.5,1362.5,1422.5,1450,1350,1390,1297.5,1250,1250,1250,1300,1295,1295,1295,1350,1500,1497.5,1497.5,1500,1370,1390,1300,1355,1425,1450
"Egg Harbor","NJ","Atlantic City-Hammonton","Atlantic County",988,,,,,,,,,,,,,,,,,,,,,,,,,,,,,,,,,,,,,,,,,,,,,,,,,,,,,,,,,,,,,,,,,,,,,,,,,,,,,,,,,,,,,1550,1600,1550,1600,1625,1687.5,1750,1600,1650,1500,1500,1595,1612.5,1500,1500,1500,1500,1500,1500,1600,1650,1600,1625,1600,1675
"Beaumont","CA","Riverside-San Bernardino-Ontario","Riverside County",989,,,,,,,,,,,,,,,,,,,,,,,1437.5,1450,1550,1575,1612.5,1675,1700,1575,1550,1600,1645,1650,1750,1697,1600,1600,1600,1650,1750,1795,1750,1700,1750,1780,1795,1797,1750,1700,1700,1700,1750,1750,1800,1800,1780,1700,1700,1750,1745,1697.5,1697.5,1700,1737.5,1750,1797.5,1800,1800,1850,1850,1824.5,1800,1795,1800,1862.5,1849,1750,1750,1797.5,1792.5,1850,1785,1849.5,1825,1845.5,1845.5,1885,1995,1950,1950,1900,1900,1900,1875,1905,1952.5,2000,2100,2000,1900,1995,2050,2022.5,2000,1950,2100,2025,2000
"Wallingford","CT","New Haven-Milford","New Haven County",990,,,,,,,,,,,,,,,,,,,,,,,,,,,,,,,,,,,,,,,,,,,,,,,,,,,,,,,,,,,,,,,,,,,,,,,,,,,,,,,,,,,,,,,,,1412.5,1500,1500,1400,1325,1350,1450,1650,1550,1500,1350,1450,1400,1575,1600,1825,1600,1500,1600,1650,1575
"Moline","IL","Davenport-Moline-Rock Island","Rock Island County",991,,,,,,,,,,,,,,,,,,,,,,,,,,,,,,,,,,,,,,,,,,,,,,,,,,,,,,,,,,,,,,,,,,,,,,,,,,,,,,,,,,,,,,800,852.5,900,897.5,900,950,950,900,900,875,850,850,900,900,925,937.5,900,875,850,850,877.5,850,850,895
"Washington","NJ","Philadelphia-Camden-Wilmington","Gloucester County",992,,,,,,,,,,,,,,,,,,,,,,,,,,,,,,,,,,,,,,,,,,,,,,,,,,,,,,,,,,,,,,,,,,,,,,,,,,,,,,,,,,,,,,,1425,1385,1350,1350,1400,1400,1350,1375,1375,1412.5,1400,1437.5,1425,1350,1400,1400,1500,1450,1475,1500,1462.5,1500,1487.5
"Arlington","MA","Boston-Cambridge-Newton","Middlesex County",993,,,,,,,,,,,,,,,,,,,,,,,,,,,,,,,,,,,,,,,,,,,,,,,,,,,,,,,,,,,,,,,,,,,,,,,,,,,,,,,,,,,,,,2100,2195,2450,2300,2400,2350,2000,2200,2275,2325,2400,2400,2245,2300,2300,2100,2300,2497,2400,2400,2400,2250,2400,2375
"Country Club","FL","Miami-Fort Lauderdale-West Palm Beach","Miami-Dade County",994,,,,,,,,,,,,,1250,1262.5,1250,1212.5,1200,1212.5,1225,1200,1250,1250,1275,1239.5,1280,1300,1286,1300,1286,1300,1275,1275,1300,1300,1300,1277.5,1250,1250,1286,1300,1300,1300,1350,1300,1337.5,1350,1450,1400,1400,1400,1350,1350,1350,1350,1350,1350,1400,1400,1400,1400,1400,1400,1494.5,1485,1500,1499,1550,1550,1480,1490,1494.5,1450,1450,1450,1499,1450,1482.5,1550,1500,1500,1500,1550,1500,1500,1500,1575,1570,1525,1550,1550,1550,1550,1500,1525,1500,1550,1550,1550,1550,1600,1600,1650,1650,1625,1600,1600,1650,1650,1600
"Owasso","OK","Tulsa","Tulsa County",995,,,,,,,,,,,,,,,,,,,,,,,,,,,,,,,,,,,,,,,,,,,,,,,1350,1395,1295,1325,1350,1322.5,1450,1450,1595,1547.5,1520,1495,1475,1495,1397.5,1437.5,1510,1510,1495,1495,1450,1485,1437.5,1372.5,1300,1300,1350,1275,1375,1397.5,1400,1400,1395,1400,1297.5,1340,1300,1350,1325,1300,1395,1395,1395,1300,1295,1250,1250,1250,1250,1250,1295,1250,1350,1395,1345,1347.5,1345,1300,1300,1295,1295,1295,1300
"Lake Stevens","WA","Seattle-Tacoma-Bellevue","Snohomish County",996,,,,,,,,,,,,,,,,,,,,,,,,,,,,,,,,,,,,,,,,,,,,,,,,,,,,,,,,,,,,,,,,,,,,,,,,,,,,,,,,,,,,,1897.5,1895,1995,2150,2079.5,2150,2100,2100,2100,2000,1997.5,2117.5,2097.5,2195,2250,2200,2100,2200,2245,2115,2200,2125,2150,2072.5,2199
"Georgetown","KY","Lexington-Fayette","Scott County",997,,,,,,,,,,,,,,,,,,,,,,,,,,,,,,,,,,,,,,,,,,,,,,,,,,,,,,,,,,,,,,,,,,,,,,,,,,,,,,,,,,,,,1250,1200,1297.5,1295,1275,1300,1395,1295,1250,1225,1202,1201,1250,1200,1195,1225,1400,1337.5,1295,1250,1200,1200,1200,1200,1200
"Austell","GA","Atlanta-Sandy Springs-Roswell","Cobb County",998,,,,,,,,,,,,,,995,950,950,905,902.5,995,999,935,900,875,900,900,950,925,995,962.5,962.5,995,1000,1000,985,910,925,947.5,875,925,950,1000,1000,1000,995,1000,1000,1050,1000,1000,1025,1000,1000,1100,1112.5,1150,1150,1100,1100,1115,1059.5,1050,1080,1100,1150,1100,1129.5,1109,1100,1137.5,1125,1125,1150,1125,1095,1162.5,1097.5,1212.5,1150,1097.5,1250,1224.5,1200,1130,1139.5,1200,1250,1249,1250,1250,1299,1295,1282.5,1250,1250,1250,1250,1250,1250,1300,1300,1300,1295,1300,1342.5,1300,1300,1311,1375,1359
"Rowland Heights","CA","Los Angeles-Long Beach-Anaheim","Los Angeles County",999,,,,,,,,,,,,,,,,,,,,,,,,,,,,,,,,,,,,,,,,,,,,,,,,,,,,,,,,,,,,,,,,,,,,,,,,,,,,,,,,,,2500,2600,2500,2450,2500,2500,2549.5,2500,2550,2600,2600,2600,2550,2500,2500,2600,2700,2700,2700,2650,2650,2600,2650,2700,2800,2695,2800,2800
"Enfield","CT","Hartford-West Hartford-East Hartford","Hartford County",1000,,,,,,,,,,,,,,,,,,,,,,,,,,,,,,,,,,,,,,,,,,,,,,,,,,,,,,,,,,,,,,,,,,,,,,,,,,,,,,,,,,,,,1450,1450,1350,1400,1472.5,1585,1500,1450,1450,1395,1395,1400,1400,1400,1397.5,1500,1512.5,1500,1497.5,1500,1500,1500,1500,1450,1500
"Chesterfield","MI","Detroit-Warren-Dearborn","Macomb County",1001,,,,,,,,,,,,,,,,,,,,,,,,,,,,,,,,,,,,,,,,,,,,,,,,,,,,,,,,,,,,,,,,,,,,,,,,,,,,,,,,,,,,,1000,1025,1150,1100,1200,1200,1200,1050,1200,1200,1174.5,1100,1100,1000,1050,1000,1100,1125,1150,1050,1000,1100,1150,1100,1199.5
"Burke","VA","Washington-Arlington-Alexandria","Fairfax County",1002,,,,,,,,,,,,,,,,,,,,,,,,,,,,,,,,,,,,,,,,,,,,,,,,,,,,,,,,,,,,,,,,,,,,,,,,,,,,,,,,,,,2050,2100,2100,2100,2100,2197.5,2200,2100,2200,2200,2200,2150,2100,2100,2100,2148,2175,2200,2250,2350,2300,2250,2200,2200,2160,2300,2224.5
"Hackensack","NJ","New York-Newark-Jersey City","Bergen County",1003,,,,,,,,,,,,,,,,,,,,,,,,,,,,,,,,,,,,,,,,,,,,,,,,,,,,,,,,,,,,,,,,,,,,,,,,,,,,,,,,,,,,,1700,1700,1750,1775,1700,1750,1712.5,1700,1725,1700,1700,1700,1750,1750,1750,1775,1850,1800,1950,1950,1750,1750,1750,1795,1775
"Newark","CA","San Francisco-Oakland-Hayward","Alameda County",1004,,,,,,,,,,,,,,,,,,,,,,,,,,,,,,,,,,,,,,,,,,,,,,,,,,,,,,,,,,,,,,,,,,,,,,,,,,,,,,,,,,,,,2872.5,2900,2850,2600,2800,2950,2997.5,3195,3100,3000,2900,2900,3000,2900,3000,3100,3100,3295,3200,3300,3000,3100,3100,3025,3100
"Gig Harbor","WA","Seattle-Tacoma-Bellevue","Pierce County",1005,,,,,,,,,,,,,,,,,,,,,,,,,,,,,,,,,,,,,,,,,,,,,1500,1500,1425,1450,1500,1512.5,1500,1550,1667.5,1562.5,1495,1685,1717.5,1450,1400,1600,1537.5,1549,1497.5,1637.5,1750,1600,1550,1700,1690,1690,1700,1692.5,1642.5,1910,1870,1775,1945,1747.5,1700,1750,1850,1847.5,1850,1680,1825,1947.5,1995,2000,2025,2247.5,2200,2000,1995,1995,1995,1995,2200,2200,2400,2097.5,2075,2200,2200,2150,2050,2100,2125,2100,1900
"York","PA","York-Hanover","York County",1006,,,,,,,,,,,,,,,,,,,,,,,,,,,,,,,,737.5,837.5,850,872.5,835,750,775,795,795,795,765,785,775,760,750,750,772.5,795,795,785,795,775,747.5,750,750,750,750,750,750,750,775,795,795,795,795,795,795,795,795,750,750,795,795,795,785,795,795,795,795,795,795,775,800,795,775,775,775,795,752.5,795,750,750,795,795,795,795,797.5,795,800,800,812.5,825,800,850,850,825,795,845
"Euclid","OH","Cleveland-Elyria","Cuyahoga County",1007,,,,,,,,,,,,,,,,,,,,,,,,,,,,,,,900,912.5,875,950,950,950,950,950,950,900,900,900,900,875,900,950,925,950,936,925,925,912.5,950,975,975,985,950,950,900,900,925,950,925,1000,950,950,937.5,935,950,950,950,950,935,900,900,950,960,950,925,937.5,900,925,900,900,900,900,940,950,950,925,925,925,925,925,935,947.5,925,925,950,950,950,957.5,950,950,962.5,975,975,975,975
"Nicholasville","KY","Lexington-Fayette","Jessamine County",1008,,,,,,,,,,,,,,,,,,,,,,,,,,,,,,,,,,,,,,,,,,,,,,,,,,,,,,,,,,,,,,,,,,,,,,,,,,,,,,,,,,,,,,,,,,,900,925,925,895,895,912.5,895,951,900,974.5,812.5,900,962.5,900,940,897.5,950,950,875
"Pine Hills","FL","Orlando-Kissimmee-Sanford","Orange County",1009,,,,,,,,,,,,,,,,,,,825,825,850,825,850,850,850,850,850,900,895,895,900,900,900,900,875,875,850,925,900,837,850,850,877.5,950,900,900,930,895,900,900,900,900,900,945,900,925,925,900,900,900,897,900,925,950,950,950,950,957.5,999,1050,1050,1000,1000,1000,1025,1000,925,995,997,1050,975,987.5,975,950,1069,1100,1050,1050,1050,1025,1050,1050,1050,1100,1150,1100,1100,1147.5,1197,1200,1245,1172.5,1149,1162.5,1200,1200,1200,1230,1242.5
"Winter Springs","FL","Orlando-Kissimmee-Sanford","Seminole County",1010,,,,,,,,,,,,,,,,,,,,,,,,,,,,1150,1097.5,1187.5,1200,1250,1237.5,1165,1095,1150,1100,1150,1185,1175,1195,1297.5,1362.5,1300,1300,1309.5,1335,1350,1295,1300,1285,1300,1350,1375,1375,1309.5,1324,1300,1350,1300,1290,1334.5,1395,1397.5,1400,1359,1350,1300,1350,1470,1407,1325,1362.5,1395,1395,1395,1425,1400,1400,1450,1362.5,1400,1395,1332,1400,1500,1495,1500,1550,1585,1560,1495,1450,1450,1400,1522.5,1450,1440,1550,1440,1550,1500,1500,1525,1495,1525,1550,1597.5,1575
"Southington","CT","Hartford-West Hartford-East Hartford","Hartford County",1011,,,,,,,,,,,,,,,,,,,,,,,,,,,,,,,,,,,,,,,,,,,,,,,,,,,,,,,,,,,,,,,,1450,1500,1400,1400,1450,1425,1472.5,1400,1400,1495,1565,1375,1400,1325,1395,1400,1325,1350,1400,1400,1450,1400,1350,1400,1412.5,1400,1400,1400,1400,1600,1575,1575,1500,1400,1400,1400,1400,1400,1400,1500,1500,1500,1400,1500,1450,1472.5
"New Bern","NC","New Bern","Craven County",1012,,,,,,,,,,,,,,,,,,,,1000,975,1000,975,975,1000,1000,1000,1097.5,1000,975,975,950,910,950,900,875,900,950,950,950,1000,1000,1012.5,995,1000,975,950,925,900,895,900,900,955,1000,1000,1000,997.5,980,975,975,975,950,962.5,1000,1025,1000,1000,995,975,950,950,995,985,950,955,997.5,1000,1000,995,1000,950,950,995,950,985,950,950,997.5,1050,1150,1100,1000,995,1000,1000,1000,975,987.5,975,1000,1100,1100,1050,1195,1172.5,1100,1225,1225,1150
"Oakland Park","FL","Miami-Fort Lauderdale-West Palm Beach","Broward County",1013,,,,,,,,,,,,,1025,1100,1142.5,1200,1150,1150,1150,1100,1150,1125,1150,1151,1100,1200,1200,1200,1200,1200,1200,1200,1200,1200,1200,1200,1250,1200,1295,1262.5,1200,1250,1200,1200,1250,1250,1300,1300,1349,1350,1350,1375,1275,1275,1250,1250,1240,1200,1200,1200,1250,1250,1295,1300,1300,1300,1300,1300,1300,1300,1300,1295,1300,1300,1325,1300,1337.5,1400,1390,1300,1325,1350,1300,1300,1350,1350,1400,1447.5,1400,1450,1400,1450,1472.5,1472.5,1400,1400,1400,1400,1425,1445,1450,1485,1500,1500,1450,1475,1450,1500,1412.5
"Oxford","MS","Oxford","Lafayette County",1014,,,,,,,,,,,,,,,,,,,,,,,,,,,,,,,,,,,,,,,,,,,,,,,,,,,,,,,,,,,,,,,,,,,,,,,,,,,,,,,,,,,,,,,1260,1250,1275,1325,1300,1300,1250,1250,1260,1200,1175,1300,1300.5,1350,1400,1350,1350,1250,1300,1200,1200,1200,1200
"Stuart","FL","Port St. Lucie","Martin County",1015,,,,,,,,,,,,,,,,,,,,,,,,,,,,,,,,,,,,,,,,,,,,,,,,,,,,,,,,,,,,,,,,,,,,,,1500,1500,1600,1500,1450,1450,1500,1400,1425,1575,1500,1400,1400,1575,1550,1400,1500,1550,1450,1475,1500,1500,1500,1550,1600,1600,1600,1500,1600,1600,1700,1600,1500,1500,1600,1600,1650,1650,1675,1750
"Sayreville","NJ","New York-Newark-Jersey City","Middlesex County",1016,,,,,,,,,,,,,,,,,,,,,,,,,,,,,,,,,,,,,,,,,,,,,,,,,,,,,,,,,,,,,,,,,,,,,,,,,,,,,,,,,,,,,2070,1995,1995,1992.5,2100,2200,2100,2100,2175,2100,2000,2150,2150,2150,2150,2150,2185,2065,2095,2110,2175,2200,2127.5,2000,2100
"Windsor Mill","MD","Baltimore-Columbia-Towson","Baltimore County",1017,,,,,,,,,,,,,,,,,,,,,,,,,,,,,,,,,,,,,,,,,,,,,,,,,,,,,,,,,,,,,,,,,,,,,,,,,,,,,,,,,,,,,1625,1625,1600,1600,1625,1645,1650,1650,1600,1548.5,1550,1600,1600,1600,1600,1625,1650,1650,1650,1600,1650,1650,1612.5,1565,1595
"Monrovia","CA","Los Angeles-Long Beach-Anaheim","Los Angeles County",1018,,,,,,,,,,,,,,,,,,,,,,,,,,,,,,,,,,,,,,,,,,,,,,,,,,,,,,,,,,,,,,,,,,,,,,,,,,,,,,,,,,,2425,2300,2485,2400,2397.5,2425,2500,2500,2450,2500,2495,2300,2300,2300,2450,2500,2500,2500,2500,2500,2697.5,2600,2600,2622.5,2700,2625,2600
"Prairieville","LA","Baton Rouge","Ascension Parish",1019,,,,,,,,,,,,,,,,,,,,,,,,,,,,,,,,,,,,,,,,,,,,,,,,,,,,,,,,,,,,,,,,,,,,,,,,,,,,,,,,,,,,,,,,,,,1700,1650,1600,1600,1600,1600,1650,1600,1600,1600,1600,1600,1600,1500,1550,1695,1700,1675,1675
"Brentwood","TN","Nashville-Davidson--Murfreesboro--Franklin","Williamson County",1020,,,,,,,,,,,,,,,,,,,,,,,,,,,,,,,,,,,,,,,,,,,,,,,,,,,,,,,,,,,,,,,,,,,,,,,,,,,,,,,,,,,,,2775,2995,2950,2550,2850,3100,2875,2695,2650,2600,2575,2587.5,2690,2600,2772.5,2675,2725,2650,2549,2499,2500,2895,3100,3125,3195
"Covington","KY","Cincinnati","Kenton County",1021,,,,,,,,,,,,,,,,,,,,,,,,,,,,,,,,,,,,,,,,,,,,,,,,,,,,,,,,,,,,,,,,,,,,,,,,,,,,,,,,,,,,,975,900,1050,1150,1100,1000,1000,1125,1095,972.5,949.5,1075,1075,1075,1062,1100,1125,1100,1087.5,1195,1199.5,1000,1085,995,1072.5
"Peachtree Corners","GA","Atlanta-Sandy Springs-Roswell","Gwinnett County",1022,,,,,,,,,,,,,,,,,,,,,,,,,,,,,,,,,,,,,,,,,,,,,,,,,,,,,,,,,,,,,,,,,,,,,,,,,,,,,,,,,,,,,,1700,1700,1575,1532.5,1625,1600,1650,1600,1650,1695,1650,1515,1515,1750,1700,1500,1750,1800,1700,1700,1700,1650,1650,1697.5
"Rancho Santa Margarita","CA","Los Angeles-Long Beach-Anaheim","Orange County",1023,,,,,,,,,,,,1875,1695,1782.5,2100,2125,2200,2400,2150,2195,2100,2000,2150,2100,2000,2155,2100,2100,2200,2150,2225,2200,2200,2200,2250,2300,2200,2150,2100,2370,2200,2300,2350,2195,2400,2400,2298.5,2297,2400,2350,2350,2350,2297.5,2292,2300,2375,2500,2450,2350,2272.5,2200,2200,2300,2350,2400,2450,2400,2300,2450,2385,2325,2350,2200,2175,2275,2250,2500,2400,2400,2400,2400,2195,2400,2397.5,2575,2460,2400,2337.5,2575,2500,2500,2250,2400,2325,2375,2300,2300,2350,2400,2350,2600,2650,2697.5,2575,2500,2650,2695,2672.5,2650
"Chesterfield","MO","St. Louis","Saint Louis County",1024,,,,,,,,,,,,,,,,,,,,,,,,,,,,,,,,,,,,,,,,,,,,,,,,,,,,,,,,,,,,,,,,,,,,,,,,,,,,,,,,,,,,,,,,,2175,2150,2100,2042.5,1875,1990,2050,2100,2000,1950,1997.5,1995,2125,2350,2100,2100,2125,2000,2000,1995,1972.5
"Phenix City","AL","Columbus","Russell County",1025,,,,,,,,,,,,,,,,,,,,,,,,,,,,,,,,,,,,,,,,,,,,,,,,,,,,,,,,,,,,,,,,,,,,,,,,,,,,,,,,,,,,,1000,997.5,975,950,950,990,985,1000,985,900,850,900,950,962.5,1022.5,1050,1000,985,995,937.5,962.5,897.5,950,950,950
"Texas City","TX","Houston-The Woodlands-Sugar Land","Galveston County",1026,,,,,,,,,,,,,,,,,,,,,,,,,,,,,,,,,,,,,,,,,,,,,,,,,,,,,,,,,,,,,,,,,,,,,,,,,,,,,,,,,,,,,1220,1125,1220,1250,1200,1195,1212.5,1250,1250,1200,1250,1225,1265,1340,1260,1250,1395,1280,1312.5,1297.5,1250,1250,1225,1272.5,1295
"Lake Oswego","OR","Portland-Vancouver-Hillsboro","Clackamas County",1027,,,,,,,,,,,,,,,,,,,,,,,,,,,,,,,,,,,,,,,,,,,,,,,,,,,,,,,,,,,,,,,,,,,,,,,,,,,,,,,,,,,,,,,2350,2295,2500,2425,2495,2485,2337.5,2262.5,2250,2395,2395,2225,2472.5,2550,2597.5,2550,2495,2495,2495,2400,2295,2385,2299
"Hicksville","NY","New York-Newark-Jersey City","Nassau County",1028,,,,,,,,,,,,,,,,,,,,,,,,,,,,,,,,,,,,,,,,,,,,,,,,,,,,,,,,,,,,,,,,,,,,,,,,,,,,,,,,,,,,,,3000,3000,2912.5,2950,3275,3200,3000,3200,3000,3000,3000,2975,3000,3100,3200,3087.5,3200,3000,3000,3100,3250,3100,3000,3000
"Fair Oaks","CA","Sacramento--Roseville--Arden-Arcade","Sacramento County",1029,,,,,,,,,,,,,,,,,,,,,,,,,,,,,,,,,,,,,,,,,,,,,,,,,,,,,,,,,,,,,,,,,,,,,,,,,,,,,,,,,,,,,,1825,1750,1695,1800,1695,1695,1695,1872.5,1875,1850,1900,1900,1900,1900,1950,1950,1995,1962.5,1922.5,1897.5,1912.5,1995,2000,1900
"Carol Stream","IL","Chicago-Naperville-Elgin","DuPage County",1030,,,,,,,,,,,,,,,,,,,,,,,,,,,,,,,,,,,,,,,,,,,,,,,,,,,,,,,,,,,,,,,,,,,,,,,,,,,,,,,,,,,,,1600,1600,1625,1695,1600,1650,1650,1575,1750,1700,1625,1595,1637.5,1600,1605,1637.5,1599,1619,1600,1750,1725,1725,1562.5,1575,1649
"Lake Mary","FL","Orlando-Kissimmee-Sanford","Seminole County",1031,,,,,,,,,,,,,,,,,,,,1200,1195,1200,1113,1100,1150,1159,1100,1195,1295,1225,1295,1150,1250,1200,1237.5,1250,1250,1295,1295,1295,1300,1312.5,1295,1310,1250,1295,1345,1295,1300,1345,1300,1300,1345,1400,1350,1300,1300,1350,1350,1350,1350,1375,1400,1500,1550,1500,1450,1450,1400,1462.5,1450,1512.5,1495,1500,1500,1485,1585,1495,1450,1495,1410,1450,1450,1450,1450,1500,1400,1575,1600,1650,1650,1650,1640,1550,1525,1525,1495,1545,1595,1675,1750,1700,1750,1697.5,1695,1672.5,1695,1725,1745
"Raeford","NC","Fayetteville","Hoke County",1032,,,,,,,,,,,,,,1162.5,1100,1125,1195,1100,1100,1100,1095,1100,1100,1100,1097.5,1050,1095,1100,1100,1100,1095,1100,1100,1100,1100,1100,1100,1095,1085,1100,1100,1100,1095,1095,1075,1095,1050,1050,1050,1050,1050,1050,1100,1062.5,1050,1050,1050,1050,1050,1050,1050,1050,1050,1050,1050,1050,1050,1075,1095,1095,1050,1095,1095,1100,1100,1100,1095,1095,1095,1025,1050,1050,1097.5,1035,1050,1047.5,1100,1085,1100,1085,1100,1100,1095,1095,1100,1100,1095,1100,1100,1100,1100,1160,1150,1170,1150,1100,1105,1100,1050
"Penn Hills","PA","Pittsburgh","Allegheny County",1033,,,,,,,,,,,,,,,,,,,,,,,,,,,,,,,,,,,,,,,,,,,,,,,,,,,,,,,,,,,,,,,,,,,,,,,,,,,,,,,,,,,,,885,950,950,950,950,950,950,975,995,925,937.5,950,950,950,950,950,950,925,950,950,925,937.5,950,995,975
"Cutler Bay","FL","Miami-Fort Lauderdale-West Palm Beach","Miami-Dade County",1034,,,,,,,,,,1175,1200,1375,1495,1425,1425,1500,1500,1450,1450,1450,1550,1550,1500,1450,1475,1485,1500,1495,1475,1500,1500,1500,1500,1500,1500,1500,1507,1550,1550,1575,1550,1550,1600,1600,1650,1650,1700,1650,1650,1700,1700,1675,1600,1600,1650,1600,1650,1600,1600,1562.5,1550,1600,1700,1750,1750,1710,1700,1700,1725,1750,1750,1700,1750,1700,1750,1650,1775,1745,1800,1775,1737,1750,1750,1700,1775,1750,1785,1795,1850,1795,1850,1850,1825,1850,1799.5,1800,1752.5,1750,1750,1725,1750,1795,1775,1750,1750,1800,1800,1800,1850
"Rockledge","FL","Palm Bay-Melbourne-Titusville","Brevard County",1035,,,,,,,,1500,1495,1250,1150,1100,1100,1125,1125,1200,1200,1200,1100,1099,1097,1100,1100,1100,995,997,1100,1000,1100,1080,1000,1000,1150,1150,1125,1250,1220,1195,1225,1250,1200,1200,1100,1150,1150,1150,1087.5,1200,1250,1250,1250,1295,1350,1337.5,1350,1325,1200,1200,1250,1225,1300,1300,1200,1250,1300,1495,1412.5,1385,1287.5,1350,1350,1350,1372.5,1400,1462.5,1400,1400,1385,1350,1495,1400,1395,1450,1395,1400,1372.5,1300,1495,1495,1500,1512.5,1595,1550,1500,1450,1400,1412.5,1500,1500,1587,1650,1675,1600,1500,1500,1500,1568,1549.5,1525
"Belleville","IL","St. Louis","Saint Clair County",1036,,,,,,,,,,,,,,,,,,,,,,,,,,,,,,,,,,,,,,,,,,,,,,,,,,,,,,,,,,,,,,,,,,,,,,,,,,,,,,,,900,825,875,825,785,837.5,850,850,850,912.5,900,900,925,900,875,875,895,880,880,900,944.5,895,900,950,950,995,900,850,795,825
"Oswego","IL","Chicago-Naperville-Elgin","Kendall County",1037,,,,,,,,,,,,,,,,,,,,,,1600,1600,1650,1525,1499,1575,1500,1650,1650,1500,1497.5,1495,1450,1425,1595,1500,1585,1537.5,1575,1500,1597.5,1550,1600,1600,1600,1612.5,1650,1550,1550,1585,1550,1550,1550,1575,1595,1600,1600,1595,1517,1500,1525,1585,1612.5,1595,1597.5,1650,1600,1650,1600,1600,1650,1600,1600,1595,1575,1625,1635,1675,1650,1637.5,1650,1672.5,1625,1500,1600,1600,1700,1695,1675,1625,1600,1600,1625,1700,1650,1672.5,1672.5,1695,1700,1700,1725,1700,1750,1800,1850,1815,1922.5,1749.5
"Keller","TX","Dallas-Fort Worth-Arlington","Tarrant County",1038,,,,,,,,,,,,,,,,,,,,,,,,,,,,,,,,,,,,,,,,,,,,,,,,,,,,,,,,,,,,,,,,,,,,,,,,,,,,,,,,2000,2300,2150,2000,2200,2200,1997.5,2200,2400,2200,2200,2300,2257.5,2147.5,1850,2000,2200,2195,2300,2250,2150,2300,2400,2625,2595,2400,2300,2075,2200,2200
"Coppell","TX","Dallas-Fort Worth-Arlington","Dallas County",1039,,,,,,,,,,,,,,,,,,,,,,,,1695,1695,1695,1680,1750,1750,1700,1750,1725,1675,1685,1895,1825,1750,1750,1750,1800,1825,1795,1795,1705,1695,1705,1650,1737.5,1725,1737.5,1750,1795,1988,1983.5,1897.5,1900,1889,1889,1882,1845,1772.5,1799.5,1799.5,1900,1885,1950,1912.5,1950,1850,1750.5,1897.5,1874,1885,1900,1785,2095,1895,1900,2000,2100,2000,2067,1995,1897.5,1995,2000,1995,2025,2100,2050,2050,2150,2199,2100,2100,2000,2000,1992.5,2100,2150,2075,2050,2099,2124.5,2200,2050,2100,2100,2000
"Martinez","GA","Augusta-Richmond County","Columbia County",1040,,,,,,,,,,,,,,,,,,,,,,,,,,,,,,,,,,,,,1000,995,995,947.5,997.5,995,1075,1022.5,995,997.5,975,1050,1100,1100,1097,1097,1150,1100,1125,1125,1100,1100,1150,1195,1105,1162.5,1150,1195,1195,1150,1195,1100,1125,1100,1100,1100,1050,1095,1125,1175,1195,1100,1200,1150,1125,1072.5,1100,1100,1172.5,1100,1195,1195,1200,1212.5,1175,1150,1175,1175,1150,1100,1150,1100,1150,1195,1195,1195,1200,1197.5,1150,1150,1130,1125,1150
"Crystal Lake","IL","Chicago-Naperville-Elgin","McHenry County",1041,,,,,,,,,,,,,,,,,,1500,1500,1500,1500,1425,1375,1362.5,1399,1475,1425,1500,1450,1400,1500,1445,1450,1500,1485,1400,1425,1399.5,1400,1450,1495,1500,1450,1497.5,1487,1495,1500,1497.5,1499,1500,1499,1499,1454.5,1500,1550,1550,1500,1495,1469,1459.5,1475,1400,1500,1525,1662.5,1500,1600,1597.5,1575,1599.5,1550,1600,1595,1450,1500,1400,1545,1400,1400,1525,1399,1395,1424.5,1449,1500,1495,1447.5,1550,1447.5,1450,1450,1582.5,1387,1450,1450,1412.5,1450,1500,1317.5,1525,1525,1350,1497.5,1304.5,1350,1387,1475,1450,1400
"Mt Laurel","NJ","Philadelphia-Camden-Wilmington","Burlington County",1042,,,,,,,,,,,,,1497.5,1575,1475,1425,1450,1400,1500,1537.5,1495,1400,1450,1600,1550,1650,1650,1525,1550,1425,1400,1450,1500,1450,1450,1450,1450,1495,1500,1600,1500,1495,1500,1500,1485,1495,1475,1450,1450,1450,1425,1425,1470,1450,1500,1500,1450,1450,1500,1500,1500,1490,1375,1450,1500,1512.5,1500,1500,1500,1490,1500,1500,1495,1362.5,1350,1447.5,1462.5,1500,1500,1512.5,1500,1550,1500,1387.5,1497.5,1450,1450,1450,1500,1525,1550,1500,1500,1495,1500,1500,1450,1500,1500,1500,1562.5,1550,1575,1525,1600,1600,1575,1537.5,1550
"Menlo Park","CA","San Francisco-Oakland-Hayward","San Mateo County",1043,,,,,,,,,,,,,,,,,,,,,,,,,,,,,,,,,,,,,,,,,,,,,,,,,,,,,,,,,,,,,,,,,,,,,,,,,,,,,,,,,,,,,4800,5000,5125,5650,5900,6000,5995,5800,5275,5275,5200,5200,5000,5300,5375,5240,5300,5450,5300,5500,5600,5500,5500,5500,5500
"Merritt Island","FL","Palm Bay-Melbourne-Titusville","Brevard County",1044,,,,,,,,,,1100,1075,1000,1025,1050,1100,1200,1100,1175,1150,1095,1000,995,1000,1000,1000,1050,1100,1097.5,1100,1250,1200,1074.5,1200,1197.5,1080,1100,1090,1100,1025,1200,1200,1175,1200,1150,1100,1100,1175,1200,1200,1272.5,1250,1275,1200,1200,1200,1200,1200,1300,1250,1250,1200,1200,1250,1295,1347.5,1350,1200,1200,1272.5,1360,1422.5,1300,1425,1450,1500,1400,1350,1395,1375,1300,1300,1200,1400,1250,1425,1450,1450,1500,1599,1592.5,1500,1500,1491,1450,1400,1475,1450,1525,1450,1550,1500,1550,1600,1522.5,1500,1450,1450,1450,1450
"Winder","GA","Atlanta-Sandy Springs-Roswell","Barrow County",1045,,,,,,,,,,,,,,,,,,,,,,,,,,,,,,,,,,,,,,,,,,,,,,,,,,,,,,,,,,,,,,,,,,,,,,,,,,,,,,,,,,,,,,,,,,1100,1100,1145,1080,1100,1145,1150,1075,1115,1145,1225,1200,1200,1225,1250,1200,1250,1250,1290,1235
"North Lauderdale","FL","Miami-Fort Lauderdale-West Palm Beach","Broward County",1046,,,,,,,,,,,,,,,,,,,,,,,1375,1350,1300,1300,1300,1350,1350,1350,1350,1350,1300,1300,1350,1350,1350,1385,1400,1375,1400,1400,1400,1400,1400,1400,1450,1400,1400,1400,1400,1400,1400,1400,1400,1400,1400,1412.5,1400,1400,1400,1425,1450,1467.5,1475,1475,1500,1480,1450,1450,1400,1450,1450,1475,1450,1400,1450,1450,1462.5,1450,1450,1450,1500,1425,1450,1475,1504.5,1500,1500,1450,1500,1500,1475,1549.5,1550,1500,1500,1500,1500,1500,1500,1550,1590,1599,1600,1600,1600,1600,1599
"Urbandale","IA","Des Moines-West Des Moines","Polk County",1047,,,,,,,,,,,,,,,,,,,,,,,,,,,,,,,,,,,,,,,,,,,,,,,,,,,,,,,,,,,,,,,,,,,,,,,,,,,,,,,,,,,,,,,1462.5,1410,1495,1550,1550,1450,1625,1600,1600,1495,1557.5,1515,1450,1515,1395,1447.5,1387.5,1350,1300,1325,1335,1335,1300
"Prescott Valley","AZ","Prescott","Yavapai County",1048,,,,,,,,,,,,,975,985,995,1050,1000,1050,1050,995,995,995,950,925,925,937.5,950,975,925,950,995,995,950,962.5,995,1150,1100,1095,925,950,910,985,985,1025,1025,1075,1100,1100,1125,1150,1150,1125,1212.5,1200,1250,1237.5,1237.5,1200,1200,1200,1195,1200,1200,1200,1250,1225,1295,1295,1300,1262.5,1275,1250,1295,1295,1300,1300,1250,1395,1250,1275,1362.5,1350,1300,1295,1300,1300,1350,1450,1350,1400,1475,1495,1450,1500,1485,1515,1500,1525,1547.5,1550,1550,1600,1600,1600,1597.5,1585,1570,1557.5,1515
"Hudson","FL","Tampa-St. Petersburg-Clearwater","Pasco County",1049,,,,,,,,,,,,,,,,,,,,,,,,,,,,,,,,,,,,,,,,,,,,,,,,,,,,,,,,,,,,,,,,,,,,,,,,,,,1150,1100,1132.5,1100,1100,1172.5,1100,1200,1000,1100,1250,1280,1275,1299,1300,1262.5,1262.5,1337.5,1345,1295,1245,1250,1247,1200,1250,1395,1395,1347.5,1300,1300,1349,1300,1350,1350,1350
"Bartlesville","OK","Bartlesville","Washington County",1050,,,,,,,,,,,,,,,,,,,,,,,,,,,,,,,,,,,,,,,,,,,,,,,,,,,,,,,,,,,,,,,,,,,,,,,,,,,,,,,,,,,,,900,875,875,900,900,850,875,825,800,800,825,850,800,850,862.5,895,825,750,825,825,860,950,912.5,900,800
"Shelton","CT","Bridgeport-Stamford-Norwalk","Fairfield County",1051,,,,,,,,,,,,,,,,,,,,,,,,,,,,,,,,,,,,,,,,,,,,,,,,,,,,,,,,,,,,,,,,,,,,,,,,,,,,,,,,1950,1895,1812.5,1850,1600,1625,1662.5,1695,1700,1800,1875,1900,1972.5,1900,1775,1900,1800,1900,1875,1775,1725,1900,1800,1800,1800,1800,1825,1850,1750,1850
"Berkeley","NJ","New York-Newark-Jersey City","Ocean County",1052,,,,,,,,,,,,,,,,,,,,,,,,,,,,,,,,,,,,,,,,,,,,,,,,,,,,,,,,,,,,,,,,,,,,,,,,,,,,,,,,,,1372.5,1397.5,1347.5,1400,1400,1500,1425,1500,1500,1500,1500,1500,1487.5,1500,1450,1450,1550,1500,1450,1400,1450,1500,1500,1500,1450,1500,1550,1500
"Gonzales","LA","Baton Rouge","Ascension Parish",1053,,,,,,,,,,,,,,,,,,,,,,,,,,,,,,,,,,,,,,,,,,,,,,,,,,,,,,,,,,,,,,,,,,,,,,,,,,,,,,,,,,,,,,,,,,1600,1500,1475,1450,1500,1500,1500,1450,1450,1450,1500,1450,1487.5,1495,1500,1500,1500,1500,1500,1500
"North Brunswick","NJ","New York-Newark-Jersey City","Middlesex County",1054,,,,,,,,,,,,,,,,,,,,,,,,,,1650,1750,1650,1600,1772.5,1725,1600,1650,1700,1700,1750,1750,1725,1625,1675,1700,1700,1750,1750,1700,1675,1675,1712.5,1700,1700,1700,1700,1750,1750,1700,1737.5,1750,1750,1750,1850,1850,1825,1800,1750,1737.5,1799,1750,1750,1750,1700,1700,1650,1747.5,1747.5,1750,1775,1800,1925,1849,1849.5,1850,1800,1775,1800,1862.5,1900,1850,1900,1850,1975,1875,1850,1800,1850,1850,1850,1825,1825,1800,1825,1850,1850,1900,1950,1950,1850,1850,1850,1850
"Paso Robles","CA","San Luis Obispo-Paso Robles-Arroyo Grande","San Luis Obispo County",1055,,,,,,,,,,,,,,,,,,,,,,,,,,,,,,,,,,,,,,,,,,,,,,,,,,,,,,,,,,,,,,,,,,,,,,,,,,,,,,,,,,,,,,,,,,,,,,,,,2000,2000,2100,2100,2150,1947.5,2047.5,2325,2150,2100,2225,2250,2200
"Franklin","NJ","New York-Newark-Jersey City","Somerset County",1056,,,,,,,,,,,,,,,,,,,,,,,,,1700,1750,1800,1800,1825,1850,1900,1850,1900,1875,1850,1825,1799,1750,1800,1800,1775,1700,1800,1800,1750,1787.5,1887.5,1875,1900,1800,1800,1800,1887.5,1925,1900,1950,1875,1875,1850,1812.5,1887.5,1950,1850,1850,1900,1925,1950,1900,1950,1950,1950,1900,1950,1950,1950,1950,1950,2000,1985,1900,2000,1950,1900,1875,1900,1950,1950,2000,2000,2000,1950,1950,1950,1900,1950,1950,1900,1862.5,1850,1850,2000,2050,2000,2050,2000,2000,1950,2000,1950
"Taylors","SC","Greenville-Anderson-Mauldin","Greenville County",1057,,,,,,,,,,,,,,,,,,,,,,,,,,,,,,,,,,,,,,,,,,,,,,,,,,,,,,,,,,,,,,,,,,,,,,,,,,,,,,,,,,,,,,,1250,1250,1250,1250,1250,1205,1225,1250,1275,1295,1295,1250,1200,1237.5,1262.5,1262.5,1212.5,1262.5,1195,1250,1275,1247.5,1295
"Ballwin","MO","St. Louis","Saint Louis County",1058,,,,,,,,,,,,,,,,,,,,,,,,,,,,,,,,,,,,,,,,,,,,,,,,,,,,,,,,,,,,,,,,,,,,,,,,,,,,,,,,,,,,,,,,,,,,,,,,,,1650,1697.5,1650,1697.5,1700,1700,1650,1550,1595,1562.5,1475,1495
"The Colony","TX","Dallas-Fort Worth-Arlington","Denton County",1059,,,,,,,,,,,,,,,1250,1262.5,1250,1295,1367.5,1297.5,1350,1350,1317.5,1200,1222.5,1262.5,1250,1250,1395,1400,1290,1250,1272.5,1295,1350,1350,1295,1300,1295,1262.5,1312.5,1375,1450,1450,1400,1390,1400,1395,1350,1350,1350,1350,1437.5,1495,1489,1450,1475,1450,1495,1527,1517,1550,1550,1550,1597.5,1595,1595,1585,1597.5,1675,1695,1650,1600,1595,1600,1595,1572.5,1595,1695,1672.5,1650,1650,1650,1600,1685,1700,1700,1725,1650,1695,1650,1695,1700,1695,1695,1695,1650,1700,1750,1725,1800,1750,1750,1745,1700,1700,1700,1695,1695
"Bluffton","SC","Hilton Head Island-Bluffton-Beaufort","Beaufort County",1060,,,,,,,,,,,,,,,,,,,,,,,,,,,,,,,1075,1125,1150,1225,1150,1150,1100,1100,1147,1100,1075,1100,1200,1147,1262.5,1236,1237.5,1200,1197,1200,1200,1215,1357.5,1350,1300,1375,1495,1300,1297,1350,1362.5,1300,1347,1397.5,1500,1350,1495,1450,1400,1375,1400,1395,1400,1450,1485,1472,1472.5,1500,1595,1500,1395,1525,1400,1412.5,1450,1573.5,1500,1500,1595,1600,1550,1550,1600,1550,1650,1543.5,1603.5,1650,1675,1695,1637.5,1675,1685,1785,1650,1600,1597,1600,1650
"North Miami Beach","FL","Miami-Fort Lauderdale-West Palm Beach","Miami-Dade County",1061,,,,,,,,,,,,,,,,,,,,,,,,1400,1400,1450,1500,1450,1400,1325,1300,1300,1297.5,1262.5,1300,1300,1300,1350,1300,1350,1400,1450,1500,1400,1450,1475,1525,1500,1495,1450,1450,1499,1585,1512.5,1600,1600,1550,1552.5,1600,1525,1500,1600,1650,1650,1600,1550,1609,1600,1550,1640,1600,1650,1700,1750,1732,1700,1649,1550,1600,1600,1692.5,1500,1600,1550,1550,1550,1600,1600,1600,1675,1700,1700,1650,1700,1650,1650,1650,1650,1750,1730,1700,1725,1700,1699.5,1700,1700,1700,1700,1700
"Essex","MD","Baltimore-Columbia-Towson","Baltimore County",1062,,,,,,,,,,,,,,,,,,,,,,,,,,,,,,,,,,,,,,,,,,,,,,,,,,,,,,,,,,,,,,,,,,,,,,,,,,,,,,,,,,,,,1450,1450,1405,1399,1450,1450,1450,1500,1500,1500,1450,1450,1500,1550,1500,1549.5,1500,1425,1500,1497.5,1475,1500,1525,1500,1500
"Bullhead City","AZ","Lake Havasu City-Kingman","Mohave County",1063,,,,,,,,,,,,,,,,,,,,,,,,,,,,,,,,,,,,,,,,,,,,,,,,,,,,,,,,,,,,,,,,,,,,,,,,,,,,,,,,,,,,,,,,,,,,,,,,,,1200,1200,1200,1297.5,1300,1350,1250,1300,1300,1200,1300,1225
"Aiea","HI","Urban Honolulu","Honolulu County",1064,,,,,,,,,,,,,,,,,,,,,,,,,,,,,,,,,,,,,,,,,,,,,,,,,,,,,,,,,,,,,,,,,,,,,,,,,,,,,,,,2000,2025,1925,1977.5,1950,1995,2000,2000,1975,1950,1875,1965,1950,1900,1800,1925,2050,2000,1900,1895,1912.5,1950,1925,2000,2000,2000,1900,1850,1950,1950
"Lancaster","TX","Dallas-Fort Worth-Arlington","Dallas County",1065,,,,,,,,,,,,,,,,,,,1095,1150,1150,1150,1150,1150,1150,1175,1075,1097,1050,1085,1150,1175,1150,1135,1095,1100,1190,1200,1200,1200,1175,1185,1200,1197.5,1200,1272.5,1250,1200,1212.5,1200,1200,1200,1250,1212.5,1195,1200,1200,1207.5,1230,1250,1250,1250,1295,1295,1295,1300,1300,1275,1289,1295,1265,1295,1345,1375,1400,1357.5,1400,1325,1335,1397,1295,1395,1372.5,1410,1400,1402.5,1405,1440,1425,1460,1425,1450,1450,1450,1425,1440,1412.5,1397.5,1450,1459,1500,1500,1550,1525,1547,1549.5,1510,1500,1507.5
"Middle River","MD","Baltimore-Columbia-Towson","Baltimore County",1066,,,,,,,,,,,,,,,,,,,,,,,,,,,,,,,,,,,,,,,,,,,,,,,,,,,,,,,,,,,,,,,,,,,,,,,,,,,,,,1650,1595,1650,1547,1500,1500,1400,1500,1500,1550,1550,1500,1500,1499,1530,1575,1599,1625,1612.5,1650,1600,1500,1500,1595,1550,1600,1725,1600,1600,1650,1612.5,1550
"Fond du Lac","WI","Fond du Lac","Fond du Lac County",1067,,,,,,,,,,,,,,,,,,,,,,,,,,,,,,,,,,,,,,,,,,,,,,,,,,,,,,,,,,,,,,,,,,,,,,,,,,,,,,,,,,,,,,,,,,,,,,,,,,618,650,625,625,637.5,650,650,640,700,625,675,725
"San Pablo","CA","San Francisco-Oakland-Hayward","Contra Costa County",1068,,,,,,,,,,,,,,,,,,,,,,,,,,,,,,,,,,,,,,,,,,,,,,,,,,,,,,,,,,,,,,,,,,,,,,,,,,,,,,,,,,,,,,,,,,2400,2495,2437.5,2300,2400,2400,2550,2500,2500,2600,2450,2650,2600,2700,2550,2545,2545,2600,2625,2550
"Monroe","NJ","New York-Newark-Jersey City","Middlesex County",1069,,,,,,,,,,,,,,,,,,,,,,,,,,,,,,,,,,,,,,,,,,,,,,,,,,,,,,,,,,,,,,,,,,,,,,,,,,,,,,,,,,,,,1895,1750,1800,1812.5,1800,1850,1850,1800,1850,1875,1900,1800,1800,1850,1800,1800,1750,1700,1850,1925,2000,2000,1800,1900,1900
"Norwich","CT","Norwich-New London","New London County",1070,,,,,,,,,,,,,,,,,,,,,,,,,,,,,,,,,,,,,,,,,,,,,,,,,,,,,,,,,,,,,,,,,,,,,,,,,,,,,,,,,,,,,1295,1300,1350,1395,1350,1350,1350,1295,1275,1297.5,1250,1250,1295,1285,1297.5,1295,1300,1300,1300,1262.5,1300,1262.5,1300,1350,1350
"Sun City","AZ","Phoenix-Mesa-Scottsdale","Maricopa County",1071,,,,,,,,,,,,,797.5,850,825,825,850,850,800,825,875,880,875,875,850,837.5,799.5,800,800,800,850,849,895,862.5,850,850,850,850,850,850,865,875,875,875,885,850,895,895,875,869,875,875,895,900,897.5,895,895,895,925,912.5,900,925,925,950,950,950,950,975,975,1000,1000,975,1000,997.5,995,962.5,950,1050,975,1000,972.5,950,950,950,1000,1000,1000,1100,1075,1050,1100,1100,1100,1100,1150,1100,1162.5,1162.5,1100,1100,1150,1200,1200,1175,1197.5,1200,1200,1200,1200
"Streamwood","IL","Chicago-Naperville-Elgin","Cook County",1072,,,,,,,,,,,,,,,,,,1572.5,1522.5,1450,1450,1375,1337.5,1297.5,1325,1325,1325,1300,1495,1495,1500,1350,1350,1395,1350,1412.5,1437.5,1500,1350,1400,1400,1375,1425,1500,1495,1500,1500,1495,1450,1495,1450,1425,1450,1450,1400,1545,1550,1550,1550,1472,1450,1475,1500,1500,1500,1550,1600,1595,1575,1550,1550,1500,1550,1600,1650,1550,1500,1525,1500,1550,1550,1500,1535,1375,1500,1547.5,1550,1520,1545,1550,1550,1550,1595,1595,1645,1600,1575,1550,1575,1572.5,1600,1570,1650,1600,1550,1599.5,1550,1500,1550
"Moorhead","MN","Fargo","Clay County",1073,,,,,,,,,,,,,,,,,,,,,,,,,,,,,,,,,,,,,,,,,,,,,,,,,,,,,,,,,,,,,,,,,,,,,,,,,,,,,,,,,,,,,1365,1375,1450,1400,1385,1350,1350,1297.5,1350,1350,1295,1350,1400,1397.5,1350,1400,1400,1350,1375,1375,1295,1295,1330,1372.5,1425
"Rancho Palos Verdes","CA","Los Angeles-Long Beach-Anaheim","Los Angeles County",1074,,,,,,,,,,,,,3500,3550,3497.5,3495,3200,3400,3295,3200,3200,2850,2700,2800,3000,3297.5,3295,3300,3225,3300,3400,3547.5,3390,3300,3350,3300,3300,3225,3500,3400,3600,3700,3400,3300,3400,3600,3492.5,3497.5,3450,3400,3445,3400,3500,3492.5,3650,3500,3490,3550,3575,3625,3500,3500,3600,3600,3697.5,3762.5,3600,3920,3937.5,3900,3900,3750,3647.5,3700,3700,3600,3697.5,3722.5,3900,3588,3497.5,3695,3900,3500,3800,3850,3850,4000,4200,4100,4000,3950,3900,3800,3800,3900,3995,4000,4200,3800,3747.5,3800,3900,3900,4000,4197.5,3912.5,4025,4037.5
"Mundelein","IL","Chicago-Naperville-Elgin","Lake County",1075,,,,,,,,,,,,,,,,,,,,,,,,,,,,,,,,,,,,,,,,,,,,,,,,,,,,,,,,,,,,,,,,,,,,,,,,,,,,,,,,,,,,,1600,1665,1600,1650,1682.5,1650,1650,1650,1600,1600,1645,1595,1600,1650,1600,1650,1694.5,1695,1695,1650,1625,1650,1645,1650,1650
"Wheeling","IL","Chicago-Naperville-Elgin","Cook County",1076,,,,,,,,,,,,,,,,,,,,,,,,,,,,,,,,,,,,,,,,,,,,,,,,,,,,,,,,,,,,,,,,,,,,,,,,,,,,,,,,,,,,,1572.5,1500,1500,1525,1525,1575,1425,1600,1650,1650,1600,1550,1585,1597.5,1550,1545,1600,1550,1500,1500,1550,1550,1525,1550,1575
"Scarsdale","NY","New York-Newark-Jersey City","Westchester County",1077,,,,,,,,,,,,,,,,,,,,,,,,,,,,,,,,,,,,,,,,,,,,,,,,,,,,,,,,,,,,,,,,,,,,,,,,,,,,,,,,,,,,,,,,,,,,,,,5950,6000,5950,4895,5300,5875,6100,6200,6300,6000,5875,5600,5500,5600,5400
"Florence","KY","Cincinnati","Boone County",1078,,,,,,,,,,,,,,,,,,,,,,,,,,,,,,,,,,,,,,,,,,,,,,,,,,,,,,,,,,,,,,,,,,,,,,,,,,,,,,,,,,,,1200,1150,1297.5,1300,1375,1350,1350,1412.5,1475,1450,1325,1297.5,1285,1295,1322.5,1375,1397.5,1405,1350,1350,1262.5,1250,1285,1325,1272.5,1250
"Clinton","MD","Washington-Arlington-Alexandria","Prince Georges County",1079,,,,,,,,,,,,,,,,,,,,,,,,,,,,,,,,,,,,,,,,,,,,,,,,,,,,,,,,,,,,,,,,,,,,,,,,,,,,,,,,,,,,,,1950,2200,2025,1995,2000,2100,2100,2197.5,1975,1950,1950,1950,1950,1950,1900,1900,1897.5,2100,2000,2000,2175,2000,2050,2050
"Casselberry","FL","Orlando-Kissimmee-Sanford","Seminole County",1079,,,,,,,,,,,,,,,,,1095,995,995,950,902.5,995,1095,997.5,1049,1050,1050,1050,999,995,1045,1075,1000,1024.5,995,995,975,995,1000,1050,1195,1095,1097.5,1150,1087.5,1095,1097.5,1012.5,1050,1099.5,1100,1100,1100,1200,1250,1200,1200,1217,1225,1204.5,1199.5,1250,1250,1239,1270,1250,1262.5,1250,1250,1250,1250,1250,1262.5,1295,1295,1275,1312.5,1297.5,1200,1225,1250,1250,1250,1195,1250,1350,1295,1382,1445,1300,1300,1350,1350,1375,1362.5,1300,1295,1400,1450,1500,1485,1485,1420,1398.5,1350,1400,1500,1500,1450
"Montclair","NJ","New York-Newark-Jersey City","Essex County",1081,,,,,,,,,,,,,,,,,,,,,,,,,,,,,,,,,,,,,,,,,,,,,,,,,,,,,,,,,,,,,,,,,,,,,,,,,,,,,,,,,,,,,,2250,2200,2200,2250,2250,2100,2450,2400,2300,2037.5,1900,2200,2200,1975,1900,2000,2250,2450,2497.5,2450,2425,2175,2150,2425
"Hillsborough","NJ","New York-Newark-Jersey City","Somerset County",1082,,,,,,,,,,,,,,,,,,,,,,,,,,,,,,,,,,,,,,,,,,,,,,,,,,,,,,,,,,,,,,,,,,,,,,,,,,,,,,,,,,,,,1900,1850,1900,1850,1950,1950,1975,2000,1800,1975,1950,1900,1900,2100,1800,1950,1825,2000,2000,1965,1900,1850,1850,1900,1985
"Burleson","TX","Dallas-Fort Worth-Arlington","Johnson County",1083,,,,,,,,,,,,,,,,,,,,,,,,,,,,,,,1350,1297.5,1300,1250,1200,1200,1172.5,1200,1200,1225,1250,1250,1225,1200,1250,1250,1250,1300,1300,1300,1300,1300,1350,1325,1350,1350,1350,1300,1337.5,1325,1325,1350,1395,1395,1375,1395,1425,1495,1400,1437.5,1375,1347.5,1300,1375,1395,1395,1395,1439,1375,1475,1350,1450,1367,1397.5,1400,1475,1472.5,1500,1585,1550,1550,1500,1500,1545,1550,1515,1540,1550,1585,1595,1562.5,1635,1635,1595,1550,1595,1562.5,1550,1595
"Jacksonville","AR","Little Rock-North Little Rock-Conway","Pulaski County",1084,,,,,,,,,,,,,,,,,,,,,,,,,,,,,,,,,,,,,,,,,,,,,,,,,,,,,,,,,,,,,,,,,,,,,,,,,,,,,,,780,850,772.5,750,725,750,800,812.5,800,912.5,937.5,800,850,800,875,875,800,750,762.5,795,850,800,800,750,862.5,825,895,900,850,750,795
"Winslow","NJ","Philadelphia-Camden-Wilmington","Camden County",1085,,,,,,,,,,,,,,,,,,,,,,,,,,,,,,,,,,,,,,,,,,,,,,,,,,,,,,,,,,,,,,,,,,,,,,,,,,,,,,,,,,,,,1500,1500,1312.5,1400,1500,1400,1337.5,1425,1500,1500,1412.5,1450,1475,1487.5,1500,1500,1475,1600,1475,1500,1500,1487.5,1450,1412.5,1400
"Woodinville","WA","Seattle-Tacoma-Bellevue","King County",1086,,,,,,,,,,,,,,,,,,,,,,,,,,,,,,,,,,,,,,,,,,,,,,,,,,,,,,,,,,,,,,,,,,,,,,,,,,,,,,,,,,,,,,,,,,,,,,,,,2600,2500,2650,2895,2797.5,2597.5,2800,2787.5,2699,2500,2625,2395,2550
"Milton","GA","Atlanta-Sandy Springs-Roswell","Fulton County",1087,,,,,,,,,,,,,,,,,,,,,,,,,,,,,,,,,1795,1800,1950,1600,1600,1595,1550,1597.5,1695,1795,1650,1675,1650,1625,1700,1897.5,1700,1675,1695,1695,1850,2125,2000,1800,1750,1900,1650,1650,1750,1825,2050,2100,1995,2000,1995,1930.5,1900,1850,1800,1912.5,1950,1975,1972.5,2050,2100,1950,1900,2074.5,1999.5,2200,1850,1850,1999.5,1970,1900,1950,2000,1950,2100,2200,2175,1998,1995,1985,2000,2100,2100,2095,2095,2150,2100,1995,2000,2000,1975,2024,2075
"Kendall West","FL","Miami-Fort Lauderdale-West Palm Beach","Miami-Dade County",1088,,,,,,,,,,,,,1225,1200,1200,1200,1189.5,1200,1180,1194.5,1200,1200,1200,1250,1250,1250,1250,1299.5,1250,1300,1275,1250,1250,1300,1255,1267.5,1300,1300,1300,1300,1350,1400,1350,1395,1350,1400,1550,1500,1500,1550,1550,1500,1400,1400,1450,1450,1450,1497.5,1500,1490,1450,1450,1500,1600,1600,1500,1500,1500,1475,1500,1600,1500,1550,1550,1600,1612.5,1550,1565,1650,1522.5,1575,1600,1500,1570,1600,1650,1650,1650,1600,1650,1650,1575,1600,1550,1550,1650,1650,1600,1650,1687.5,1600,1550,1550,1550,1585,1600,1600,1575,1595
"Belton","TX","Killeen-Temple","Bell County",1089,,,,,,,,,,,,,,,,,,,,,,,,,,,,,,,,,,,,,1262.5,1150,1195,1200,1225,1097.5,1050,1137.5,1172.5,1185,1197.5,1172.5,1197.5,1225,1200,1200,1250,1225,1225,1225,1200,1237.5,1212.5,1225,1225,1225,1200,1295,1295,1295,1295,1285,1295,1250,1250,1200,1250,1285,1300,1297.5,1395,1297.5,1250,1250,1297.5,1225,1275,1250,1200,1200,1295,1295,1300,1312.5,1295,1250,1250,1200,1247.5,1250,1250,1250,1295,1350,1320,1350,1350,1350,1295,1290,1295,1250,1262.5
"Montgomery","TX","Houston-The Woodlands-Sugar Land","Montgomery County",1090,,,,,,,,,,,,,,,,,,,,,,,,,,,,,,,,,,,,1600,1500,1350,1500,1500,1350,1450,1275,1285,1167.5,1297.5,1312.5,1325,1400,1400,1400,1495,1500,1550,1550,1525,1550,1600,1612.5,1550,1575,1572,1519,1595,1525,1525,1595,1562.5,1500,1475,1539.5,1550,1514.5,1529,1575,1672.5,1600,1525,1497.5,1450,1595,1520,1495,1385,1550,1585,1500,1550,1600,1595,1595,1600,1575,1550,1589.5,1599,1550,1525,1550,1500,1600,1650,1600,1600,1597.5,1600,1600,1550,1595
"Great Neck","NY","New York-Newark-Jersey City","Nassau County",1091,,,,,,,,,,,,,,,,,,,,,,,,,,,,,,,,,,,,,,,,,,,,,,,,,,,,,,,,,,,,,,,,,,,,,,,,,,,,,,,,,,3850,4125,3900,3850,3700,3800,3800,4200,4400,4250,4200,4250,4275,4200,4000,4150,4350,4300,3800,3825,4300,4400,4425,4312.5,4320,4500,4352.5,4200
"Lutherville Timonium","MD","Baltimore-Columbia-Towson","Baltimore County",1092,,,,,,,,,,,,,,,,,,,,,,,,,,,,,,,,,,,,,,,,,,,,,,,,,,,,,,,,,,,,,,,,,,,,,,,,,,,,,,,,,,,,,1992.5,1997.5,2000,2000,2000,2000,2000,2000,2000,1950,1972.5,1950,1992.5,1900,1900,1950,1900,2000,2100,2100,2025,2050,2000,1850,1850
"Northbrook","IL","Chicago-Naperville-Elgin","Cook County",1093,,,,,,,,,,,,,,,,,,,,,,,,,,,,,,,,,,,,,,,,,,,,,,,,,,,,,,,,,,,,,,,,,,,,,,,,,,,,,,,,,,,,,,,2100,2275,2400,2400,2470,2250,2295,2295,2150,2100,2100,2100,2150,2174.5,2300,2450,2600,2600,2400,2375,2487.5,2500,2400
"Oakley","CA","San Francisco-Oakland-Hayward","Contra Costa County",1094,,,,,,,,,,,,,,1695,1750,1995,1750,1600,1600,1650,1695,1650,1650,1600,1649,1725,1650,1700,1750,1750,1700,1700,1725,1749.5,1750,1837,1849,1849.5,1825,1845,1834.5,1800,1792.5,1750,1795,1829,1875,1850,1775,1800,1755,1750,1750,1750,1772.5,1750,1829,1775,1800,1800,1875,1900,1950,1875,1850,1875,1875,1975,2000,1999,1900,1950,1967.5,1925,2000,2000,2100,2000,1885,1950,1875,1950,2015,2000,2100,2000,2125,2120,2000,2150,2180,2100,2150,2295,2200,2197.5,2172.5,2195,2200,2200,2175,2200,2290,2175,2295,2245,2200,2325,2325
"Nottingham","MD","Baltimore-Columbia-Towson","Baltimore County",1095,,,,,,,,,,,,,,,,,,,,,,,,,,,,,,,,,,,,,,,,,,,,,,,,,,,,,,,,,,,,,,,,,,,,,,,,,,,,,,,,,,,,,1537.5,1537.5,1550,1550,1600,1550,1537.5,1600,1600,1650,1650,1600,1550,1600,1612.5,1600,1600,1625,1600,1600,1600,1650,1650,1650,1635
"Waianae","HI","Urban Honolulu","Honolulu County",1096,,,,,,,,,,,,,,,,,,,,,,,,,,,,,,,,,,,,,,,,,,,,,,,,,,,,,,,,,,,,,,,,,,,,,,,,,,,,,,,,,,,,1500,1450,1300,1400,1500,1600,1600,1700,1800,1825,1600,1600,1564.5,1595,1650,1800,2000,1950,2050,2000,1800,1800,1600,1600,1600,1675
"Cartersville","GA","Atlanta-Sandy Springs-Roswell","Bartow County",1097,,,,,,,,,,,,,,,,,,,,,,,,,,,,,,,,,,,,,,,,,,,,,,,,,,,,,,,,,,,,,,,,,,,,,,,,,,,,,,,,,,,935,937.5,950,995,995,1059,1059.5,965,965,900,1000,1100,995,972.5,1050,1197.5,1150,1050,960,997.5,1075,1100,1025,1037.5,1170.5,1100,1147.5
"Wentzville","MO","St. Louis","Saint Charles County",1098,,,,,,,,,,,,,,,,,,,,,,,,,,,,,,,,,,,,,,,,,,,,,,,,,,,,,,,,,,,,,,,,,,,,,,,,,,,,,,,,,,,,1450,1450,1462.5,1495,1495,1595,1450,1437.5,1450,1450,1450,1450,1395,1400,1497,1472.5,1485,1512.5,1535,1495,1485,1450,1525,1500,1550,1500
"Hallandale","FL","Miami-Fort Lauderdale-West Palm Beach","Broward County",1099,,,,,,,,,,,,,,,,,,,,,,,,,,,,,,,,,,,,,,,,,,,,,,,,,,,,,,,,,,,,,,,,,,,,,,,,,,,,,,,,,,,,,1875,1800,2000,1792.5,1800,1849,1850,2100,2100,2100,2000,2000,2000,2000,2000,2000,2000,2082.5,2100,2200,2200,1899,1900,1950,1900
"Culver City","CA","Los Angeles-Long Beach-Anaheim","Los Angeles County",1100,,,,,,,,,,,,,,,,,,,,,,,,,,,,,,,,,,,,,,,,,,,,,,,,,,,,,,,,,,,,,,,,,,,,,,,,,,,,,,,,,,,,,,,,,,,,,3700,3350,3600,3675,3497.5,3275,3800,3800,3597.5,3750,3700,3925,3747.5,3450,3150,3095,3472.5
"Saratoga Springs","NY","Albany-Schenectady-Troy","Saratoga County",1101,,,,,,,,,,,,,,,,,,,,,,,,,,,,,,,,,,,,,,,,,,,,,,,,,,,,,,,,,,,,,,,,,,,,,,,,,,,,,,,,,,,,,,,,2250,2500,2647.5,2500,2300,2200,1950,1995,2000,2100,2200,2500,2400,2500,2500,2500,2400,2295,2082.5,2000,2000,2050
"Fairborn","OH","Dayton","Greene County",1102,,,,,,,,,,,,,,,,,,,,,,,,,,,,,,,,,,,,,,,,,,,,,,,,,,,,,,,,,,,,,,,,,,,,,,,,,,,,,,,,,,,,,850,850,875,900,900,900,950,912.5,900,900,912.5,895,895,850,850,850,912.5,975,875,912.5,947.5,900,897.5,800,845
"Duncanville","TX","Dallas-Fort Worth-Arlington","Dallas County",1103,,,,,,,,,,,,,,,,,,,,,,,,,,,,,,,,,,,,,,,,,,,,,,,,,,,,,,,,,,,,,,,,,,,,,,,,,,,,,,,,,,,,,,,1350,1300,1300,1295,1350,1350,1300,1300,1300,1325,1350,1395,1395,1395,1395,1385,1350,1350,1400,1400,1400,1400,1400
"Fairburn","GA","Atlanta-Sandy Springs-Roswell","Fulton County",1104,,,,,,,,,,,,,,,,,,,1195,1050,1045,1000,1050,1100,1050,1097.5,1100,1100,1100,1100,1095,1050,1097.5,1095,1050,1050,1085,1050,1100,1150,1195,1150,1100,1125,1125,1150,1050,1100,1100,1137.5,1110,1105,1150,1189,1137.5,1150,1150,1100,1100,1100,1100,1200,1267.5,1225,1175,1197.5,1200,1250,1200,1200,1200,1225,1275,1200,1225,1200,1247.5,1187.5,1200,1200,1200,1194,1195,1200,1250,1287,1300,1375,1350,1339.5,1355,1322.5,1350,1300,1400,1400,1400,1400,1400,1400,1392.5,1395,1400,1360,1400,1405,1417.5,1495,1460
"Marion","IA","Cedar Rapids","Linn County",1105,,,,,,,,,,,,,,,,,,,,,,,,,,,,,,,,,,,,,,,,,,,,,,,,,,,,,,,,,,,,,,,,,,,,,,,,,,,,,,,,,,,,,,985,995,1137.5,1112.5,1042.5,1187.5,1162.5,1100,940,926.5,1012.5,1025,1050,1037.5,1012.5,1050,1050,985,938,1000,1062.5,960,1050,1062.5
"Greenacres","FL","Miami-Fort Lauderdale-West Palm Beach","Palm Beach County",1106,,,,,,,,,,,,,,,,,,,,1050,1125,1150,1197.5,1100,1075,1025,1075,1197,1100,1200,1100,1100,1125,1150,1100,1150,1150,1175,1150,1100,1100,1200,1300,1300,1325,1400,1400,1450,1450,1450,1425,1400,1300,1300,1340,1355,1352.5,1300,1300,1300,1400,1457.5,1450,1450,1350,1350,1375,1400,1309,1325,1300,1350,1350,1387.5,1300,1325,1375,1250,1300,1250,1400,1375,1300,1300,1300,1295,1262.5,1300,1300,1300,1350,1350,1350,1400,1375,1350,1350,1395,1350,1350,1447.5,1400,1400,1400,1400,1397.5,1400,1400,1400
"La Quinta","CA","Riverside-San Bernardino-Ontario","Riverside County",1107,,,,,,,,,,,,,,,,,,,,,,,,,,,,,,,,,,,,,,,,,,,,,,,,,,,,,,,,,,,,,,,,,,,,,,,,,,,,,,,,,,,,,,,,,,,,,,,,,4500,4500,4500,4000,3800,4000,4000,4000,4500,4500,4500,4500,4500
"Palmetto","FL","North Port-Sarasota-Bradenton","Manatee County",1108,,,,,,,,,,,,,,,,,,,,,,,,,,,,,,,,,,,,,,,,,,,,,,,,,,,,,,,,,,,,,,,,,,,,,,,,,,,,,,,,,,,,1512.5,1624.5,1620,1675,1695,1695,1695,1700,1700,1720,1750,1750,1737.5,1725,1705,1695,1700,1720,1725,1700,1742.5,1705,1772.5,1795,1750,1795
"Mableton","GA","Atlanta-Sandy Springs-Roswell","Cobb County",1109,,,,,,,,,,,,,,,,,,,,,,,,,,,,,,,,,,,,,,,,,,,,,,,,,,,,,,,,,,,,,,,,,,,,,,,,,,,,,,,,,,,,,,1299,1397,1450,1445,1575,1450,1397.5,1350,1350,1310,1334.5,1295,1275,1265,1280,1400,1450,1430,1385,1445,1450,1447.5,1478,1472
"Chelsea","MA","Boston-Cambridge-Newton","Suffolk County",1110,,,,,,,,,,,,,,,,,,,,,,,,,,,,,,,,,,,,,,,,,,,,,,,,,,,,,,,,,,,,,,,,,,,,,,,,,,,,,,,,,,,,1747.5,1750,1825,1750,1700,1650,1700,1700,1850,1862.5,1940.5,1875,1800,1850,1800,1750,1885,1925,2000,2000,2175,2000,2000,1995,1900,1900
"Chester","PA","Philadelphia-Camden-Wilmington","Delaware County",1111,,,,,,,,,,,,,,,,,,,,,,,,,,,,,,,,,,,,,,,,,,,,,,,,,,,,,,,,,,,,,,,,,,,,,,,,,,,,,,,,,,,,,,987.5,940,1037.5,1000,975,950,962.5,950,900,900,900,875,950,950,900,950,995,975,950,950,975,975,1000,1000
"Park Ridge","IL","Chicago-Naperville-Elgin","Cook County",1112,,,,,,,,,,,,,,,,,,,,,,,,,,,,,,,,,,,,,,,,,,,,,,,,,,,,,,,,,,,,,,,,,,,,,,,,,,,,,,,,,,,,,1917.5,1917.5,1950,2100,1900,2000,2100,2300,2025,2000,2185,2100,2100,2200,2300,2349,2150,2425,2230,2162.5,2100,2000,2000,2250,2250
"Brownsburg","IN","Indianapolis-Carmel-Anderson","Hendricks County",1113,,,,,,,,,,,,,,,,,,,,,,,,,,,,,,,,,,,,,,,,,,,,,,,,,,,,,,,,,,,,,,,,,,,,,,,,,,,,,,,,,,,,,1262.5,1337.5,1325,1325,1362.5,1395,1395,1395,1410,1390,1350,1325,1362.5,1325,1395,1442.5,1447.5,1445,1397.5,1350,1395,1515,1475,1445,1350
"Boerne","TX","San Antonio-New Braunfels","Kendall County",1114,,,,,,,,,,,,,,,,1435,1625,1575,1495,1597.5,1597.5,1475,1450,1497.5,1500,1600,1500,1525,1695,1600,1750,1697.5,1750,1554.5,1650,1637.5,1587.5,1485,1497.5,1500,1500,1600,1595,1637.5,1525,1500,1500,1525,1550,1512.5,1562.5,1595,1700,1687.5,1750,1650,1595,1650,1650,1595,1797.5,1800,1800,1800,1747.5,1700,1800,1800,1800,1725,1797.5,1850,1837.5,1775,1795,1800,1850,1625,1900,1850,1572.5,1600,1775,1795,1785,1797.5,1800,1800,1795,1862.5,1800,1800,1712.5,1737.5,1797.5,1800,1800,1797.5,1800,1750,1762.5,1800,1800,1800,1797.5,1800,1750,1795,1800
"Seattle Hill-Silver Firs","WA","Seattle-Tacoma-Bellevue","Snohomish County",1115,,,,,,,,,,,,,,,,,,,,,,,,,,,,,,,,,,,,,,,,,,,,,,,,,,,,,,,,,,,,,,,,,,,,,,,,,,,,,,,,,,,,,2300,2389.5,2379,2390,2490,2400,2332.5,2300,2247.5,2295,2190,2192.5,2225,2175,2290,2400,2497,2412.5,2490,2412.5,2397.5,2300,2299.5,2300,2325
"Hurst","TX","Dallas-Fort Worth-Arlington","Tarrant County",1116,,,,,,,,,,,,,,,,,,,,,,,,,,,,,,,,,,,,,,,,,,,,,,,,,,,,,,,,,,,,,,,,,,,,,,,,,,,,,,,,,,,,,,,,,,,,,,,,1500,1499.5,1550,1600,1495,1450,1625,1550,1600,1650,1650,1600,1600,1600
"Dunnellon","FL","Ocala","Marion County",1117,,,,,,,,,,,,,,,,,,,,,,,,,,,,,,,,,,,,,,,,,,,,,,,,,,,,,,,,,,,,,,,,,,,,,,,,,,,,,,,,,,,,,950,1000,1000,1000,1000,1100,1000,1075,1100,1100,1200,1200,1125,1150,1125,1150,1125,1100,1100,1200,1200,1195,1100,1100,1100
"Aventura","FL","Miami-Fort Lauderdale-West Palm Beach","Miami-Dade County",1118,,,,,,,,,,2000,1900,1800,1800,1862.5,1800,1800,1800,1800,1825,1890,1900,1950,1900,1900,1900,1950,1950,1992.5,2000,2095,2000,2000,2100,2095,2000,2000,2000,2100,2100,2050,2200,2200,2250,2200,2100,2100,2100,2100,2200,2200,2200,2200,2300,2300,2350,2350,2325,2350,2400,2350,2350,2300,2357.5,2350,2450,2499,2500,2510,2500,2500,2400,2300,2400,2500,2550,2500,2450,2500,2500,2499.5,2200,2200,2350,2300,2250,2300,2390,2350,2300,2300,2300,2400,2400,2400,2300,2350,2375,2300,2350,2400,2500,2500,2500,2450,2400,2400,2400,2450,2400
"Englewood","CO","Denver-Aurora-Lakewood","Arapahoe County",1119,,,,,,,,,,,,,,,,,,,,,,,,,,,,,,,,,,,,,,,,,,,,,,,,,,,,,,,,,,,,,,,,,,,,,,,,,,,,,,,,,,,,,1950,1895,1900,1900,1900,2000,1895,1875,1862.5,1900,1850,1837.5,1900,1925,1875,1950,2150,2050,2025,2000,2000,1900,1987.5,1997.5,1950
"Hanover Park","IL","Chicago-Naperville-Elgin","DuPage County",1120,,,,,,,,,,,,,,,,,,,,,,,,,,,,,,,,,,,,,,,,,,,,,,,,,,,,,,,,,,,,,,,,,,,,,,,,,,,,,,,,,,,,,1412.5,1325,1400,1450,1400,1562.5,1550,1500,1500,1550,1575,1550,1525,1590,1550,1500,1595,1550,1575,1512.5,1497.5,1527.5,1537.5,1550,1585
"Alamogordo","NM","Alamogordo","Otero County",1121,,,,,,,,,,,,,,,,,,,,,,,,,,,,,,,,,,,,,,,,,,,,,,,,,,,,,,,,,,,,,,,,,,,,,,,,,,,,,,,,,,,,,,,,,,,,,,,1000,997.5,1000,1050,1150,1200,1150,995,1050,1050,1200,1300,1200,1240,1200
"Northglenn","CO","Denver-Aurora-Lakewood","Adams County",1122,,,,,,,,,,,,,,,,,,,,,,,,,,,,,,,,,,,,,,,,,,,,,,,,,,,,,,,,,,,,,,,,,,,,,,,,,,,,,,,,,,,,,,,,1845,1800,1800,1872.5,1895,1872.5,1850,1885,1950,1900,1895,1905,1895,1900,1900,1900,1850,1800,1800,1795,1850,1895
"Friendswood","TX","Houston-The Woodlands-Sugar Land","Galveston County",1123,,,,,,,,,,,,,,,,,,,,,,,,,,,,,,,,,,,,,,,,,,,,,,,,,,,,,,,,,,,,,,,,,,,,,,,,,,,,,,,,,,,1600,1575,1500,1600,1800,1800,1762.5,1700,1610,1600,1600,1537.5,1597.5,1650,1650,1600,1675,1595,1600,1650,1725,1695,1675,1595,1600,1625,1700
"Franconia","VA","Washington-Arlington-Alexandria","Fairfax County",1124,,,,,,,,,,,,,,2050,1925,1850,1900,2075,2100,2000,2150,2147.5,1950,1950,1950,2000,2000,2000,1950,2100,2100,2000,2000,1950,1950,2000,1825,1862.5,1900,1900,1900,2000,2000,1997.5,2075,2100,2097.5,2095,1975,2000,2075,2075,2100,2100,2200,2100,2172.5,2125,2100,2000,1995,1950,2000,2150,2200,2250,2100,2200,2200,2200,2100,2200,2100,2100,2175,2100,2200,1975,2200,2150,1997.5,2025,2095,2000,2000,2000,2100,2200,2200,2285,2295,2295,2200,2200,2199.5,2200,2200,2125,2225,2299.5,2350,2350,2450,2400,2325,2225,2250,2272.5,2250
"Lincoln Park","MI","Detroit-Warren-Dearborn","Wayne County",1125,,,,,,,,,,,,,,,,,,,,,,800,800,825,800,812.5,800,850,850,812.5,825,825,787,800,825,825,812.5,800,800,799,800,825,787,775,837.5,850,850,850,850,850,850,850,850,850,800,850,850,850,800,812.5,850,850,850,850,850,850,875,850,850,900,885,882.5,875,900,880,875,900,850,900,900,872.5,850,895,850,850,850,900,900,925,900,900,900,900,900,899.5,899.5,875,900,900,900,925,900,900,950,925,900,950,925,900
"Hilton Head Island","SC","Hilton Head Island-Bluffton-Beaufort","Beaufort County",1126,,,,,,,,,,,,,,,,,,,,,,,,,,,,,,,,,,,,,,,,,,,,,,,,,,,,,,,,,,,,,,,,,,,,,,,,,,,,,,,,,,,,,,,,,,,,,3000,2462.5,2245,2245,2400,2481,2400,2325,2475,2400,2400,2200,2200,2150,2050,2250,2187.5
"Huber Heights","OH","Dayton","Montgomery County",1127,,,,,,,,,,,,,,,,,,,,,,,,,,,,,,,,,,,,,,,,,,,,,,,,,900,900,895,795,710,657.5,715,695,700,705,735,725,715,795,792.5,850,875,900,850,825,805,797.5,800,800,805,795,835,837.5,785,830,850,850,835,812.5,845,825,835,850,797,830,849,875,850,925,895,895,850,855,839,870,927.5,980,897.5,885,870,830,815,830,780,830,877.5
"Moorpark","CA","Oxnard-Thousand Oaks-Ventura","Ventura County",1128,,,,,,,,,,,,,,,,,,,,,,,,,,,,,,,,,,,,,,,,,,,,,,,,,,,,,,,,,,,,,,,,,,,,,,,,,,,,,,,,,,,,,,,,,,2950,2775,2895,3000,3000,2750,3000,2995,2972.5,2972.5,3000,3000,3100,3250,3095,2975,3100,3050,3200,3297.5
"District Heights","MD","Washington-Arlington-Alexandria","Prince Georges County",1129,,,,,,,,,,,,,,,,,,,,,,,,,,,,,,,,,,,,,,,,,,,,,,,,,,,,,,,,,,,,,,,,,,,,,,,,,,,,,,,,,,,,,1700,1597.5,1590,1597.5,1697.5,1750,1695,1700,1750,1700,1697.5,1750,1672.5,1695,1735,1600,1600,1700,1700,1700,1710,1725,1725,1750,1800
"Converse","TX","San Antonio-New Braunfels","Bexar County",1130,,,,,,,,,,,,,,1050,1095,1100,1137.5,1150,1125,1100,1100,1050,1037,1095,1095,1095,1085,1050,1095,1195,1195,1100,1100,1097.5,1150,1105,1080,1150,1150,1195,1100,1137.5,1150,1150,1150,1175,1195,1182.5,1150,1150,1175,1175,1200,1225,1250,1200,1195,1195,1195,1195,1197,1225,1225,1245,1247.5,1250,1250,1254.5,1250,1195,1200,1200,1195,1200,1250,1275,1250,1254.5,1250,1315,1285,1267,1267,1200,1295,1295,1295,1295,1300,1325,1350,1350,1315,1300,1275,1295,1295,1295,1295,1350,1350,1350,1375,1390,1395,1390,1350,1350,1352.5
"Trumbull","CT","Bridgeport-Stamford-Norwalk","Fairfield County",1131,,,,,,,,,,,,,,,,,,,,,,,,,,,,,,,,,,,,,,,,,,,,,,,,,,,,,,,,,,,,,,,,,,,,,,,,,,,,,,,,,,,,,,2400,2300,2400,2400,2300,2400,2300,2300,2400,2200,2200,2200,2350,2250,2450,2300,2500,2500,2500,2500,2150,2000,2000,2350
"Claremont","CA","Los Angeles-Long Beach-Anaheim","Los Angeles County",1132,,,,,,,,,,,,,,,,,,,,,,,,,,,,,,,,,,,,,,,,,,,,,,,,,,,,,,,,,,,,,,,,,,,,,,,,,,,,,,,,,,,,,2495,2495,2500,2500,2537.5,2597.5,2600,2500,2500,2500,2595,2595,2597.5,2675,2600,2600,2700,2700,2650,2650,2697.5,2650,2600,2595,2500
"Bentonville","AR","Fayetteville-Springdale-Rogers","Benton County",1133,,,,,,,,,,,,,950,950,950,925,975,950,1032.5,1100,1100,1100,1050,962.5,950,985,997.5,1000,1100,1025,1050,1100,1187.5,1125,1200,1175,1200,1200,1200,1150,1100,1100,1225,1287.5,1100,1175,1225,1225,1225,1200,1200,1200,1200,1150,1137.5,1200,1250,1300,1200,1200,1295,1300,1300,1350,1350,1300,1272.5,1297.5,1212.5,1237.5,1212.5,1225,1300,1350,1375,1350,1300,1395,1300,1300,1200,1200,1312.5,1200,1287.5,1387.5,1400,1400,1350,1300,1300,1300,1250,1250,1250,1250,1250,1250,1262.5,1350,1400,1400,1400,1375,1300,1275,1299,1350,1350
"Fort Lee","NJ","New York-Newark-Jersey City","Bergen County",1134,,,,,,,,,,,,,,,,,,,,,,,,,,,,1950,2200,2300,2325,2100,2175,2375,2500,2350,2350,2300,1990,1937.5,1937.5,2050,2075,1900,2100,2075,2250,2250,2250,2250,2250,2250,2075,1850,1975,2275,2350,2250,2175,2250,2300,2025,2000,2050,2175,1950,2100,2100,2300,2400,2400,2100,2250,2250,2300,2275,2200,2212.5,2200,2450,2350,2300,2200,2000,2300,2450,2250,2250,2400,2300,2300,2400,2357,2300,2300,2300,2350,2300,2300,2250,2250,2385,2353.5,2400,2405,2300,2400,2300,2500
"Sulphur","LA","Lake Charles","Calcasieu Parish",1135,,,,,,,,,,,,,,,,,,,,,,,,,,,,,,,,,,,,,,,,,,,,,,,,,,,,,,,,,,,,,,,,,,,,,,,,,,,,,,,,,,,,,,,,,,,,,,,,,1495,1450,1500,1525,1350,1500,1625,1650,1395,1300,1400,1400,1350
"East Point","GA","Atlanta-Sandy Springs-Roswell","Fulton County",1136,,,,,,,,,,,,,,,,,900,950,850,850,850,850,800,825,850,825,825,797.5,850,850,875,850,850,825,825,850,850,849,839,800,850,850,850,850,850,875,862.5,850,875,885,875,875,875,875,875,850,850,895,895,850,847.5,892.5,895,900,895,895,892.5,900,897.5,897.5,925,950,900,900,945,947.5,900,937.5,1000,910,900,900,937.5,900,997.5,995,959,975,997,992.5,995,995,995,996.5,977.5,975,995,997.5,1025,1029,1100,1095,1112.5,1100,1095,1100,1064.5,1124.5,1100
"Shrewsbury","MA","Worcester","Worcester County",1137,,,,,,,,,,,,,,,,,,,,,,,,,,,,,,,,,,,,,,,,,,,,,,,,,,,,,,,,,,,,,,,,,,,,,,,,,,,,,,,,,,,,,,,,,,,,,1700,1600,1750,1850,1750,1525,1600,1675,1600,1800,2047.5,2000,2000,2050,2137.5,2100,2000
"Oro Valley","AZ","Tucson","Pima County",1138,,,,,,,,,,,,,,,,1650,1595,1600,1500,1500,1400,1500,1500,1450,1395,1425,1495,1485,1495,1500,1425,1400,1450,1500,1500,1500,1500,1500,1450,1495,1400,1395,1400,1475,1400,1375,1350,1395,1400,1400,1400,1400,1450,1400,1400,1395,1395,1390,1400,1397,1400,1450,1495,1495,1550,1525,1500,1495,1500,1500,1525,1485,1500,1500,1400,1412.5,1497.5,1500,1400,1500,1395,1412.5,1400,1500,1395,1447.5,1450,1595,1490,1500,1500,1462.5,1500,1695,1750,1775,1700,1700,1800,1650,1650,1650,1695,1700,1700,1650,1600,1650,1800
"Cedar Falls","IA","Waterloo-Cedar Falls","Black Hawk County",1139,,,,,,,,,,,,,,,,,,,,,,,,,,,,,,,,,,,,,,,,,,,,,,,,,,,,,,,,,,,,,,,,,,,,,,,,,,,,,,,,,,,,,1200,1150,1095,1200,1100,1100,1050,1200,1200,1200,1200,1200,1200,1200,1240,1200,1150,1300,1200,1200,1300,1345,1300,1300,1240
"Moncks Corner","SC","Charleston-North Charleston","Berkeley County",1140,,,,,,,,,,,,,,,,,,,,,,,,,,,,,,,,,,,,,,,,,,,,,,,,,,,,,,,,,,,,,,,,,,,,,,,,,,,,,,,,,,,,1237.5,1450,1425,1675,1597.5,1595,1450,1512.5,1575,1595,1500,1550,1550,1495,1450,1495,1595,1610,1605,1637.5,1672.5,1600,1590,1600,1650,1585
"Tucker","GA","Atlanta-Sandy Springs-Roswell","Dekalb County",1141,,,,,,,,,,,,,,,,,,,,,,,,,,,,,,,,,,,,,,,,,,,,,,,,,,,,,,,,,,,,,,,,,,,,,,,,,,,,,,,,,,,,,1295,1349,1450,1449.5,1400,1600,1474.5,1425,1550,1574.5,1525,1400,1395,1350,1400,1500,1550,1550,1550,1650,1595,1650,1625,1595,1499.5
"Buffalo Grove","IL","Chicago-Naperville-Elgin","Lake County",1142,,,,,,,,,,,,,,,,,,,,,,,,,,,,,,,,,,,,,,,,,,,,,,,,,,,,,,,,,,,,,,,,,,,,,,,,,,,,,,,,,,,1800,1950,1800,1812.5,1800,2100,2000,2000,2100,2100,2150,1995,2025,2100,1997.5,1970,2050,2000,2100,2200,2225,2200,2125,2150,1970,1850,1850
"Copperas Cove","TX","Killeen-Temple","Coryell County",1143,,,,,,,,,,,,,,,,,,,850,825,850,850,850,950,995,975,950,900,917.5,995,1095,950,950,920,1000,950,950,795,825,825,895,900,895,875,850,850,850,875,875,875,895,895,915,925,925,900,875,885,895,895,875,895,900,930,900,895,900,895,895,850,850,825,825,850,850,900,850,895,877.5,945,875,925,895,937.5,895,875,895,895,925,900,925,925,950,925,895,897.5,897,900,875,900,912.5,900,875,875,900,895,900,900,895
"Ewing","NJ","Trenton","Mercer County",1144,,,,,,,,,,,,,,,,,,,,,,,,,,,,,,,,,,,,,,,1775,1700,1672.5,1624.5,1600,1650,1737.5,1697.5,1700,1690,1650,1700,1700,1700,1700,1800,1700,1700,1700,1700,1700,1700,1695,1700,1650,1600,1625,1750,1700,1700,1695,1797.5,1800,1795,1725,1750,1800,1800,1900,1750,1695,1750,1700,1800,1700,1692.5,1775,1750,1787.5,1800,1800,1750,1750,1700,1925,1965,1940,1887.5,1762.5,1800,1825,1800,1800,1762.5,1787.5,1800,2000,2000,2000,1975,2000
"Lake Worth","FL","Miami-Fort Lauderdale-West Palm Beach","Palm Beach County",1145,,,,,,,,,,,,,,,,,,,,,,,,,,,,,,,,,,,,,,,,,,,,,,,1387.5,1350,1450,1450,1450,1450,1325,1300,1280,1300,1350,1300,1397.5,1300,1300,1300,1387.5,1400,1359,1350,1362.5,1500,1450,1437.5,1400,1350,1400,1397.5,1400,1465,1500,1450,1500,1500,1400,1500,1500,1500,1467.5,1362.5,1464.5,1399,1495,1495,1500,1400,1450,1500,1672.5,1600,1500,1500,1500,1500,1600,1500,1500,1600,1600,1500,1495,1575,1495
"Grovetown","GA","Augusta-Richmond County","Columbia County",1146,,,,,,,,,,,,,,,,,,,,,,,1075,1000,999.5,1062.5,1050,1050,1095,1095,1100,1100,1100,1095,1100,1095,1100,1100,1100,1100,1150,1100,1100,1100,1100,1150,1100,1100,1100,1125,1125,1150,1150,1195,1150,1200,1150,1100,1100,1150,1162.5,1195,1195,1200,1200,1200,1200,1200,1200,1200,1200,1200,1200,1200,1200,1200,1250,1200,1250,1250,1200,1200,1200,1200,1200,1200,1185,1225,1250,1230,1242.5,1250,1250,1200,1200,1237.5,1200,1200,1200,1250,1300,1295,1275,1250,1250,1250,1250,1225,1250
"Cape Girardeau","MO","Cape Girardeau","Cape Girardeau County",1147,,,,,,,,,,,,,,,,,,,,,,,,,,,,,,,,,,,,,,,,,,,,,,,,,,,,,,,,,,,,,,,,,,,,,,,,,,,,,,,,,,,,,900,900,900,975,1000,1000,900,900,812.5,850,950,850,900,925,900,900,800,850,850,900,760,760,872.5,912.5,950
"Sonoma","CA","Santa Rosa","Sonoma County",1148,,,,,,,,,,,,,,,,,,,,,,,,,,,,,,,,,,,,,,,,,,,,,,,,,,,,,,,,,,,,,,,,,,,,,,,,,,,,,,,,,,,,,,,,,,,,,,,,,3000,3000,2700,2950,2900,2900,3145,3095,2995,2900,2925,3000,3150
"San Juan Capistrano","CA","Los Angeles-Long Beach-Anaheim","Orange County",1149,,,,,,,,,,,,,,,,,,,,,,,,,,,,,,,,,,,,,,,,,,,,,,,,,,,,,,,,,,,,,,,,,,,,,,,,,,,,,,,,,,3100,2875,2729,2900,2925,2950,3147.5,3500,3400,3250,3250,3125,3200,3597.5,3600,3500,3200,3100,3200,3374.5,3100,3000,3225,3200,3200,2995,3300,3325
"Plymouth","MI","Detroit-Warren-Dearborn","Wayne County",1150,,,,,,,,,,,,,,,,,,,,,,,,,,,,,,,,,,,,,,,,,,,,,,,,,,,,,,,,,,,,,,,,,,,,,,,,,,,,,,,,,,,,,,,1700,1650,1737.5,1625,1695,1650,1700,1600,1800,1897.5,1700,1650,1650,1675,1650,1650,1650,1600,1600,1600,1600,1599,1625
"Hampton","GA","Atlanta-Sandy Springs-Roswell","Henry County",1151,,,,,,,,,,,,,,,,,,,,,,,,,,,,,,,,,,,,,,,,,,,,,,,,,,,,,,,,,,,,,,,,,,,,,,,,,,,,,,,1200,1185,1195,1160,1310,1149.5,1218,1200,1200,1195,1192.5,1175,1250,1295,1200,1200,1190,1265,1200,1295,1300,1305,1347.5,1296,1295.5,1295,1340,1330,1295,1345,1364.5
"Avon","IN","Indianapolis-Carmel-Anderson","Hendricks County",1152,,,,,,,,,,,,,,,,,,,,,,,,,,,,,,,,,,,,,,,,,,,,,,,,,,,,,,,,,,,,,,,,,,,,,,,,,,,,,,,,,,,,,1250,1297.5,1295,1310,1325,1370,1350,1350,1295,1322.5,1299,1300,1380,1325,1385,1395,1395,1447.5,1397.5,1395,1350,1350,1349.5,1335,1350
"East Stroudsburg","PA","East Stroudsburg","Monroe County",1153,,,,,,,,,,,,,,,,,,,,1237.5,1300,1350,1300,1300,1262.5,1200,1200,1200,1197.5,1150,1187.5,1150,1162.5,1200,1200,1250,1200,1250,1250,1225,1250,1275,1200,1200,1200,1200,1200,1212.5,1250,1225,1200,1200,1250,1250,1300,1250,1300,1225,1212.5,1247.5,1250,1250,1200,1200,1235,1325,1325,1300,1297.5,1250,1250,1250,1250,1250,1300,1300,1300,1225,1272.5,1250,1250,1300,1400,1237.5,1245,1300,1362.5,1300,1300,1322.5,1400,1350,1300,1350,1375,1400,1350,1400,1350,1350,1400,1350,1300,1300,1350,1300,1325,1300,1350
"Pearl City","HI","Urban Honolulu","Honolulu County",1154,,,,,,,,,,,,,,,,,,,,,,,,,,,,,,,,,,,,,,,,,,,,,,,,,,,,,,,,,,,,,,,,,,,,,,,,,,,,,,,,,,,1850,1900,2000,1900,2100,2147.5,2050,2200,2100,1850,1900,2100,2000,2100,1900,1800,1750,1800,1950,2022.5,2000,1995,1990,1950,2000,2050,1900
"West Hollywood","CA","Los Angeles-Long Beach-Anaheim","Los Angeles County",1155,,,,,,,,,,,,,,,,,,,,,,,,,,,,,,,,,,,,,,,,,,,,,,,,,,,,,,,,3250,3297.5,3500,3500,3800,3600,3925,3950,4050,4200,4000,4150,3950,3997.5,3950,3800,3625,3900,4200,4000,3995,3950,4140,3972.5,3950,3900,3950,4000,3800,3992.5,3950,4250,4100,3995,3972.5,3950,4000,4325,4395,4000,4300,4250,4000,3992.5,3998,3997.5,4000,4172.5,4350,4325,4400,4400,4426,4300
"Calumet City","IL","Chicago-Naperville-Elgin","Cook County",1156,,,,,,,,,,,,,,,,,,,,,,,,,,,,,,,,,,,,,,,,,,,,,,,,,,,,,,,,,,,,,,,,,,,,,,,,,,,,,,,,,,,,,1225,1195,1200,1200,1275,1250,1300,1325,1300,1312.5,1350,1300,1250,1250,1200,1300,1375,1299,1247.5,1312.5,1325,1350,1285,1300,1300
"Rockwall","TX","Dallas-Fort Worth-Arlington","Rockwall County",1157,,,,,,,,,,,,,,,,,,,1450,1450,1495,1395,1395,1372.5,1495,1499.5,1500,1500,1550,1595,1598,1550,1595,1600,1612.5,1499.5,1550,1550,1550,1495,1550,1595.5,1595,1552.5,1500,1595,1550,1495,1475,1550,1500,1500,1595,1525,1595,1550,1697.5,1695,1685,1625,1595,1650,1650,1650,1695,1695,1750,1695,1695,1685,1675,1775,1775,1662.5,1662.5,1675,1795,1872.5,1795,1800,1795,1695,1870,1737.5,1790,1870,1825,1882.5,1800,1800,1850,1812.5,1850,1795,1795,1800,1800,1800,1795,1897.5,1837.5,1850,1825,1812.5,1750,1750,1750,1750,1797.5
"Redmond","OR","Bend-Redmond","Deschutes County",1158,,,,,,,,,,,,,,,,,,,,,,,,,,,,,,,,,,,,,,,,,,,,,,,,,,,,,,,,,,,,,,,,,,,,,,,,,,,,,,,,,,,,,,1600,1500,1497,1525,1400,1395,1500,1500,1450,1450,1500,1495,1512.5,1497.5,1495,1500,1512.5,1650,1650,1600,1550,1597.5,1550,1575
"Halethorpe","MD","Baltimore-Columbia-Towson","Baltimore County",1159,,,,,,,,,,,,,,,,,,,,,,,,,,,,,,,,,,,,,,,,,,,,,,,,,,,,,,,,,,,,,,,,,,,,,,,,,,,,,,,,,,,,,,,,,,,,1550,1495,1400,1500,1400,1300,1300,1475,1622.5,1600,1600,1600,1395,1372.5,1550,1550,1412.5,1390
"Temple City","CA","Los Angeles-Long Beach-Anaheim","Los Angeles County",1160,,,,,,,,,,,,,,,,,,,,,,,,,,,,,,,,,,,,,,,,,,,,,,,,,,,,,,,,,,,,,,,,,,,,,,,,,,,,,,,,,,,,,,2500,2795,2700,2800,2750,2625,2600,2550,2550,2775,2700,2600,2625,2525,2700,2750,2672.5,2600,2700,2650,2700,2650,2700,2700
"Cabot","AR","Little Rock-North Little Rock-Conway","Lonoke County",1161,,,,,,,,,,,,,,,,,,,,,,,,,,,,,,,,,,,,,,,,,,,1100,1050,1100,1100,1200,1150,1125,1050,1097.5,1050,1100,1150,1200,1162.5,1050,1000,1100,1100,1100,1100,1112.5,1112.5,1150,1100,1100,1100,1095,1100,1050,1050,1050,980,1000,1100,1100,1100,1100,1072.5,1012.5,1050,1100,1100,1050,1050,1050,1050,1050,1050,1050,1025,1050,1000,1000,1000,1000,1050,987.5,975,1050,1000,1000,1050,1050,1000,1000,1050,1050
"Torrington","CT","Torrington","Litchfield County",1162,,,,,,,,,,,,,,,,,,,,,,,,,,,,,,,,,,,,,,,,,,,,,,,,,,,,,,1200,1200,1150,1172.5,1200,1200,1200,1200,1200,1275,1297.5,1200,1299,1300,1299,1200,1200,1200,1225,1262.5,1200,1200,1225,1275,1250,1200,1250,1150,1200,1150,1125,1200,1200,1200,1200,1147.5,1195,1225,1200,1200,1150,1200,1225,1260,1200,1150,1100,1100,1100,1150,1250,1197.5,1200,1200,1200,1250
"University","FL","Tampa-St. Petersburg-Clearwater","Hillsborough County",1163,,,,,,,,,,,,,,,,,,,,,,,,,,,,,,,,,,,,,,,,,,,,,,,,,,,,,,,,,,,,,,,,,,,,,,,,,,,,,,,,,,,,,,,,,932.5,880,950,900,972.5,995,900,950,975,937.5,950,995,950,950,950,950,965,985,950,950,899
"Commerce","MI","Detroit-Warren-Dearborn","Oakland County",1164,,,,,,,,,,,,,,,,,,,,,,,,,,,,,,,,,,,,,,,,,,,,,,,,,,,,,,,,,,,,,,,,,,,,,,,,,,,,,,,,,,,,,,,,,1450,1500,1462.5,1450,1400,1400,1400,1400,1425,1462.5,1500,1500,1400,1400,1472.5,1472.5,1595,1700,1650,1475,1425
"La Vergne","TN","Nashville-Davidson--Murfreesboro--Franklin","Rutherford County",1165,,,,,,,,,,,,,,,,,950,995,995,995,950,950,950,925,895,895,950,975,950,937.5,950,950,950,995,950,985,950,975,972.5,995,995,995,950,950,950,995,987.5,1050,1050,1045,1075,1075,1062.5,1025,1095,1000,1100,1097,1125,1125,1125,1125,1195,1195,1195,1100,1225,1175,1087,1129,1195,1200,1199.5,1195,1277,1195,1250,1195,1250,1295,1250,1129,1150,1195,1325,1300,1312.5,1300,1282.5,1325,1350,1350,1350,1350,1397,1390,1395,1400,1425,1400,1410,1450,1457.5,1490,1495,1495,1440,1460,1399
"Rohnert Park","CA","Santa Rosa","Sonoma County",1166,,,,,,,,,,,,,,,,,,,,,,,,,,,,,,,,,,,,,,,,,,,,,,,,,,,,,,,,,,,,,,,,,,,,,,,,,,,,,,,,,,,,,,,,,,,,,,,,,2350,2397.5,2662.5,2800,2700,2750,2700,2850,2700,2600,2650,2550,2650
"Andover","MA","Boston-Cambridge-Newton","Essex County",1167,,,,,,,,,,,,,,,,,,,,,,,,,,,,,,,,,,,,,,,,,,,,,,,,,,,,,,,,,,,,,,,,,,,,,,,,,,,,,,,,,,,,,,,2025,1800,2000,1825,1850,2100,2100,2100,2200,1950,1800,1975,1925,1950,2150,2200,2200,2175,2100,1975,1995,1950,1900
"Villa Rica","GA","Atlanta-Sandy Springs-Roswell","Carroll County",1168,,,,,,,,,,,,,,900,950,1012.5,1000,1100,1075,975,962.5,925,950,1000,1050,997.5,972.5,950,982.5,990,1000,1000,1000,1000,1000,1000,995,950,950,950,950,982.5,950,935,995,1000,1000,1000,1000,1000,1000,1000,1025,1050,1100,1050,1050,1050,1050,1000,1000,1035,1050,1045,1000,1025,1000,1050,1050,1022.5,1050,1095,1095,1056,1000,1050,1025,1050,1028,1099.5,1100,1140,1050,987.5,1050,1150,1125,1099.5,1020,1150,1125,1142.5,1100,1100,1100,1195,1125,1100,1100,1150,1150,1165,1187,1187,1227,1229,1217.5,1209.5,1245
"Reisterstown","MD","Baltimore-Columbia-Towson","Baltimore County",1168,,,,,,,,,,,,,,,,,,,,,,,,,,,,,,,,,,,,,,,,,,,,,,,,,,,,,,,,,,,,,,,,,,,,,,,,,,,,,,,,,,,,,1500,1500,1550,1500,1499,1400,1450,1475,1500,1500,1500,1500,1450,1450,1450,1450,1500,1470,1600,1700,1594,1500,1500,1450,1500
"Bettendorf","IA","Davenport-Moline-Rock Island","Scott County",1170,,,,,,,,,,,,,,,,,,,,,,,,,,,,,,,,,,,,,,,,,,,,,,,,,,,,,,,,,,,,,,,,,,,,,,,,,,,,,,,,,,,,,,1400,1500,1400,1400,1437.5,1375,1400,1337.5,1360,1395,1400,1350,1312.5,1375,1400,1400,1475,1500,1497.5,1425,1395,1350,1400,1400
"South Miami Heights","FL","Miami-Fort Lauderdale-West Palm Beach","Miami-Dade County",1171,,,,,,,,,,,,,,,,,,,,,,,,,,,,,,,,,,,,,,,,,,,,,,,,,,,,,,,,,,,,,,,,,,,,,,,,,,,,,,,,,,,,,,,,1800,1900,1825,1800,1725,1700,1875,1825,1875,1800,1600,1747.5,1750,1750,1750,1700,1780,1750,1800,1800,1699,1750
"Los Gatos","CA","San Jose-Sunnyvale-Santa Clara","Santa Clara County",1172,,,,,,,,,,,,,,,,,,,,,,,,,,,,,,,,,,,,,,,,,,,,,,,,,,,,,,,,,,,,,,,4500,4197.5,4395,4472.5,3950,4500,4422.5,3900,4200,4300,4500,4500,3950,4450,3850,4200,4300,4497.5,3750,4100,3800,3500,4085,4242.5,4400,4075,4000,4200,3997.5,3995,3825,3850,4000,4050,4295,4225,4200,4022.5,4200,4275,4300,4200,4250,4272.5,4000,4147.5,4350
"University City","MO","St. Louis","Saint Louis County",1173,,,,,,,,,,,,,,,,,,,,,,,,,,,,,,,,,,,,,,,,,,,,,,,,,,,,,,,,,,,,,,,,,,,,,,,,,,,,,,,,,,,,,,,,,,1125,1100,1195,1195,1000,1100,1000,1072.5,1000,1150,1175,1150,1195,1295,1125,1072.5,1017.5,1075,1087.5,1050
"Greenville","TX","Dallas-Fort Worth-Arlington","Hunt County",1174,,,,,,,,,,,,,,,,,,,,,,,,,,,,,,,,,,,,,,,,,,,,,,,,,,,,,,,,,,,,,,,,,,,,,,,,,,,,,,,,,,,,,,,,,,,,,,,,1350,1300,1325,1325,1325,1200,1050,1025,1200,1150,1100,1000,985,1150
"Royal Palm Beach","FL","Miami-Fort Lauderdale-West Palm Beach","Palm Beach County",1175,,,,,,,,,,,,,,1500,1500,1500,1400,1500,1450,1600,1400,1400,1500,1375,1599.5,1450,1375,1300,1300,1350,1350,1400,1350,1400,1400,1350,1400,1400,1400,1400,1300,1400,1525,1650,1662.5,1697,1700,1790,1790,1767.5,1750,1750,1800,1837.5,1800,1800,1800,1750,1750,1600,1650,1572.5,1650,1700,1650,1550,1600,1650,1650,1600,1550,1600,1800,1650,1610,1600,1650,1600,1600,1650,1700,1725,1695,1800,1850,1795,1650,1650,1700,1700,1695,1650,1700,1720,1772.5,1700,1700,1737,1660,1750,1750,1725,1700,1725,1800,1800,1700,1712.5,1850
"Glastonbury","CT","Hartford-West Hartford-East Hartford","Hartford County",1176,,,,,,,,,,,,,,,,,,,,,,,,,,,,,,,,,,,,,,,,,,,,,,,,,,,,,,,,,,,,,,,,,,,,,,,,,,,,,,,,,,,,,1825,1825,1875,1950,1700,1697.5,1700,1800,1800,1700,1700,1850,1800,1850,1925,1800,1700,1697.5,1850,1872.5,1925,1950,1800,1800,1725
"Lorton","VA","Washington-Arlington-Alexandria","Fairfax County",1177,,,,,,,,,,,,,,,,,,,,2162.5,2250,2175,2097.5,1995,1899,1775,1899.5,1995,2300,2400,2300,2250,2150,1975,2225,2200,2147.5,2195,2200,2100,2200,2350,2100,2000,2000,2000,2100,2095,2050,2150,2172.5,2197.5,2375,2400,2400,2300,2250,2297.5,2300,2250,2300,2200,2250,2325,2300,2250,2247.5,2182.5,2000,2100,2100,2225,2200,2200,2400,2400,2400,2150,2322.5,2312.5,2190,2099.5,2200,1962.5,2300,2400,2200,2300,2400,2300,2300,2200,2250,2100,2050,2050,2022.5,2100,2050,2047.5,2200,2375,2400,2350,2300,2295,2200,2300,2200
"Hagerstown","MD","Hagerstown-Martinsburg","Washington County",1178,,,,,,,,,,,,,,,,,,,,,,,,,,,,,,,,,,,,,,,,,,,,,,,,,900,900,950,900,862.5,950,950,1072.5,1072.5,972.5,995,900,900,900,850,850,900,897.5,900,900,897.5,897.5,885,900,875,875,900,875,887.5,900,937.5,895,962.5,900,875,900,900,895,850,895,900,875,890,900,875,860,860.5,870,875,875,875,932.5,900,902.5,925,925,950,950,917.5,950,942.5
"Upper Arlington","OH","Columbus","Franklin County",1179,,,,,,,,,,,,,,,,,,,,,,,,,,,,,,,,,,,,,,,,,,,,,,,,,,,,,,,,,,,,,,,,,,,,,,,,,,,,,,,,,,,,,,,,1445,1449,1499,1550,1375,1400,1550,1475,1525,1525,1575,1537.5,1600,1600,1725,1650,1697.5,1570,1650,1600,1550,1500
"Pleasant Hill","CA","San Francisco-Oakland-Hayward","Contra Costa County",1180,,,,,,,,,,,,,,,,,,,,,,,,,,,,,,,,,,,,,,,,,,,,,,,,,,,,,,,,,,,,,,,,,,,,,,,,,,,,,,2500,2800,2695,2600,2850,2795,2500,2575,2825,2725,2700,2700,2800,2825,2600,2750,2800,2750,2525,2650,2740,2700,2772.5,2890,3047.5,3200,3200,3000,2810,2985,2995,2795
"Ocoee","FL","Orlando-Kissimmee-Sanford","Orange County",1181,,,,,,,,,,,,,,,,,,,1137.5,1306,1362.5,1200,1272.5,1100,1125,1200,1350,1300,1300,1425,1600,1425,1395,1350,1450,1550,1400,1395,1450,1495,1372.5,1400,1400,1450,1495,1472.5,1495,1475,1497.5,1450,1450,1400,1350,1450,1495,1497.5,1497.5,1500,1500,1485,1550,1550,1500,1497,1495,1475,1475,1495,1550,1550,1550,1562.5,1495,1595,1556.5,1571.5,1675,1550,1535,1572.5,1537.5,1450,1466.5,1425,1599,1650,1625,1650,1675,1662.5,1650,1625,1625,1599,1600,1700,1720,1795,1758,1750,1797,1830,1699,1795,1750,1700,1750,1650,1799
"Oak Harbor","WA","Oak Harbor","Island County",1182,,,,,,,,,,,,,,,,,,,,1075,1050,995,995,995,950,950,975,900,950,1000,1050,1000,1075,1150,1150,1150,1100,1062.5,1000,1050,1050,1000,1050,1150,1150,1185,1150,1095,1150,1150,1100,1100,1200,1200,1250,1300,1250,1247.5,1222.5,1300,1250,1212.5,1250,1300,1325,1250,1250,1300,1257.5,1300,1350,1350,1250,1197.5,1197.5,1150,1350,1400,1400,1250,1400,1400,1500,1325,1550,1500,1400,1500,1537.5,1550,1500,1562.5,1550,1500,1550,1550,1500,1600,1575,1500,1625,1725,1600,1600,1600,1600,1600,1645,1700
"Severn","MD","Baltimore-Columbia-Towson","Anne Arundel County",1183,,,,,,,,,,,,,,,,,,,,,,,,,,,,,,,,,,,,,,,,,,1775,1650,1575,1650,1687.5,1662.5,1850,1700,1650,1700,1800,2005,1800,1875,1875,1897.5,1900,1800,1975,1900,1850,1825,1750,1800,1912.5,1950,1950,2000,1800,1950,1847.5,1772.5,1800,1800,1850,1800,1995,2055,1750,1995,2000,1875,1675,1750,1895,1995,2097.5,2005,1850,1850,1900,1950,1850,1897.5,1822.5,1750,1750,1800,1950,1995,1999.5,1999,1995,2052.5,2100,1997.5,1950,1925
"Madison","MS","Jackson","Madison County",1184,,,,,,,,,,,,,,,,,,,,,,,,,,,,,,,,,,,,,,,,,,,,,,,,,,,,,,,,,,,,,,,,,,,,,,,,,,,,,,,,,,,,,,,1850,1900,1850,1737.5,1697.5,1600,1625,1700,1750,1800,1800,1800,1795,1750,1750,1750,1750,1750,1725,1750,1700,1700,1700
"Gurnee","IL","Chicago-Naperville-Elgin","Lake County",1185,,,,,,,,,,,,,,,,,,,,,,,,,,,,,,,,,,,,,,,,,,,,,,,,,,,,,,,,,,,,,,,,,,,,,,,,,,,,,,,,,,,,,,1675,1650,1612.5,1500,1500,1550,1700,1797.5,1672.5,1600,1597.5,1650,1825,1625,1675,1750,1700,1650,1775,1800,1750,1582.5,1450,1497.5
"Mount Vernon","VA","Washington-Arlington-Alexandria","Fairfax County",1186,,,,,,,,,,,,,,,,,,,,,,,,,,,,,,,,,,,,,,,,,,,,,,,,,,,,,,,,,,,,,,,,,,,,,,,,,,,,,,,,,,,,,,1675,1825,1905,1900,1800,1825,1872.5,1700,1725,1750,1700,1597.5,1572.5,1695,1862.5,1900,2100,2200,2025,1925,1872,2000,2000,1935
"Leander","TX","Austin-Round Rock","Williamson County",1187,,,,,,,,,,,,,,,,,,,,,,,,,,,1347.5,1295,1275,1372.5,1295,1297.5,1297.5,1295,1250,1250,1335,1395,1395,1445,1350,1425,1375,1350,1395,1395,1397,1375,1395,1350,1350,1382.5,1450,1400,1395,1450,1450,1445,1395,1425,1435,1425,1495,1495,1550,1555,1500,1535,1495,1550,1500,1495,1500,1550,1600,1650,1495,1595,1600,1572.5,1500,1550,1497.5,1500,1525,1599,1600,1600,1695,1650,1650,1600,1600,1650,1662.5,1680,1650,1650,1650,1650,1650,1650,1750,1699,1650,1650,1725,1725,1700
"Manhattan Beach","CA","Los Angeles-Long Beach-Anaheim","Los Angeles County",1188,,,,,,,,,,,,,,,,,,,,,,,,,,,,,,,,,,,,,,,,,,,,,,,,,,,,,,,,,,,,,,,,,,,,,,,,,,,,,,,,,,,,,,,,,,,,,,,,,,6500,7500,7500,7000,7499,7950,7750,6800,6650,7500,7200,6980
"Paine Field-Lake Stickney","WA","Seattle-Tacoma-Bellevue","Snohomish County",1189,,,,,,,,,,,,,,,,,,,,,,,,,,,,,,,,,,,,,,,,,,,,,,,,,,,,,,,,,,,,,,,,,,,,,,,,,,,,,,,,,,,,,1700,1775,1900,1897.5,2100,2095,1797.5,1797.5,1900,1862.5,1997.5,1962,2000,1900,1900,2075,1900,2000,2044,2095,2295,2195,1997.5,1850,1800
"Watertown","MA","Boston-Cambridge-Newton","Middlesex County",1190,,,,,,,,,,,,,,,,,,,,,,,,,,2200,2200,2300,2400,2495,2250,2295,2200,2100,2000,2000,1987.5,2070,2062.5,2050,2100,2300,2204,2100,1900,2200,2202,2200,2200,2200,2200,2350,2300,2300,2325,2200,2100,2047.5,2100,2100,2200,2262.5,2300,2600,2450,2325,2400,2400,2400,2300,2300,2200,2250,2200,2300,2287.5,2550,2500,2300,2275,2227,2172.5,2204,2100,2200,2300,2500,2700,2500,2400,2400,2400,2300,2400,2275,2350,2350,2300,2400,2600,2650,2600,2600,2500,2300,2262.5,2300,2600,2675
"Greater Carrollwood","FL","Tampa-St. Petersburg-Clearwater","Hillsborough County",1191,,,,,,,,,,,,,,1000,1000,1000,980,995,950,1050,1050,995,995,1095,950,995,1100,1100,1080,1007.5,1050,1000,1050,1050,1150,1000,995,995,1100,1185,1100,1100,1150,1250,1200,1200,1250,1200,1150,1100,1150,1150,1150,1200,1200,1200,1150,1162.5,1245,1250,1212.5,1095,1100,1175,1150,1150,1200,1205,1250,1350,1200,1162.5,1200,1147.5,1250,1212.5,1162.5,1190,1185,1200,1300,1295,1225,1195,1275,1297.5,1200,1300,1250,1300,1395,1312.5,1337.5,1300,1350,1395,1350,1395,1295,1395,1350,1375,1342.5,1412.5,1395,1395,1395,1450,1400
"Flowery Branch","GA","Gainesville","Hall County",1192,,,,,,,,,,,,,,,,,,,,,,,,,,,,,,,,,,,,,,,,,,,,,,,,,,,,,,,,,,,,,,,,,,,,,,,,,,,,,,,,,,,,,,,,,1400,1392,1450,1449,1410,1395,1397.5,1420,1385,1400,1550,1650,1797.5,1695,1545,1550,1505,1499,1500,1500,1500
"Ridgecrest","CA","Bakersfield","Kern County",1193,,,,,,,,,,,,,,,,,,,,,,,,,,,,,,,,,,,,,,,,,,,,,,,,,,,,,,,,,,,,,,,,,,,,,,,,,,,,,,,,,,,,,,,,,,,,,,,,1222.5,1280,1200,1250,1297.5,1250,1200,1295,1195,1200,1250,1300,1300,1350
"Cooper City","FL","Miami-Fort Lauderdale-West Palm Beach","Broward County",1194,,,,,,,,,,,,,,2100,2100,2200,2100,2225,2200,2200,2200,2100,2100,2100,2100,2200,2090,2100,2200,2150,2200,2200,2400,2300,2100,2075,2200,2150,2200,2300,2300,2300,2300,2300,2350,2300,2300,2275,2250,2200,2200,2250,2300,2400,2475,2400,2395,2350,2450,2400,2450,2350,2400,2362.5,2400,2350,2350,2450,2425,2400,2400,2450,2450,2500,2412.5,2472.5,2400,2400,2387.5,2400,2275,2450,2250,2350,2400,2400,2400,2450,2450,2500,2500,2540,2600,2520,2500,2500,2500,2465,2449.5,2525,2550,2550,2617.5,2500,2500,2450,2500,2500,2400
"Adelanto","CA","Riverside-San Bernardino-Ontario","San Bernardino County",1195,,,,,,,,,,,,,,,,,,,,,,,,,,,,,,,,,,,,,,,,,,,,,,,,,,,,,,,,,,,,,,,,,,,,,,,,,,,,,,,,,,,,,,,,,,1100,1225,1185,1200,1225,1290,1200,1200,1200,1195,1195,1200,1200,1285,1200,1200,1250,1300,1300,1300
"Golden Glades","FL","Miami-Fort Lauderdale-West Palm Beach","Miami-Dade County",1196,,,,,,,,,,,,,,,,,,,,,,,,,,,,,,,,,,,,,,,,,,,,,,,,,,,,,,,,,,,,,,,,,,,,,,,,,,,,,,1400,1350,1275,1325,1300,1350,1350,1250,1262.5,1350,1375,1450,1390,1300,1300,1350,1395,1350,1300,1300,1300,1312.5,1300,1297.5,1300,1400,1400,1324.5,1394.5,1375,1350,1390
"San Dimas","CA","Los Angeles-Long Beach-Anaheim","Los Angeles County",1197,,,,,,,,,,,,,,,,,,,,,,,,,,,,,,,,,,,,,,,,,,,,,,,,,,,,,,,,,,,,,,,,,,,,,,,,,,,,,,,,,,,,,,2425,2525,2572.5,2450,2500,2600,2597.5,2400,2400,2400,2375,2295,2475,2472.5,2450,2475,2450,2475,2600,2450,2600,2500,2550,2497.5
"Tarpon Springs","FL","Tampa-St. Petersburg-Clearwater","Pinellas County",1198,,,,,,,,,1600,1575,1575,1600,1450,1462.5,1300,1350,1300,1300,1250,1287.5,1200,1200,1275,1350,1395,1397.5,1297.5,1200,1272.5,1225,1395,1350,1400,1372.5,1395,1400,1450,1395,1350,1400,1395,1400,1400,1450,1450,1499.5,1495,1600,1597.5,1500,1500,1500,1575,1500,1525,1475,1485,1500,1500,1500,1525,1550,1600,1497.5,1600,1500,1605.5,1587.5,1500,1680,1625,1600,1595,1500,1560,1500,1487.5,1500,1500,1400,1600,1600,1500,1550,1600,1600,1600,1600,1625,1662.5,1700,1625,1600,1595,1600,1550,1500,1520,1589.5,1612.5,1600,1699.5,1700,1697,1695,1725,1697.5,1600,1622.5
"Durango","CO","Durango","La Plata County",1199,,,,,,,,,,,,,,,,,,,,,,,,,,,,,,,,,,,,,,,,,,,,,,,,,,,,,,,,,,,,,,,,,,,,,,,,,,,,,,,,,,,,,,,,,,1687.5,1700,1750,1600,1725,1750,1700,1700,1800,1800,1775,1750,1750,1675,1637.5,1650,1700,1650,1650,1700
"Eagle","ID","Boise City","Ada County",1200,,,,,,,,,,,,,,,,,,,,,,,,,,,,,,,,,,,,,,,,,,,,,,,,,,,,,,,,,,,,,,,,,,,,,,,,,,,,,,,,,,,,,1540.5,1595,1772.5,1795,1695,1660,1700,1750,1595,1710,1800,1950,1695,1750,1722.5,1772.5,1895,1850,1810,1850,1800,1750,1700,1725,1800
"Myrtle Beach","SC","Myrtle Beach-Conway-North Myrtle Beach","Horry County",1201,,,,,,,,,,,,,,,,,,,,,,,,,,,,,,,,,,,,,,,,,,,,,,,,,,,,,,,,,,,,,,,,,,,,,,,,,,,,,,,,,,,,,,,,,1497.5,1300,1225,1200,1300,1250,1200,1100,1150,1125,1237.5,1350,1324.5,1322.5,1412.5,1200,1150,1200,1250,1200,1200
"El Mirage","AZ","Phoenix-Mesa-Scottsdale","Maricopa County",1202,,,,,,,,,,,,825,870,875,875,850,850,850,850,850,850,850,830,845,850,850,850,895,875,875,895,895,875,850,875,875,850,875,890,900,895,900,900,895,895,875,875,864,850,850,850,850,895,895,895,890,895,895,900,895,895,895,895,925,950,942.5,950,925,945,930,925,925,950,970,967.5,925,950,995,995,992.5,975,975,925,950,1019,1025,1050,1047.5,1095,1095,1100,1100,1095,1095,1095,1095,1095,1100,1100,1125,1157.5,1100,1195,1195,1175,1150,1150,1200,1250
"Elk Grove Village","IL","Chicago-Naperville-Elgin","Cook County",1203,,,,,,,,,,,,,,,,,,,,,,,,,,,,,,,,,,,,,,,,,,,,,,,,,,,,,,,,,,,,,,,,,,,,,,,,,,,,,,,,,,,,,1550,1545,1595,1550,1450,1500,1500,1400,1575,1575,1500,1525,1500,1500,1525,1700,1700,1700,1550,1600,1587.5,1500,1550,1600,1650
"Los Altos","CA","San Jose-Sunnyvale-Santa Clara","Santa Clara County",1204,,,,,,,,,,,,,,,,,,,,,,,,,,,,,,,,,,,,,,,,,,,,,,,,,,,,,,,,,,,,,,,,,,,,,,,,,,,,,,,,,,,,,,,5600,5993.5,6600,6600,6500,6000,5995,6000,5800,6000,6000,5899,5999,5999.5,6497.5,6700,6500,6500,5997,6200,6350,6350,5925
"Dunedin","FL","Tampa-St. Petersburg-Clearwater","Pinellas County",1205,,,,,,,,,,,,,,,,,,,,,,,,,,,,,1000,1000,1000,1075,1200,1100,1100,1142.5,997,972.5,1100,1100,1200,1050,1000,1100,1250,1200,1200,1275,1300,1350,1350,1350,1297.5,1322.5,1275,1300,1374.5,1400,1399,1395,1337.5,1397.5,1294,1300,1322.5,1500,1397.5,1395,1400,1437.5,1450,1300,1450,1450,1400,1400,1500,1425,1400,1500,1400,1600,1500,1497.5,1400,1497.5,1500,1500,1500,1495,1550,1512.5,1500,1550,1512.5,1575,1600,1550,1412.5,1440,1530,1600,1645,1600,1650,1625,1595,1600,1600
"Norristown","PA","Philadelphia-Camden-Wilmington","Montgomery County",1206,,,,,,,,,,,,,,,,,,,,,,,,,,,,,,,,,,,,,,,,,,,,,,,,,,,,,,,,,,,,,,,,,,,,,,,,,,,,,,,,,,,,,1350,1350,1350,1300,1300,1300,1272.5,1325,1300,1350,1350,1375,1300,1400,1400,1425,1462.5,1425,1350,1400,1437.5,1400,1400,1425,1400
"Franklin","IN","Indianapolis-Carmel-Anderson","Johnson County",1207,,,,,,,,,,,,,,,,,,,,,,,,,,,,,,,,,,,,,,,,,,,,,,,,,,,,,,,,,,,,,,,,,,,,,,,,,,,,,,,,,,,,1100,1072.5,1122.5,1195,1195,1225,1250,1240,1210,1232.5,1195,1185,1175,1195,1245,1225,1245,1235,1250,1250,1237.5,1215,1225,1165,1127.5,1099
"Sahuarita","AZ","Tucson","Pima County",1208,,,,,,,,,,,,,,1195,1200,1272.5,1200,1185,1150,1275,1200,1200,1200,1200,1197.5,1175,1250,1250,1237,1200,1150,1125,1150,1200,1175,1150,1150,1125,1100,1100,1100,1125,1125,1121.5,1100,1100,1100,1125,1150,1100,1100,1100,1125,1125,1120,1100,1100,1095,1075,1075,1075,1095,1100,1100,1100,1100,1100,1118,1125,1150,1100,1100,1100,1119,1125,1100,1150,1147.5,1150,1100,1129,1100,1150,1100,1162.5,1162.5,1150,1182.5,1195,1250,1200,1175,1150,1125,1140,1150,1195,1200,1237.5,1250,1250,1300,1350,1299,1295,1325,1300,1297.5,1350
"Foster City","CA","San Francisco-Oakland-Hayward","San Mateo County",1209,,,,,,,,,,,,,,,,,,,,,,,,,,,,,,,,,,,,,,,,,,,,,,,,,,,,,,,,,,,,,,,,,,,,,,,,,,,,,,,,,,,,,3750,3900,4149.5,4200,4325,4200,4095,4000,3875,4050,4100,4200,4200,4175,4300,4375,4311,4495,4225,4100,4395,4247.5,4200,4000,4500
"Ken Caryl","CO","Denver-Aurora-Lakewood","Jefferson County",1210,,,,,,,,,,,,,,,,,,,,,,,,,,,,,,,,,,,,,,,,,,,,,,,,,,,,,,,,,,,,,,,,,,,,,,,,,,,,,,,,,,,,,1490,1550,1499,1650,1572.5,1700,1650,1650,1700,1695,1672.5,1687.5,1610,1675,1840,1742.5,1695,1747.5,1725,1750,1850,1885,1772.5,1750,1725
"Fairhope","AL","Daphne-Fairhope-Foley","Baldwin County",1211,,,,,,,,,,,,,,,,,,,,,,,,,,,,,,,,,,,,,,,,,,,,,,,,,,,,,,,,,,1450,1400,1400,1450,1375,1500,1500,1600,1650,1600,1600,1500,1600,1462.5,1500,1500,1500,1500,1450,1625,1500,1675,1500,1440,1450,1500,1470,1445,1400,1445,1450,1500,1500,1500,1525,1600,1500,1500,1500,1550,1550,1550,1600,1600,1600,1500,1500,1500,1500,1600,1550,1600
"Riviera Beach","FL","Miami-Fort Lauderdale-West Palm Beach","Palm Beach County",1212,,,,,,,,,,,,,,,,,,,,,,,,,,,,,,,,,,,,,,,,,,,,,,,,,,,,,,,,,,,,,,,,,,,,,,,,,,,,,,,,,,,,,,,,,,,,,,2500,2500,2500,2325,2262.5,2300,2400,2275,2300,2300,2200,2275,2425,2275,2200,2400
"Eustis","FL","Orlando-Kissimmee-Sanford","Lake County",1213,,,,,,,,,,,,,,,,,,,,,,,,,,,,,,,,,,,,,,,,,,,,,,,,,,,,,,,,,,,,,,,,,,,,,,,,,,,,,,,,,,,,,1200,1200,1200,1200,1200,1195,1200,1200,1200,1250,1285,1225,1200,1212.5,1300,1250,1200,1400,1400,1395,1245,1200,1250,1295,1381
"Eastpointe","MI","Detroit-Warren-Dearborn","Macomb County",1214,,,,,,,,,,,,,,850,850,850,850,850,875,862.5,850,850,850,850,850,850,850,850,850,850,850,850,850,850,850,850,850,850,850,850,850,850,850,850,850,850,850,850,850,850,850,850,850,850,877.5,895,875,850,850,875,875,850,895,897,897.5,899.5,875,875,850,875,899,900,897,895,900,900,900,900,900,900,897.5,900,900,900,875,900,900,900,900,900,925,937.5,950,950,950,950,925,900,950,950,950,950,975,1000,1000,1000,1000,950,975
"Lauderdale Lakes","FL","Miami-Fort Lauderdale-West Palm Beach","Broward County",1215,,,,,,,,,,,,,,,,,,,,,,,,,,,,,,,,,,,,,,,,,,,,,,,,,,1300,1312.5,1300,1250,1337.5,1345,1322.5,1400,1350,1400,1300,1250,1300,1300,1404.5,1275,1250,1100,1250,1300,1399.5,1470,1400,1300,1250,1250,1200,1300,1275,1312.5,1225,1250,1100,1250,1200,1225,1225,1250,1250,1200,1200,1200,1250,1200,1200,1300,1250,1200,1225,1200,1175,1200,1200,1200,1295,1250,1275,1300,1337.5,1337.5
"Pikesville","MD","Baltimore-Columbia-Towson","Baltimore County",1216,,,,,,,,,,,,,,,,,,,,,,,,,,,,,,,,,,,,,,,,,,,,,,,,,,,,,,,,,,,,,,,,,,,,,,,,,,,,,,,,,,,,,,,1550,1550,1700,1795,1750,1750,1790,1750,1750,1750,1600,1650,1762.5,1750,1800,1850,1800,1800,1800,1600,1600,1625,1600
"Burlington","NJ","Philadelphia-Camden-Wilmington","Burlington County",1217,,,,,,,,,,,,,,,,,,,,,,,,,,,,,,,,,,,,,,,,,,,,,,,,,,,,,,,,,,,,,,,,,,,,,,,,,,,,,,,,,,,,,1500,1300,1395,1500,1525,1450,1500,1497.5,1450,1372.5,1397.5,1395,1400,1425,1387.5,1400,1350,1300,1450,1400,1525,1512.5,1525,1487.5,1450
"Irmo","SC","Columbia","Richland County",1218,,,,,,,,,,,,,,,,,,1175,1150,1200,1200,1165,1125,1162.5,1150,1050,1150,1100,1100,1195,1100,1150,1200,1200,1150,1200,1150,1175,1150,1100,1200,1225,1197.5,1150,1100,1197.5,1200,1200,1172.5,1100,1100,1100,1100,1162.5,1200,1200,1200,1150,1147.5,1150,1160,1150,1167.5,1200,1195,1200,1200,1130,1150,1150,1150,1150,1135,1150,1100,1137.5,1132.5,1150,1150,1162.5,1200,1137.5,1125,1175,1137.5,1125,1185,1180,1200,1212.5,1175,1167,1195,1210,1195,1150,1150,1175,1175,1175,1175,1195,1175,1195,1175,1175,1195,1200,1205
"Dover","DE","Dover","Kent County",1219,,,,,,,,,,,,,,,,,,,,,,,,,,,,,,,,,,,,,,,,,,,1200,1200,1200,1150,1200,1200,1150,1150,1150,1150,1200,1212.5,1200,1200,1200,1200,1200,1150,1150,1150,1170,1197.5,1275,1250,1250,1225,1200,1150,1150,1200,1200,1200,1200,1250,1172.5,1200,1200,1195,1125,1250,1225,1300,1250,1250,1200,1200,1250,1300,1250,1237.5,1237.5,1250,1200,1250,1200,1200,1225,1250,1200,1250,1250,1200,1235,1200,1250,1250,1200
"Saint Charles","IL","Chicago-Naperville-Elgin","Kane County",1220,,,,,,,,,,,,,,,,,,,,,,,,,,,,,,,,,,,,,,,,,,,,,,,,,,,,,,,,,,,,,,,,,,,,,,,,,,,,,,,,,,,,,1750,1700,1750.5,1800,1850,1825,1850,1800,1800,1750,1750,1850,1800,1800,1825,1825,1872.5,1900,1874,1800,1800,1800,1822.5,1850,1850
"Westlake","OH","Cleveland-Elyria","Cuyahoga County",1221,,,,,,,,,,,,,,,,,,,,,,,,,,,,,,,,,,,,,,,,,,,,,,,,,,,,,,,,,,,,,,,,,,,,,,,,,,,,,,,,,,,,,,,,,,,,,1275,1225,1200,1395,1550,1550,1575,1437.5,1600,1750,1472.5,1505,1600,1350,1300,1422.5,1600
"Elkridge","MD","Baltimore-Columbia-Towson","Howard County",1222,,,,,,,,,,,,,,,,,,,,,,,,,,,,,,,,,,,,,,,,,,2100,2000,2000,1975,1900,2100,2150,2125,2150,2150,2200,2195,2100,2000,2000,1997.5,1900,1900,1900,1872.5,1975,2050,2100,2100,2100,2072.5,2072.5,1997.5,2000,2000,2100,2150,2095,2050,2090,2050,2050,2192.5,2100,1925,1995,1850,2100,2100,2000,2075,2050,2100,2150,2100,2100,2100,2050,2100,2150,2150,2100,2000,2050,2150,2150,2100,2200,2150,2172.5,2095,2072.5,2100
"Atlantic City","NJ","Atlantic City-Hammonton","Atlantic County",1223,,,,,,,,,,,,,,,,,,,,,,,,,,,,,,,,,,,,,,,,,,,,,,,,,,,,,,,,,,,,,,,,,,,,,,,,,,,,,,,,,,,1200,1200,1200,1150,1200,1225,1250,1300,1250,1250,1250,1250,1250,1250,1260,1300,1260,1300,1300,1300,1200,1212.5,1200,1200,1262.5,1299,1299
"Camas","WA","Portland-Vancouver-Hillsboro","Clark County",1224,,,,,,,,,,,,,,,,,,,,,,,,,,,,,,,,,,,,,,,,,,,,,,,,,,,,,,,,,,,,,,,,,,,,,,,,,,,,,,,,,,,,,,,2247.5,1995,2295,2295,2200,2250,2172.5,2195,2150,2122.5,2195,2172.5,2195,2195,2395,2272.5,2295,2195,2200,2200,2195,2100,2195
"Sherwood","AR","Little Rock-North Little Rock-Conway","Pulaski County",1225,,,,,,,,,,,,,,,,,,,,,,,,,,,,,,,,,,,,,,,,,,,,,,,,,,,,,,,,,,,,,,,,,,,,,,,,,,,,,,,,,,,,1100,1000,962.5,1075,1100,995,1072.5,1097.5,1025,1095,1100,1050,1100,1012.5,997.5,995,995,950,975,997.5,995,975,975,975,995,1097.5
"Richmond West","FL","Miami-Fort Lauderdale-West Palm Beach","Miami-Dade County",1226,,,,,,,,,,,,,,1600,1600,1700,1700,1775,1850,1850,1950,1850,1850,1700,1700,1650,1650,1600,1750,1700,1750,1800,2000,1975,1800,1800,1900,1900,1850,1900,1962.5,2100,2000,2000,2000,2000,1950,1900,1900,1850,1850,1875,1937.5,1900,1895,1950,1950,1950,1900,1900,1850,1900,1850,1900,1887.5,1950,1900,2000,1995,1997.5,1950,1962.5,1950,1950,1999,2000,2000,2000,2000,2000,2000,2000,2000,1959.5,2000,2000,1999,2000,2000,2000,2000,2080,2100,2095,2174.5,2175,2157.5,2137.5,2147.5,2060,2097.5,2100,2095,2170,2100,2065,2100,2062.5,2050
"Winter Park","FL","Orlando-Kissimmee-Sanford","Orange County",1227,,,,,,,,,,,,,,,,,1195,1095,1112.5,1185,1150,1050,1100,1250,1195,1200,1175,1150,1150,1150,1197.5,1195,1150,1195,1197.5,1125,1100,1200,1250,1250,1275,1275,1295,1285,1250,1200,1250,1250,1250,1250,1250,1262.5,1285,1300,1349,1395,1300,1282,1295,1295,1319,1312.5,1299,1395,1362.5,1395,1500,1494,1429,1482,1400,1421.5,1450,1429.5,1499,1460,1475,1300,1350,1450,1400,1375,1400,1350,1499,1500,1597.5,1587,1595,1560,1550,1475,1487,1590,1499.5,1497,1600,1600,1575,1595,1695,1700,1655.5,1660,1600,1595,1550,1599,1620
"Odenton","MD","Baltimore-Columbia-Towson","Anne Arundel County",1228,,,,,,,,,,,,,,,,,,,1895,1900,1800,1800,1850,1812.5,1795,1795,1800,1795,1875,1887.5,1850,1795,1837.5,1725,1800,1800,1850,1825,1762.5,1850,1850,1822.5,1795,1800,1800,1772.5,1775,1795,1800,1795,1800,1800,1925,1900,1900,1900,1850,1850,1850,1825,1822.5,1850,1850,1862.5,1895,1900,1950,1900,1912.5,1862.5,1850,1900,1900,1875,1885,1925,1922.5,1950,1900,1950,1850,1950,1950,1895,1900,1895,1895,1900,1995,1950,1950,1975,1950,1995,1950,1875,1870,1900,1950,2000,2075,2100,2000,2000,1900,1900,1950,1900,2000
"Culpeper","VA","Washington-Arlington-Alexandria","Culpeper County",1229,,,,,,,,,,,,,,,,,,,,,,,,,,,,,,,,,,,,,,,,,,,,,,,,,,,,,,,,,,,,,,,,,,,,,,,,,,,,,,,,,,,,,,,,,,,,,,,,,1300,1280,1350,1445,1400,1445,1470,1400,1300,1432.5,1422.5,1450,1390
"Neptune","NJ","New York-Newark-Jersey City","Monmouth County",1230,,,,,,,,,,,,,,,,,,,,,,,,,,,,,,,,,,,,,,,,,,,,,,,,,,,,,,,,,,,,,,,,,,,,,,,,,,,,,,,,,,,,,,2250,2175,2250,2275,2200,2200,2150,1900,2100,2200,2300,2400,2500,2500,2500,2450,2500,2400,2100,2150,2200,2300,2525,2600
"Peachtree City","GA","Atlanta-Sandy Springs-Roswell","Fayette County",1231,,,,,,,,,,,,,,,,,,,,,,,,,,,,,,,,,,,,,,,,,,,1400,1525,1622.5,1550,1500,1600,1650,1672.5,1625,1600,1500,1525,1625,1697.5,1650,1550,1550,1550,1550,1572.5,1600,1610,1700,1600,1612.5,1597.5,1600,1650,1737.5,1550,1500,1497.5,1600,1575,1500,1595,1650,1750,1797.5,1700,1795,1795,1587.5,1675,1675,1600,1675,1750,1775,1737.5,1849.5,1834.5,1837,1700,1650,1716.5,1795,1785,1824.5,1797.5,1745,1700,1700,1762.5,1797.5,1950,1849
"Saratoga","CA","San Jose-Sunnyvale-Santa Clara","Santa Clara County",1232,,,,,,,,,,,,,,,,,,,,,,,,,,,,,,,,,,,,,,,,,,,,,,,,,,,,,,,,,,,,,,,,,,,,,,,,,,,,,,,,,,,,,,,,,,6200,5500,5547.5,5500,5395,5380,5500,5650,5825,5675,5600,5300,5300,5300,4972.5,5700,5500,5250,5250,5495
"Hope Mills","NC","Fayetteville","Cumberland County",1233,,,,,,,,,,,,,,,1095,1100,1137.5,1100,1075,1100,1100,1100,1095,1062.5,1075,1050,1075,1050,997.5,1050,1050,1025,1097.5,1050,1050,1050,1037.5,1000,1050,1100,1095,1100,1050,1050,1050,1025,1050,1000,1025,1025,1000,1000,1100,1095,1085,1012.5,1000,1000,995,995,995,1000,1022.5,1050,1050,1000,997.5,1050,1050,1050,1000,1000,1000,995,995,1050,1050,1097.5,997.5,999,1025,1000,995,1097.5,1050,1050,1050,1100,1050,1050,1050,1000,1000,1000,1000,1050,1050,1000,1095,1100,1100,1100,1100,1100,1100,1050,1050,1100,1100
"Winchester","CA","Riverside-San Bernardino-Ontario","Riverside County",1234,,,,,,,,,,,,,,,,,,,,,,,,,,,,,,,,,,,,,,,,,,,,,,,,,,,,,,,,,,,,,,,,,,,,,,,,,,,,,,,,,1950,1925,1910,1985,1850,2100,2125,2195,2100,2040,2169.5,2150,2150,2025,2000,2100,2100,2100,2150,2295,2295,2197.5,2189,2195,2100,2100,2100,2189,2197.5
"Gainesville","VA","Washington-Arlington-Alexandria","Prince William County",1235,,,,,,,,,,,,,,,,,,,,,,,,,,,,,,,,,,,,,,,,,,,,,,,,,,,,,,,,,,,,,,,,,,,,,,,,,,,,,,,,,,,,,2100,2037.5,2000,2000,2300,2025,2100,2095,2200,2100,2000,2000,2100,2200,2200,2247.5,2247.5,2295,2180,2100,2150,2195,2100,2375,2325
"Winter Garden","FL","Orlando-Kissimmee-Sanford","Orange County",1236,,,,,,,,,,,,,,,,,,,,,,,,,1195,1250,1250,1250,1250,1285,1200,1350,1372.5,1399,1375,1400,1400,1500,1437.5,1485,1550,1450,1450,1450,1500,1500,1400,1450,1500,1575,1550,1550,1660,1625,1600,1650,1695,1625,1600,1695,1600,1625,1700,1662.5,1625,1550,1600,1600,1600,1600,1650,1650,1700,1725,1712.5,1725,1895,1800,1747.5,1700,1795,1885,1750,1850,1900,1892.5,1850,1850,1897.5,1850,1800,1797.5,1800,1830,1918,2000,2050,1950,1950,1995,2000,2100,2100,2000,2078.5,2050,1995,2000,2000
"Rolla","MO","Rolla","Phelps County",1237,,,,,,,,,,,,,,,,,,,,,,,,,,,,,,,,,,,,,,,,,,,,,,,,,,,,,,,,,,,,,,,,,,,,,,,,,,,,,,,,,,,,,,,750,750,750,750,750,750,795,797.5,762.5,750,750,750,750,737.5,750,675,700,712.5,725,750,810,800,762.5
"Midvale","UT","Salt Lake City","Salt Lake County",1238,,,,,,,,,,,,,,,,,,,,,,,,,,,,,,,,,,,,,,,,,,,,,,,,,,,,,,,,,,,,,,,,,,,,,,,,,,,,,,,,,,,,,,,,,1350,1450,1450,1350,1325,1472.5,1460,1495,1492.5,1295,1322.5,1375,1395,1495,1495,1497.5,1495,1522.5,1497.5,1595,1600
"Naugatuck","CT","New Haven-Milford","New Haven County",1239,,,,,,,,,,,,,,,,,,,,,,,,,,,,,,,,,,,,,,,,,,,,,,,,,,,,,,,,,,,,,,,,,,,,,,,,,,,,,,,,,,,,,1297.5,1350,1300,1225,1200,1200,1200,1250,1300,1250,1200,1200,1200,1200,1200,1250,1250,1200,1300,1350,1387.5,1295,1250,1220,1250
"Poinciana","FL","Orlando-Kissimmee-Sanford","Osceola County",1240,,,,,,,,,,,,,,850,850,850,850,850,850,850,850,850,825,837.5,850,850,895,875,875,900,895,897.5,900,900,900,900,900,900,900,925,950,960,975,950,975,975,975,975,950,950,950,975,1000,995,975,975,1000,1000,1000,995,995,995,1025,1000,1000,1050,1075,1100,1050,1025,1050,1075,1062.5,1075,1097.5,1100,1050,1150,1100,1092.5,1095,1150,1115,1100,1095,1115,1195,1212.5,1195,1275,1210,1200,1200,1250,1240,1200,1300,1275,1295,1300,1335,1300,1345,1322.5,1350,1345,1350,1345,1350
"Security-Widefield","CO","Colorado Springs","El Paso County",1241,,,,,,,,,,,,,,,,,1150,1150,1200,1200,1200,1150,1150,1195,1150,1150,1150,1250,1200,1250,1200,1195,1195,1195,1100,1100,1175,1150,1195,1195,1200,1200,1200,1195,1195,1195,1200,1195,1195,1195,1162.5,1195,1195,1250,1195,1250,1195,1195,1225,1225,1250,1250,1250,1250,1240,1297.5,1312.5,1295,1250,1225,1250,1295,1312.5,1285,1195,1195,1295,1295,1300,1250,1200,1295,1250,1262.5,1300,1295,1367.5,1350,1395,1450,1450,1395,1430,1400,1400,1425,1400,1400,1395,1450,1500,1495,1500,1500,1475,1495,1495,1500,1495
"Willingboro","NJ","Philadelphia-Camden-Wilmington","Burlington County",1242,,,,,,,,,,,,,,,,,,,,,,,,,,,,,,,,,,,,,,,,,,,,,,,,,,,,,,,,,,,,,,,,,,,,,,,,,,,,,,,,,,,,,1550,1575,1524.5,1550,1550,1550,1595,1595,1597.5,1595,1600,1600,1650,1650,1650,1650,1650,1650,1650,1650,1650,1625,1625,1625,1612.5
"Maple Valley","WA","Seattle-Tacoma-Bellevue","King County",1243,,,,,,,,,,,,,,,,,,,,,,,,,,,,,,,,,,,,,,,,,,,,,,,,,,,,,,,,,,,,,,,,,,,,,,,,,,,,,,,,,,,,,,2150,2125,2197.5,2300,2325,2350,2300,2295,2250,2200,2237.5,2200,2200,2225,2390,2390,2395,2297.5,2295,2272.5,2300,2270,2299,2347.5
"Morgan Hill","CA","San Jose-Sunnyvale-Santa Clara","Santa Clara County",1244,,,,,,,,,,,,,,,,,,,,,,,,,,,,,,,,,,,,,,,,,,,,,,,,,,,,,,,,,,,,,,,,,,,,,,,,,,,,,,,,,,,,,3400,3250,3100,3600,3400,3400,3500,3300,3295,3295,3150,3400,3300,3447.5,3247.5,3495,3495,3500,3500,3300,3375,3225,3425,3245,3350
"Burlingame","CA","San Francisco-Oakland-Hayward","San Mateo County",1245,,,,,,,,,,,,,,,,,,,,,,,,,,,,,,,,,,,,,,,,,,,,,,,,,,,,,,,,,,,,,,,,,,,,,,,,,,,,,,,,,,,,,,,,,,4500,4700,4500,4225,4272.5,4500,4147.5,4295,4200,4172.5,4050,4172.5,4390,4500,4500,4450,4200,4272.5,4200,4250
"Parkville","MD","Baltimore-Columbia-Towson","Baltimore County",1246,,,,,,,,,,,,,,,,,,,,,,,,,,,,,,,,,,,,,,,,,,,,,,,,,,,,,,,,,,,,,,,,,,,,,,,,,,,,,,,,,,,,1500,1472.5,1500,1500,1562.5,1512.5,1595,1650,1600,1558,1525,1558,1566,1600,1650,1600,1495,1500,1499.5,1500,1599.5,1599,1562.5,1560,1500,1575
"Inverness","FL","Homosassa Springs","Citrus County",1247,,,,,,,,,,,,,,,,,,,,,,,,,,,,,,,,,,,,,,,,,,,,,,,,,,,,,,,,,,,,,,,,,,,,,,,,,,,,,,,,,,,,,,,,,,,,,,1100,1100,1100,1050,1000,1125,1100,1100,1100,1100,1000,975,975,1050,1050,1100
"Montgomery Village","MD","Washington-Arlington-Alexandria","Montgomery County",1248,,,,,,,,,,,,,,,,,,,,,1500,1500,1550,1512.5,1550,1590,1590,1600,1650,1525,1495,1550,1572.5,1572.5,1597.5,1500,1497.5,1600,1597.5,1600,1600,1595,1600,1612.5,1600,1600,1590,1575,1597.5,1600,1600,1600,1600,1650,1637.5,1600,1600,1600,1597.5,1672.5,1695,1695,1612.5,1575,1600,1600,1600,1600,1650,1650,1650,1650,1650,1675,1675,1675,1630,1650,1750,1697.5,1612.5,1600,1695,1600,1600,1550,1600,1662.5,1600,1600,1625,1670,1625,1600,1600,1599,1600,1650,1697,1650,1650,1662.5,1695,1695,1650,1650,1659,1650,1697
"Edwardsville","IL","St. Louis","Madison County",1249,,,,,,,,,,,,,,,,,,,,,,,,,,,,,,,,,,,,,,,,,,,,,,,,,,,,,,,,,,,,,,,,,,,,,,,,,,,,,,,,,,,,,,,,,,,1125,1100,1200,1250,1200,1200,1200,1200,1200,1100,1100,1200,1150,1155,1200,1225,1100,1100,1100
"Carpentersville","IL","Chicago-Naperville-Elgin","Kane County",1250,,,,,,,,,,,,,,,,,,,,,,,,,,,,,,,,,,,,,,,,,,,,,,,,,,,,,,,,,,,,,,,,,,,,,,,,,,,,,,,,,,,,,1372.5,1350,1375,1400,1432,1439,1475,1462.5,1400,1400,1400,1400,1397.5,1395,1395,1450,1462.5,1485,1400,1375,1395,1362.5,1375,1462.5,1435
"Cibolo","TX","San Antonio-New Braunfels","Guadalupe County",1251,,,,,,,,,,,,,,,1295,1295,1350,1350,1350,1350,1325,1325,1372.5,1350,1350,1345,1395,1400,1437.5,1437.5,1450,1400,1400,1395,1400,1400,1395,1350,1350,1400,1450,1495,1450,1450,1450,1400,1450,1400,1437.5,1450,1450,1450,1500,1500,1495,1475,1450,1495,1475,1450,1495,1500,1525,1525,1550,1500,1550,1547.5,1495,1497.5,1500,1500,1500,1495,1500,1550,1545,1562.5,1595,1550,1545,1495,1600,1500,1537.5,1525,1575,1550,1575,1600,1595,1595,1550,1550,1500,1495,1500,1500,1550,1550,1595,1600,1650,1600,1595,1595,1575,1550,1525
"Galloway","NJ","Atlantic City-Hammonton","Atlantic County",1252,,,,,,,,,,,,,,,,,,,,,,,,,,,,,,,,,,,,,,,,,,,,,,,,,,,,,,,,,,,,,,,,,,,,,,,,,,,,,,,,,,,,,1250,1175,1150,1200,1200,1200,1200,1250,1250,1250,1200,1200,1250,1250,1200,1200,1272.5,1200,1200,1200,1300,1300,1295,1295,1224.5
"Leesburg","FL","Orlando-Kissimmee-Sanford","Lake County",1253,,,,,,,,,,,,,,,,,,,,,,,,,,,,,,,,,,,,,,,,,,,,,,,,,,,,,,,,,,,,,,,,,,,,,,,,,,,,,,,,,,,,,1000,1049,1000,1075,1050,1062.5,997.5,995,960,1000,1047.5,1100,1100,1100,1169,1100,1050,1200,1050,1025,1100,1100,1125,1125,1150
"Monterey","CA","Salinas","Monterey County",1254,,,,,,,,,,,,,,,,,,,,,,,,,,,,,,,,,,,,,,,,,,,,,,,,,,,,,,,,,,,,,,,,,,,,,,,,,,,,,,,,,,,,,,2561,2300,2575,2695,2722.5,2937.5,2800,2725,2750,2750,2700,2600,2750,2800,2500,2700,2685,2675,2672.5,2750,2750,2800,2785,2600
"Abingdon","MD","Baltimore-Columbia-Towson","Harford County",1254,,,,,,,,,,,,,,,,,,,,,,,,,,,,,,,,,,,,,1500,1500,1500,1472.5,1500,1550,1475,1425,1450,1495,1450,1450,1450,1495,1500,1500,1550,1600,1650,1650,1600,1550,1497.5,1550,1500,1600,1575,1600,1572.5,1512.5,1600,1572.5,1595,1600,1600,1550,1600,1597.5,1550,1512.5,1585,1595,1537.5,1550,1450,1500,1487.5,1492.5,1500,1500,1600,1600,1675,1650,1624.5,1575,1597,1550,1500,1525,1550,1575,1550,1550,1550,1595,1600,1599.5,1600,1600,1562.5,1550,1600
"Woodridge","IL","Chicago-Naperville-Elgin","DuPage County",1256,,,,,,,,,,,,,,,,,,,,,,,,,,,,,,,,,,,,,,,,,,,,,,,,,,,,,,,,,,,,,,,,,,,,,,,,,,,,,,,,,,,,,,,,,,,,,1400,1435,1450,1650,1575,1650,1735,1650,1725,1650,1550,1600,1600,1550,1600,1650,1698
"Millcreek","UT","Salt Lake City","Salt Lake County",1257,,,,,,,,,,,,,,,,,,,,,,,,,,,,,,,,,,,,,,,,,,,,,,,,,,,,,,,,,,,,,,,,,,,,,,,,,,,,,,,,,,,,,,,,,1400,1435,1395,1350,1395,1250,1325,1295,1325,1350,1437.5,1550,1500,1400,1495,1617.5,1597.5,1372.5,1295,1495,1450
"Westfield","NJ","New York-Newark-Jersey City","Union County",1258,,,,,,,,,,,,,,,,,,,,,,,,,,,,,,,,,,,,,,,,,,,,,,,,,,,,,,,,,,,,,,,,,,,,,,,,,,,,,,,,,,,,,,,,,,,,,,,2700,2525,2500,2500,2500,2650,2650,2500,2800,3000,3200,3600,3450,3450,3425
"Greater Upper Marlboro","MD","Washington-Arlington-Alexandria","Prince Georges County",1259,,,,,,,,,,,,,,,,,,,,,,,,,,,,,,,,,,,,,,,,,,,,,,,,,,,,,,,,,,,,,,,,,,,,,,,,,,,,,,,,,,,,,1850,1850,1800,1825,1870,1800,1800,1837.5,1925,2000,2100,2000,1972.5,1800,1925,1950,2075,1912.5,2250,2200,1990,1950,2200,1950,1934.5
"Ladson","SC","Charleston-North Charleston","Berkeley County",1260,,,,,,,,,,,,,,,,,,,,,,,,,,,,,,,,,,,,,,,,,,,,,,,,,,,,,,,,,,,,,,,,,,,,,,,,,,,,,,,,,,,1360,1197.5,1272.5,1200,1200,1300,1350,1350,1300,1375,1387.5,1300,1350,1350,1300,1400,1350,1425,1350,1400,1375,1375,1350,1397.5,1360,1395,1450
"Warrenton","VA","Washington-Arlington-Alexandria","Fauquier County",1261,,,,,,,,,,,,,,,,,,,,,,,,,,,,,,,,,,,,,,,,,,,,,,,,,,,,,,,,,,,,,,,,,,,,,,,,,,,,,,,,,,,,,,1950,1975,1737.5,1800,1800,1650,1675,1700,1800,1750,1595,1595,1722.5,1695,1600,1660,1700,1597.5,1550,1695,1535,1575,1475,1600
"Ocean Springs","MS","Gulfport-Biloxi-Pascagoula","Jackson County",1262,,,,,,,,,,,,,,,,,,,,,,,,,,,,,,,,,,,,,,,,,,,,,,,,,,,,,,,,,,,,,,,,,,,,,,,,,,,,,,1200,1195,1000,1150,1150,1200,1150,1050,1100,1162.5,1200,1197.5,1250,1200,1150,1200,1150,1200,1200,1200,1150,1150,1200,1200,1200,1200,1250,1300,1375,1200,1200,1175
"Walnut","CA","Los Angeles-Long Beach-Anaheim","Los Angeles County",1263,,,,,,,,,,,,,,,,,,,,,,,,,,,,,,,,,,,,,,,,,,,,,,,,,,,,,,,,,,,,,,,,,,,,,,,,,,,,,,,,,,,,2800,2800,2850,2900,2800,2999.5,2875,2800,2950,2950,2950,2990,2950,2800,2800,2800,2950,2997.5,3000,2950,2997.5,2950,2950,2862.5,2900,2950
"Madison Heights","MI","Detroit-Warren-Dearborn","Oakland County",1264,,,,,,,,,,,,,,,,,,,,,,,,,,,,,,,,,,,,,,,,,,,,,,,,,,,,,,,,,,,,,,,,,,,,,,,,,,,,,,1100,1100,1100,1050,1100,1025,1100,1050,1100,1100,1100,1100,1150,1100,1150,1172.5,1150,1100,1100,1150,1100,1150,1150,1100,1225,1162.5,1125,1250,1150,1150,1200,1200
"Princeton","NJ","Trenton","Mercer County",1264,,,,,,,,,,,,,,,,,,,,,,,,,,,,,,,,,,,,,,,,,,,,,,,,,,,,,,,,,,,,,,,,,,,,,,,,,,,,,,,,,,,,,3000,2850,3000,3075,3300,3287.5,3400,3500,3550,3200,3000,3200,3390,3400,3500,3500,3400,3350,3275,3500,3475,3325,3200,3200,3200
"Westchester","FL","Miami-Fort Lauderdale-West Palm Beach","Miami-Dade County",1266,,,,,,,,,,,,,,,,,,,,,,,,,,,,,,,,,,,,,,,,,,,,,,,,,,,,,,,,,,,,,,,,,,,,,,,,,,,,,,,,,,,,,,,,,,,,2300,2300,2350,2180,2262.5,2300,2300,2350,2225,2200,2300,2250,2200,2350,2350,2300,2350,2400
"West Linn","OR","Portland-Vancouver-Hillsboro","Clackamas County",1267,,,,,,,,,,,,,,,,,,,,,,,,,,,,,,,,,,,,,,,,,,,,,,,,,,,,,,,,,,,,,,,,,,,,,,,,,,,,,,,,,,,,,,,,,,,,,,,,2100,2000,2150,2295,2195,2195,2300,2200,2197.5,2200,2200,2100,1900,2100
"Midlothian","TX","Dallas-Fort Worth-Arlington","Ellis County",1268,,,,,,,,,,,,,,,,,,,,,,,,,,,,,,,,,,,,,,,,,,,,,,,,,,,,,,,,,,,,,,,,,,,,,,,,,,,,,,,,,,,,,,1550,1545,1545,1585,1667.5,1585,1500,1625,1600,1695,1650,1650,1695,1695,1695,1695,1695,1672.5,1645,1595,1550,1500,1550,1655
"Indian Trail","NC","Charlotte-Concord-Gastonia","Union County",1269,,,,,,,,,,,,,,,,,,,,,,,,,,,,,,,,1300,1200,1195,1197,1200,1400,1350,1350,1395,1450,1400,1375,1450,1350,1325,1325,1325,1365,1347.5,1350,1350,1450,1450,1475,1450,1397.5,1395,1410,1425,1447.5,1425,1425,1490,1495,1475,1450,1450,1450,1475,1495,1475,1495,1495,1545,1520,1462.5,1595,1499.5,1485,1395,1500,1459,1395,1450,1450,1539,1600,1597,1610,1595,1575,1549,1525,1495,1495,1495,1540,1577.5,1595,1595,1595,1595,1595,1550,1515,1550,1562.5,1525
"San Carlos","CA","San Francisco-Oakland-Hayward","San Mateo County",1270,,,,,,,,,,,,,,,,,,,,,,,,,,,,,,,,,,,,,,,,,,,,,,,,,,,,,,,,,,,,,,,,,,,,,,,,,,,,,,,,,,,,,,4250,4000,4500,4500,4500,4365,4500,4495,4650,4300,4500,4150,3900,4275,3900,4500,4997.5,4950,4625,4500,4500,4350,4500,4800
"Watertown","NY","Watertown-Fort Drum","Jefferson County",1271,,,,,,,,,,,,,,,,,,,,,,,,,,,,,,,,,,,,,,,,,,,,,,,,,,,,,,,,,,,,,,,,,,,,,,,,,,,,,,,,,,,1250,1200,1200,1200,1200,1200,1200,1200,1100,1200,1200,1275,1200,1200,1200,1200,1250,1200,1200,1275,1295,1200,1200,1195,1200,1200,1200
"Oak Park","MI","Detroit-Warren-Dearborn","Oakland County",1272,,,,,,,,,,,,,,995,950,950,950,950,950,1050,997.5,985,950,962.5,975,1000,1000,1000,1000,975,975,1000,999,962.5,925,925,950,950,992.5,980,1000,1000,999.5,1000,1000,950,975,995,1000,1000,1050,1050,1000,1025,1000,1025,1075,1010,1050,1050,1000,1050,1050,1050,1020,1000,1010,1000,997.5,1012.5,1025,1050,1030,1050,1065,1082.5,1150,1100,1100,1100,1095,1162.5,1100,1112.5,1200,1162.5,1150,1200,1200,1200,1150,1050,1200,1185,1140,1100,1175,1100,1100,1100,1100,1150,1200,1200,1162.5,1200,1200,1225,1200
"Southlake","TX","Dallas-Fort Worth-Arlington","Tarrant County",1273,,,,,,,,,,,,,,,,,,,,,,,,,,,,,,,,,,,,,,,,,,,,,,,,,,,,,,,,,,,,,,,,,,,,,,,,,,,,,,,,,,,,,,,,,,,,,,,,,3800,3800,3950,4000,4300,3995,3995,4000,3775,3975,3950,3955,3955
"Fernandina Beach","FL","Jacksonville","Nassau County",1274,,,,,,,,,,,,,,,,,,,,,,1295,1175,1075,1037.5,1100,1200,1350,1350,1425,1325,1262.5,1350,1350,1200,1200,1197,1247,1250,1296,1450,1297,1422,1350,1350,1350,1350,1350,1325,1250,1300,1325,1450,1450,1462.5,1462.5,1395,1350,1350,1350,1298.5,1300,1350,1350,1450,1482.5,1500,1350,1495,1400,1500,1472.5,1400,1462.5,1450,1400,1400,1350,1400,1500,1562.5,1350,1322.5,1545,1487.5,1475,1650,1550,1687.5,1650,1750,1650,1650,1587.5,1600,1625,1665,1650,1575,1587.5,1700,1695,1800,1725,1737.5,1573.5,1615,1523.5,1675
"Lafayette","CA","San Francisco-Oakland-Hayward","Contra Costa County",1275,,,,,,,,,,,,,,,,,,,,,,,,,,,,,,,,,,,,,,,,,,,,,,,,,,,,,,,,,,,,,,,,,,,,,,,,,,,,,,,,,,,,,,,,4950,4950,5200,4780,4500,4500,4433,4475,4195,4195,4347.5,4000,4000,4700,4800,4500,4200,4175,4450,5000,5000,4775
"Dania Beach","FL","Miami-Fort Lauderdale-West Palm Beach","Broward County",1276,,,,,,,,,,,,,1337.5,1399,1400,1500,1450,1450,1450,1400,1450,1450,1400,1450,1450,1400,1450,1400,1425,1400,1400,1500,1500,1450,1400,1385,1450,1500,1450,1482.5,1500,1500,1500,1500,1500,1550,1600,1600,1600,1600,1600,1600,1500,1550,1600,1650,1650,1600,1600,1600,1600,1650,1650,1600,1600,1650,1650,1690,1650,1700,1700,1725,1725,1750,1700,1712.5,1787.5,1700,1690,1600,1695,1737.5,1650,1600,1750,1700,1704.5,1700,1700,1700,1800,1750,1750,1700,1700,1700,1700,1700,1700,1700,1700,1700,1675,1700,1700,1650,1662.5,1700,1700
"Shawnee","OK","Shawnee","Pottawatomie County",1277,,,,,,,,,,,,,,,,,,,,,,,,,,,,,,,,,,,,,,,,,,,,,,,,,,,,,,,,,,,,,,,,,,,,,,,,,,,,,,,,,,,,,,,,800,800,825,800,750,750,700,700,700,725,750,750,775,700,750,750,712.5,725,675,725,700,675
"College Park","MD","Washington-Arlington-Alexandria","Prince Georges County",1278,,,,,,,,,,,,,,,,,,,,,,,,,,,,,,,,,,,,,,,,,,,,,,,,,,,,,,,,,,,,,,,,,,,,,,,,,,,,,,,,,,,,,,,,,2200,2195,2195,2100,2200,2200,1995,1990,1950,2200,2200,2350,2250,2350,2472.5,2397.5,2300,2350,2400,2200,2500
"Willis","TX","Houston-The Woodlands-Sugar Land","Montgomery County",1279,,,,,,,,,,,,,,,,,,,,,,,,,,,,,,,,,,,,,,,,,,,,,,,,,,,,,,,,,,,,,,,,,,,,,,,,,,,,,,,,,,,,,1400,1362.5,1350,1350,1350,1350,1385,1350,1360,1450,1500,1495,1495,1495,1450,1450,1395,1400,1400,1400,1420,1397.5,1350,1350,1350
"Windermere","FL","Orlando-Kissimmee-Sanford","Orange County",1280,,,,,,,,,,,,,,,,,,,,,,,,,,,,1775,1750,1850,1850,1850,1625,1750,1795,1750,1750,1750,1695,1700,1712.5,1750,1795,1800,1872.5,1800,1900,1850,1850,1850,1862.5,1850,1850,1800,1800,1882.5,1850,1887.5,1849,1850,1900,1950,2000,2095,1937.5,1925,1850,1897.5,1900,1950,1925,1875,1895,1900,1995,1900,1995,1995,1970,2050,2199,2150,2050,2200,2100,2050,1995,2100,2100,2100,2100,2225,2200,2195,2150,2155,2222.5,2222.5,2200,2285,2297.5,2250,2250,2250,2200,2295,2272.5,2350,2300
"Nixa","MO","Springfield","Christian County",1281,,,,,,,,,,,,,,,,,,,,,,,,,,,,,,,,,,,,,,,,,,,,,,,,,,,,,,,,,,,,,,,,,,,,,,,,,,,,,,,,,,,,,850,862.5,875,950,995,995,895,1000,900,897.5,895,895,895,950,950,975,995,995,995,1095,1097.5,1150,1075,1050,975
"Voorhees","NJ","Philadelphia-Camden-Wilmington","Camden County",1282,,,,,,,,,,,,,,,,,,,,,,,,,,,,,,,,,,,,,,,,,,,,,,,,,,,,,,,,,,,,,,,,,,,,,,,,,,,,,,,,,,,,,1449.5,1450,1475,1462.5,1401,1400,1500,1500,1500,1500,1600,1562.5,1450,1350,1350,1400,1590,1595,1650,1545,1700,1700,1682.5,1697.5,1700
"Rosenberg","TX","Houston-The Woodlands-Sugar Land","Fort Bend County",1283,,,,,,,,,,,,,,,,,,,,,,,,,,,,,,,,,,,,,,,,,,,,,,,,,,,,,,,,,,,,,,,,,,,,,,,,,,,,,,,,,,,,,1450,1485,1587.5,1625,1600,1590,1600,1550,1585,1600,1595,1600,1600,1600,1695,1585,1585,1595,1600,1600,1600,1600,1500,1515,1575
"Hopewell","VA","Richmond","Hopewell City",1284,,,,,,,,,,,,,,,,,,,,,,,,,,,,,,,,,,,,,,,,,,,,,,,,,,,,,,,,,,,,,,,,,,,,,,,,,,,,,,,,,,,,,812.5,825,875,850,895,925,950,897.5,895,950,950,850,875,875,865,897.5,895,937.5,937.5,1047.5,950,950,950,950,950
"Lansing","IL","Chicago-Naperville-Elgin","Cook County",1285,,,,,,,,,,,,,,,,,,,,,,,,,,,,,,,,,,,,,,,,,,,,,,,,,,,,,,,,,,,,,,,,,,,,,,,,,,,,,,,,,,,,,1350,1425,1374.5,1300,1350,1350,1400,1500,1400,1450,1450,1425,1400,1400,1500,1467.5,1475,1512.5,1467.5,1462.5,1400,1430,1495,1475,1457.5
"Westfield","IN","Indianapolis-Carmel-Anderson","Hamilton County",1286,,,,,,,,,,,,,,,,,,,,,,,,,,,,,,,,,,,,,,,,,,,,,,,,,,,,,,,,,,,,,,,,,,,,,,,,,,,,,,,,,,,,,1495,1495,1500,1450,1450,1520,1497.5,1485,1495,1455,1397.5,1400,1372.5,1460,1500,1567.5,1525,1550,1495,1537.5,1540,1500,1485,1499,1522.5
"Fleming Island","FL","Jacksonville","Clay County",1287,,,,,,,,,,,,,,,,,,1225,1400,1300,1185,1200,1250,1325,1300,1272.5,1250,1300,1312.5,1350,1300,1400,1375,1400,1450,1400,1397.5,1400,1425,1350,1425,1450,1475,1472.5,1512.5,1575,1575,1500,1495,1450,1462.5,1462.5,1545,1550,1537.5,1625,1650,1537.5,1500,1525,1612.5,1625,1550,1600,1625,1600,1600,1675,1650,1650,1600,1550,1537.5,1550,1650,1650,1650,1550,1595,1550,1572.5,1695,1572.5,1569,1562.5,1500,1550,1600,1597.5,1700,1725,1695,1697.5,1672.5,1650,1650,1600,1600,1650,1650,1770.5,1690,1697.5,1650,1650,1650,1625,1600,1600
"Holiday","FL","Tampa-St. Petersburg-Clearwater","Pasco County",1288,,,,,,,,,,,,,750,750,750,750,775,775,750,775,750,750,725,747.5,725,737.5,737.5,750,725,750,750,750,762.5,800,800,797.5,795,800,795,775,825,850,800,800,800,800,799.5,800,800,800,825,850,850,850,800,850,825,825,850,850,850,850,850,915,900,875,872.5,900,900,900,897.5,895,900,899,862.5,890,900,950,875,875,897.5,895,950,915,927.5,950,950,900,950,950,950,990,950,950,995,1049,1000,1000,1000,1050,1100,1000,1100,1000,1015,1045,1050,1095,1025
"Lawrence","NJ","Trenton","Mercer County",1289,,,,,,,,,,,,,,,,,,,,,,,,,,,,,,,,,,,,,,,,,,,,,,,,,,,,,,,,,,,,,,,,,,,,,,,,,,,,,,,,,,,,,1850,1837.5,1825,1750,1800,1825,1825,1800,1800,1800,1837.5,1800,1800,1800,1850,1850,1850,1850,1850,1850,1850,1875,1975,1975,1850
"South Lake Tahoe","CA","Sacramento--Roseville--Arden-Arcade","El Dorado County",1290,,,,,,,,,,,,,,,,,,,,,,,,,,,,,,,,,,,,,,,,,,,,,,,,,,,,,,,,,,,,,,,,,,,,,,,,,,,,,,,,,,,,,,,,,,,2100,2100,2000,2000,2000,2050,2000,2000,1850,2000,2050,2000,2000,2050,2000,2000,2150,1950,1950
"Laguna Hills","CA","Los Angeles-Long Beach-Anaheim","Orange County",1291,,,,,,,,,,,,,,,,,,,,,,,,,,,,,,,,,,,,,,,,,,,,,,,,,,,,,,,2600,2550,2300,2297.5,2300,2197.5,2297.5,2245,2300,2375,2200,2300,2395,2300,2300,2450,2525,2900,2900,2600,2400,2400,2295,2297.5,2400,2695,2600,2450,2397.5,2297.5,2295,2500,2850,2980,2800,2700,2800,2575,2350,2675,2915,3125,2915,2625,2950,2800,2850,3050,2980,2900,2980,2695,2800,2695,2600
"Litchfield Park","AZ","Phoenix-Mesa-Scottsdale","Maricopa County",1292,,,,,,,,,,,,,,,1125,1150,1122.5,1095,1090,1095,1075,1065,1050,1100,1095,1075,1075,1095,1097.5,1065,1065,1065,1075,1075,1112.5,1100,1100,1100,1137.5,1162.5,1095,1095,1100,1125,1112.5,1200,1200,1195,1150,1135,1145,1150,1162.5,1150,1150,1200,1195,1200,1195,1195,1195,1262.5,1450,1425,1400,1350,1400,1400,1395,1300,1297.5,1370,1495,1495,1450,1495,1370,1300,1350,1285,1295,1275,1350,1287,1275,1367,1400,1500,1400,1425,1435,1425,1400,1425,1500,1500,1495,1495,1450,1500,1425,1495,1500,1470,1475,1495,1500,1595,1595
"Hampden","PA","Harrisburg-Carlisle","Cumberland County",1293,,,,,,,,,,,,,,,,,,,,,,,,,,,,,,,,,,,,,,,,,,,,,,,,,,,,,,,,,,,,,,,,,,,,,,,,,,,,,,,,,,,,,1495,1525,1520,1544.5,1595,1595,1500,1495,1550,1595,1550,1500,1495,1550,1595,1595,1587.5,1595,1560,1495,1495,1497.5,1495,1525,1595
"Schertz","TX","San Antonio-New Braunfels","Guadalupe County",1294,,,,,,,,,,,,,,,,,,,,,,,,,,,,,,,,,,,,,,,,,,,,,,,,,,1337.5,1295,1295,1395,1350,1395,1395,1395,1350,1495,1450,1395,1395,1372.5,1350,1397.5,1450,1450,1395,1277.5,1325,1385,1362.5,1350,1395,1422.5,1425,1395,1397.5,1395,1350,1337.5,1400,1400,1350,1372.5,1447.5,1450,1495,1495,1525,1525,1550,1462.5,1475,1437.5,1495,1495,1495,1450,1495,1495,1495,1495,1495,1500,1567.5,1497.5,1495,1495
"Long Branch","NJ","New York-Newark-Jersey City","Monmouth County",1295,,,,,,,,,,,,,,,,,,,,,,,,,,,,,,,,,,,,,,,,,,,,,,,,,,,,,,,,,,,,,,,,,,,,,,,,,,,,,,,,,,,,,2200,2200,2500,2675,2972.5,2800,2650,2400,2450,2400,2300,2250,2475,2700,2500,2850,2825,2700,2500,2500,2500,2425,2525,2725,2800
"Raytown","MO","Kansas City","Jackson County",1296,,,,,,,,,,,,,,,,,,,,,,,,,,,,,,,,,,785,850,850,875,850,800,799,850,857.5,847.5,847.5,845,835,850,875,895,895,895,895,885,850,850,850,895,895,895,885,895,900,900,875,895,900,897.5,850,870,900,900,900,900,925,887.5,900,875,935,900,950,850,885,962.5,915,995,952,950,950,950,975,982.5,950,962.5,1010,995,975,950,962.5,985,975,1000,1000,1000,1025,1045,1045,1000,995,975
"Alabaster","AL","Birmingham-Hoover","Shelby County",1297,,,,,,,,,,,,,,,,,,,,,,,,,,,,,,,,,,,,,,,,,,,,,,,,,,,,,,,,,,,,,,,,,,,,,,,,,,,,,,,,,,,,,,,,,,,,,1250,1200,1265,1300,1310,1250,1250,1295,1297,1295,1300,1300,1300,1295,1250,1295,1250
"Algonquin","IL","Chicago-Naperville-Elgin","McHenry County",1298,,,,,,,,,,,,,,,,,,,,,,1550,1475,1595,1525,1500,1537.5,1450,1500,1500,1600,1600,1575,1550,1500,1475,1462.5,1500,1450,1550,1500,1475,1475,1500,1595,1537.5,1500,1550,1597.5,1600,1625,1599.5,1550,1500,1525,1500,1500,1500,1525,1500,1500,1495,1550,1580,1550,1550,1568,1600,1600,1600,1600,1600,1500,1695,1672.5,1700,1650,1585,1600,1600,1500,1550,1500,1700,1600,1525,1550,1500,1550,1587.5,1575,1647.5,1650,1600,1550,1600,1587.5,1637.5,1600,1600,1672.5,1675,1700,1759.5,1769,1750,1750,1700,1600
"Beltsville","MD","Washington-Arlington-Alexandria","Prince Georges County",1299,,,,,,,,,,,,,,,,,,,,,,,,,,,,,,,,,,,,,,,,,,,,,,,,,,,,,,,,,,,,,,,,,,,,,,,,,,,,,,,,,,,,,,,,,1750,1900,1800,1850,1825,1745,1800,1750,1675,1737.5,1750,1727.5,1950,1950,1972.5,1915,1800,1612.5,1647.5,1595,1770
"Mill Valley","CA","San Francisco-Oakland-Hayward","Marin County",1300,,,,,,,,,,,,,,,,,,,,,,,,,,,,,,,,,,,,,,,,,,,,,,,,,,,,,,,,,,,,,,,,,,,,,,,,,,,,,,5800,5300,4997.5,4995,4700,4250,4500,5000,4995,5300,5750,5650,6000,5725,5000,5000,5000,4850,4500,4775,4600,5000,5875,5750,5500,5495,5200,5000,5375,5000,5200,6000
"Lake Magdalene","FL","Tampa-St. Petersburg-Clearwater","Hillsborough County",1301,,,,,,,,,,,,,,,,,,,,,,,,,,,,,,,,,,,,,,,,,,,,,,,,,,,,,,,,,,,,,,,,,,,,,,,,,,,,,,,,,,,,,1295,1250,1225,1200,1250,1250,1325,1250,1250,1250,1262.5,1250,1275,1295,1285,1350,1347.5,1375,1350,1350,1417.5,1449,1442.5,1450,1300
"Long Beach","NY","New York-Newark-Jersey City","Nassau County",1302,,,,,,,,,,,,,,,,,,,,,,,,,,,,,,,,,,,,,,,,,,,,,,,,,,,,,,,,,,,,,,,,,,,,,,,,,,,,,,,,,,,,,,2900,3300,3500,3500,3300,3000,2700,2700,2699.5,2600,2600,2900,3000,3200,3600,3600,3500,3200,3000,2850,2800,2787.5,2787.5,2850
"Englewood","FL","Punta Gorda","Charlotte County",1303,,,,,,,,,,,,,,,,,,,,,,,,,,,,,,,,,,,,,,,,,,,,,,,,,,,,,,,,,,,,,,,,,,,,,,,,,,,,,,,,,,,,,2800,2300,2250,2500,2300,2400,2400,2400,2400,2500,2600,2750,2700,2700,2700,2700,2400,2437.5,2400,2400,2700,2850,2925,2900,2700
"Palm City","FL","Port St. Lucie","Martin County",1304,,,,,,,,,,,,,,,,,,,,,,,,,,,,,,,,,,,,,,,,,,,,,,,,,,,,,,,,,,,,,,,,,,,,,,,,,,,,,,,,,,,,,,,,,,,,,,,,,2900,2900,2747.5,3000,2900,2675,2600,2500,2500,2575,2875,2800,2925
"Garfield Heights","OH","Cleveland-Elyria","Cuyahoga County",1305,,,,,,,,,,,,,,,,,,,,,,,,,,,,,,,,,,,,,,,,,,,,,,,,,,,,,,,,,,,,,,,,,,,,,,,,,,,,,,,,,,,,,900,900,925,900,900,900,900,900,900,900,900,900,900,900,900,925,900,925,900,925,900,925,950,950,925
"Englewood","NJ","New York-Newark-Jersey City","Bergen County",1306,,,,,,,,,,,,,,,,,,,,,,,,,,,,,,,,,,,,,,,,,,,,,,,,,,,,,,,,,,,,,,,,,,,,,,,,,,,,,,,,,,,,,,2050,1990,2130,2300,2520,2500,2300,2210,2150,2500,2300,2300,2300,2225,2150,2200,2195,2350,2375,2425,2559,2500,2500,2500
"East Haven","CT","New Haven-Milford","New Haven County",1307,,,,,,,,,,,,,,,,,,,,,,,,,,,,,,,,,,,,,,,,,,1700,1600,1545,1647.5,1587.5,1400,1595,1600,1550,1500,1495,1600,1600,1600,1585,1595,1595,1600,1500,1595,1595,1500,1600,1625,1600,1595,1600,1695,1637.5,1595,1575,1595,1600,1675,1650,1575,1575,1425,1585,1495,1550,1550,1595,1590,1600,1625,1595,1595,1500,1512.5,1550,1650,1600,1600,1600,1600,1600,1650,1700,1600,1637.5,1650,1700,1700,1600,1625,1675,1600
"Branford","CT","New Haven-Milford","New Haven County",1308,,,,,,,,,,,,1800,1700,1750,1800,1950,2000,1850,1800,1800,1800,1750,1700,1577,1572.5,1695,1800,1750,1725,1650,1600,1600,1600,1750,1750,1700,1600,1750,1800,1700,1700,1600,1550,1600,1650,1750,1725,1600,1650,1650,1700,1700,1895,1800,1800,1700,1700,1750,1750,1700,1700,1700,1700,1700,1700,1700,1700,1750,1650,1700,1675,1650,1700,1695,1700,1800,1800,1850,1700,1600,1525,1500,1700,1650,1575,1600,1600,1800,1790,1700,1700,1700,1700,1662.5,1700,1700,1700,1700,1700,1750,1700,1675,1700,1700,1675,1600,1700,1700,1630
"King of Prussia","PA","Philadelphia-Camden-Wilmington","Montgomery County",1309,,,,,,,,,,,,,,,,,,,,,,,,,,,,,,,,,,,,,,,,,,,,,,,,,,,,,,,,,,,,,,,,,,,,,,,,,,,,,,,,,,,,,1987.5,1937.5,2050,2100,2000,2000,2000,2000,2100,2000,2000,2000,1987.5,2100,2200,2200,2300,2150,1975,2250,2150,2162.5,2350,2200,2100
"Ponte Vedra Beach","FL","Jacksonville","Saint Johns County",1310,,,,,,,,,,,,,,,,,,,,,,,,,,,,,,,,,,,,,,,,,,,,,,,,,,,,,,,,,,,,,,,,,,,,,,,,,,,,,,,,,,,,,,,,,2500,2500,2500,2500,2800,2800,2850,2825,2800,2697.5,2500,2500,2508,2500,2600,2500,2500,2500,2595,2472.5,2450
"Newtown","CT","Bridgeport-Stamford-Norwalk","Fairfield County",1311,,,,,,,,,,,,,,,,,,,,,,,,,,,,,,,,,,,,,,,,,,,,,,,,,,,,,,,,,,,,,,,,,,,,,,,,,,,,,,,,,,,,,2000,2000,2000,2000,2325,2300,2425,2500,2350,2100,2050,2000,2200,2200,2200,2000,2350,2325,2300,2425,2500,2350,1995,1950,1800
"Highland Park","IL","Chicago-Naperville-Elgin","Lake County",1312,,,,,,,,,,,,,,,,,,,,,,,,,,,,,,,,,,,,,,,,,,,,,,,,,,,,,,,,,,,,,,,,,,,,,,,,,,,,,,2447.5,2600,2350,2500,2650,2575,2147.5,2350,2700,2800,2424.5,2600,2449.5,2400,2400,2300,2400,2500,2500,2325,2500,2500,2597.5,2500,2500,2550,2600,2650,2547.5,2425,2450,2500
"Harker Heights","TX","Killeen-Temple","Bell County",1313,,,,,,,,,,,,,,,,,,,,,,,,,,,,1195,1222.5,1245,1225,1250,1200,1250,1250,1250,1200,1195,1150,1195,1195,1200,1195,1150,1162.5,1135,1100,1125,1150,1195,1200,1195,1200,1250,1250,1275,1237.5,1225,1241.5,1245,1250,1250,1295,1300,1300,1275,1250,1250,1200,1212.5,1200,1195,1172.5,1195,1255,1262.5,1300,1250,1300,1285,1100,1150,1240,1230,1197.5,1250,1292.5,1320,1300,1300,1262.5,1250,1250,1200,1200,1195,1195,1195,1295,1337.5,1337.5,1350,1300,1295,1295,1250,1250,1150,1235
"Junction City","KS","Junction City","Geary County",1314,,,,,,,,,,,,,,,,,,,,,,,,,,,,,,,,,,,,,,,,,,1197.5,1200,1200,1215,1212.5,1150,1135,1100,1098,1099,1100,1270,1300,1200,1200,1195,1150,1150,1075,1085,1075,1085,1100,1197.5,1100,1100,1100,1050,1100,1075,1050,1000,1050,1000,1025,1000,1100,997.5,1085,1100,1100,1000,1000,975,962.5,975,1000,1000,1050,1000,1000,1000,1050,1000,1012.5,1000,985,995,995,1000,1000,1000,1000,1000,950,950,1000,1000
"Hutto","TX","Austin-Round Rock","Williamson County",1315,,,,,,,,,,,,,,,,,,,,,,,,,,,,,,,,,,,,,,,,,,,,,,,,,,,,,,,,,,,,,,,,,,,,,,,,,,,,,,,,,,,,1499.5,1475,1500,1512.5,1550,1525,1500,1499.5,1500,1495,1495,1499.5,1500,1547.5,1575,1595,1637.5,1597.5,1600,1612.5,1595,1595,1595,1600,1600,1595
"Ponchatoula","LA","Hammond","Tangipahoa Parish",1316,,,,,,,,,,,,,,,,,,,,,,,,,,,,,,,,,,,,,,,,,,,,,,,,,,,,,,,,,,,,,,,,,,,,,,,,,,,,,,,,,,,,,,,,1200,1250,1250,1275,1375,1250,1200,1250,1250,1225,1200,1200,1275,1325,1200,1300,1250,1200,1250,1250,1250,1200
"Spring Hill","TN","Nashville-Davidson--Murfreesboro--Franklin","Maury County",1317,,,,,,,,,,,,,,,,,,,1295,1387.5,1337.5,1300,1300,1347.5,1300,1312.5,1400,1375,1350,1300,1350,1350,1450,1350,1425,1295,1350,1400,1412.5,1412.5,1372.5,1395,1450,1495,1500,1485,1450,1447.5,1450,1425,1450,1462.5,1500,1500,1585,1550,1550,1550,1550,1575,1549,1562.5,1575,1575,1595,1597.5,1550,1575,1550,1550,1549,1550,1550,1550,1600,1650,1585,1512.5,1595,1572.5,1549.5,1550,1499,1500,1525,1550,1595,1595,1600,1635,1650,1650,1650,1595,1595,1595,1595,1600,1650,1650,1595,1595,1600,1655,1675,1642.5,1570,1589,1590
"Shaker Heights","OH","Cleveland-Elyria","Cuyahoga County",1318,,,,,,,,,,,,,,,,,,,,,,,,,,,,,,,,,,,,,,,,,,,,,,,,,,,,,,,,,,,,,,,,,,,,,,,,,,,,,,,,,,,,,,,,,,,,,,,,1250,1322.5,1250,1250,1250,1350,1400,1220,1197.5,1145,1300,1237.5,1337.5,1100
"Fountain","CO","Colorado Springs","El Paso County",1319,,,,,,,,,,,,,,,,,1225,1200,1200,1250,1150,1165,1195,1150,1150,1150,1150,1172.5,1250,1250,1250,1195,1200,1200,1150,1200,1197.5,1200,1250,1225,1237.5,1250,1250,1250,1250,1250,1250,1250,1250,1200,1199.5,1200,1250,1250,1295,1250,1262.5,1250,1250,1250,1250,1250,1250,1295,1250,1295,1295,1300,1295,1285,1295,1295,1295,1275,1297.5,1300,1325,1350,1350,1295,1295,1295,1350,1300,1312.5,1350,1350,1395,1397.5,1400,1425,1400,1350,1397,1412.5,1400,1400,1396,1425,1450,1486,1495,1475,1450,1450,1468,1475,1500,1500
"Miami Lakes","FL","Miami-Fort Lauderdale-West Palm Beach","Miami-Dade County",1320,,,,,,,,,,,,,,,,,,,,,,,,,,,,,,,,,,,,,,,,,,,,,,,,,,,,,,,,,,,,,,,,,,,,,,,,,,,,,,2200,2200,2097.5,2300,2369,2300,2325,2100,2100,1992.5,1985,2100,1910,2112.5,2200,2200,2100,2000,2199,2300,2350,2300,2450,2300,2200,2250,2275,2265,2250,2200,2200,2300
"Lisle","IL","Chicago-Naperville-Elgin","DuPage County",1321,,,,,,,,,,,,,,,,,,,,,,1195,1175,1150,1150,1150,1200,1200,1050,1050,1150,1200,1250,1250,1200,1200,1200,1163.5,1150,1150,1190,1200,1137.5,1158.5,1134,1249.5,1200,1200,1200,1200,1200,1150,1195,1195,1200,1200,1300,1300,1250,1255,1300,1272.5,1272.5,1230,1200,1200,1250,1300,1329.5,1375,1350,1372.5,1275,1215,1200,1200,1200,1300,1230,1250,1200,1200,1350,1360,1200,1225,1250,1250,1250,1250,1341.5,1375,1309,1385,1309,1227.5,1215,1300,1300,1300,1350,1350,1275,1250,1309,1350,1295,1350,1230
"East Windsor","NJ","Trenton","Mercer County",1322,,,,,,,,,,,,,,,,,,,,,,,,,,,,,,,,,,,,,,,,,,,,,,,,,,,,,,,,,,,,,,,,,,,,,,,,,,,,,,,,,,,,,1925,1800,1900,1770,1800,1800,1750,1725,1700,1800,1800,1750,1687.5,1750,1750,1950,1997.5,2000,1925,1800,1775,1972.5,1800,1875,1972.5
"Ruskin","FL","Tampa-St. Petersburg-Clearwater","Hillsborough County",1323,,,,,,,,,,,,,,,1275,1200,1250,1275,1250,1200,1200,1200,1250,1250,1187.5,1200,1295,1300,1300,1300,1350,1300,1300,1300,1300,1300,1350,1375,1300,1362.5,1400,1400,1450,1475,1400,1395,1375,1350,1350,1337.5,1300,1300,1375,1375,1375,1350,1350,1357.5,1310,1350,1325,1370,1375,1395,1397.5,1395,1397.5,1400,1397.5,1395,1380,1390,1400,1450,1437.5,1450,1442.5,1395,1399.5,1437.5,1437.5,1425,1482,1350,1419,1400,1450,1550,1497.5,1497.5,1500,1500,1495,1485,1475,1465,1497.5,1510,1547,1540,1500,1500,1475,1500,1525,1505,1550,1545,1575
"Winterville","NC","Greenville","Pitt County",1324,,,,,,,,,,,,,,,,,,,,,,,,,,,,,,,,,,,,,,,,,,,,,,,,,,,,,,,,,,,,,,,,,,,,,,,,,,,,,,,,,,,,,,,1097.5,1097.5,1097.5,962.5,887.5,975,950,950,950,1025,950,975,1050,1050,1050,1100,1000,1150,1200,1025,1100,995,950
"Suisun City","CA","Vallejo-Fairfield","Solano County",1325,,,,,,,,,,,,,,,,,,,,,,,,,,,,,,,,,,,,,,,,,,,,,,,,,,,,,,,,,,,,,,,,,,,,,,,,,,,,,,,,,,,,,,2003.5,2000,2100,2100,2000,2100,2095,1965,1995,2154.5,2125,2163,2170,2100,2147.5,2147.5,2190,2000,2095,2195,2160,2100,2199,2262.5
"Ladera Ranch","CA","Los Angeles-Long Beach-Anaheim","Orange County",1326,,,,,,,,,,,,,,,,,,,,,,,,,,,,,,,,,,,,,,,,,,,,,,,,,,,,,,,,,,,,,,,,,,,,,,,,,,,,,,,,,,,3000,3150,3250,3375,3200,3250,3300,3400,3400,3350,3199,3200,3400,3600,3400,3337.5,3400,3300,3400,3250,3400,3297.5,3295,3250,3300,3300,3347.5
"Holly Springs","NC","Raleigh","Wake County",1327,,,,,,,,,,,,,,,,,,,,,,,,,,,,,,,,,,,,,,,,,,,,,,,,,,,,,,,,,,,,,,,,,,,,,,,,,,,,,,,,,,,,,1472.5,1549,1575,1595,1595,1550,1550,1550,1595,1595,1565,1595,1550,1550,1550,1572.5,1595,1595,1595,1595,1595,1500,1550,1550,1550
"Murrells Inlet","SC","Myrtle Beach-Conway-North Myrtle Beach","Horry County",1328,,,,,,,,,,,,,,,,,,,,,,,,,,,,,,,,,,,,,,,,,,,,,,,,,,,,,,,,,,,,,,,,,,,,,,,,,,,,,,,,,,,,,,,,,,,,,,,,,1350,1300,1275,1275,1350,1350,1350,1400,1400,1350,1400,1400,1375
"O Fallon","IL","St. Louis","Saint Clair County",1329,,,,,,,,,,,,,,,,,,,,,,,,,,,,,,,,,,,,,,,,,,,,,,,,,,,,,,,,,,,,,,,,,,,,,,,,,,,,,,,,,,,,,,995,1100,1262.5,1250,1249,1200,1100,1095,950,950,925,950,950,975,1097.5,1097.5,1250,1212.5,1112.5,1150,1250,1150,1125,1250
"Bernards","NJ","New York-Newark-Jersey City","Somerset County",1330,,,,,,,,,,,,,,,,,,,,,,,,,,,,,,,,,,,,,,,,,,,,,,,,,,,,,,,,,,,,,,,,,,,,,,,,,,,,,,,,,,,,,,,,,,2900,2675,2325,2250,2275,2300,2650,2775,2650,2625,2500,2600,2897.5,2900,2700,2550,2250,2300,2300,2500
"Sebastian","FL","Sebastian-Vero Beach","Indian River County",1331,,,,,,,,,,,,,,,,,,,,,,,,,,,,,,,,,,,,,,,,,,,,,,,,,,,,,,,,,,,,,,,,,,,,,,,,,,,,,,,,,,,,,1400,1372.5,1300,1400,1400,1400,1425,1550,1650,1522.5,1500,1550,1500,1395,1425,1450,1500,1500,1500,1490,1500,1470,1550,1500,1470
"Princeton","FL","Miami-Fort Lauderdale-West Palm Beach","Miami-Dade County",1332,,,,,,,,,,,,,1400,1399,1399,1495,1500,1462.5,1495,1450,1400,1399,1350,1395,1395,1400,1400,1450,1480,1500,1450,1400,1500,1499,1500,1450,1495,1500,1512.5,1500,1495,1500,1600,1549,1550,1600,1550,1500,1532.5,1550,1550,1550,1600,1600,1600,1600,1600,1625,1600,1650,1600,1600,1600,1600,1600,1687.5,1700,1750,1737.5,1750,1700,1700,1700,1750,1800,1800,1800,1750,1800,1800,1850,1840,1800,1725,1750,1800,1800,1850,1800,1800,1800,1800,1750,1762.5,1757.5,1800,1800,1837.5,1812.5,1850,1800,1800,1850,1800,1850,1865,1800,1800,1800
"Ocean","NJ","New York-Newark-Jersey City","Monmouth County",1333,,,,,,,,,,,,,,,,,,,,,,,,,,,,,,,,,,,,,,,,,,,,,,,,,,,,,,,,,,,,,,,,,,,,,,,,,,,,,,,,,,,,,,,2500,2500,2500,2500,2350,2300,2300,2400,2500,2500,2500,2650,2750,3000,2700,2600,2500,2500,2500,2450,2500,2500,2600
"Lake in the Hills","IL","Chicago-Naperville-Elgin","McHenry County",1334,,,,,,,,,,,,,,,,,,,,,1362.5,1300,1297,1297,1299,1325,1395,1300,1250,1250,1350,1375,1350,1300,1300,1275,1350,1275,1375,1500,1487.5,1425,1400,1497.5,1550,1519.5,1500,1475,1487.5,1512.5,1500,1500,1512.5,1500,1500,1485,1475,1395,1437.5,1500,1525,1550,1525,1500,1500,1600,1592,1512.5,1500,1562.5,1585,1575,1500,1490,1480,1500,1487.5,1550,1472.5,1450,1450,1450,1495,1525,1550,1550,1400,1400,1462.5,1500,1512.5,1595,1500,1600,1649,1587,1549.5,1509,1475,1500,1600,1587.5,1600,1597.5,1600,1600,1545,1595,1512.5
"Imperial Beach","CA","San Diego-Carlsbad","San Diego County",1335,,,,,,,,,,,,,,,,,,,,,,,,,,,,,,,,,,,,,,,,,,,,,,,,,,,,,,,,,,,,,,,,,,,,,,,,,,,,,,,,,,,,,,,,,2247.5,2500,2400,2247.5,2300,2200,2250,2300,2395,2500,2495,2400,2500,2500,2500,2650,2400,2200,2275,2350,2350
"Warrensburg","MO","Warrensburg","Johnson County",1336,,,,,,,,,,,,,,,,,,,,,,,,,,,,,,,,,,,,,,,,,,,,,,,,,,,,,,,,,,,,,,,,,,,,,,,,,,,,,,,,,,,,,,,,,,,,,,,1150,987.5,950,950,950,937.5,850,950,950,975,925,850,850,890,1000
"Mahwah","NJ","New York-Newark-Jersey City","Bergen County",1337,,,,,,,,,,,,,,,,,,,,,,,,,,,,,,,,,,,,,,,,,,,,,,,,,,,,,,,,,,,,,,,,,,,,,,,,,,,,,,,,,,,,,2125,2300,2350,2300,2200,2200,2250,2300,2300,2175,2200,2200,2250,2400,2300,2300,2500,2450,2550,2500,2400,2400,2372.5,2250,2300
"Easton","PA","Allentown-Bethlehem-Easton","Northampton County",1338,,,,,,,,,,,,,,,,,,,,,,,,,,,,,,,,,,,,,,,,,,,,,,,,,,,,,,,,,,,,,,,,,,,,,,,,,,,,,,,,,,,,,,,1250,1175,1095,1087.5,1200,1200,1247.5,1200,1175,1150,1150,1150,1200,1200,1225,1200,1250,1350,1350,1297.5,1250,1225,1250
"Foley","AL","Daphne-Fairhope-Foley","Baldwin County",1339,,,,,,,,,,,,,,,,,,,,,,,,,,,,,,,,,,,,,,,,,,,,,,,,,,,,,,,,,,,,,,,,,,,,,,,,,,,,,,,,,,,,,,,1250,1272.5,1250,1250,1300,1200,1200,1200,1237.5,1250,1300,1300,1250,1272.5,1250,1300,1300,1300,1300,1300,1275,1262.5,1300
"Mount Dora","FL","Orlando-Kissimmee-Sanford","Lake County",1340,,,,,,,,,,,,,,,,,,,,,,,,,,,,,,,,,,,,,,,,,,,,,,,,,,,,,,,,,,,,,,,,,,,,,,,,,,,,,,,,,,,,,,1400,1300,1300,1372.5,1350,1225,1250,1350,1312.5,1395,1400,1350,1375,1400,1372.5,1395,1400,1454.5,1495,1445,1300,1367.5,1375,1500
"Kyle","TX","Austin-Round Rock","Hays County",1341,,,,,,,,,,,,,1150,1150,1150,1175,1200,1197.5,1225,1200,1195,1150,1175,1195,1197.5,1175,1195,1200,1250,1250,1285,1250,1250,1225,1225,1250,1250,1200,1200,1200,1250,1292.5,1285,1295,1295,1275,1275,1275,1295,1295,1300,1325,1300,1312.5,1350,1395,1350,1325,1350,1350,1350,1400,1400,1400,1400,1425,1400,1450,1425,1400,1412.5,1400,1450,1495,1450,1450,1450,1475,1495,1500,1450,1450,1475,1450,1495,1500,1500,1500,1512,1545,1535,1500,1500,1525,1550,1500,1500,1525,1500,1550,1550,1550,1595,1575,1550,1550,1500,1550,1575
"Monroe","NC","Charlotte-Concord-Gastonia","Union County",1342,,,,,,,,,,,,,,,,,,,,,,,,,,,,,,,,,,,,,,,,,,,,,,,,,,,,,,,,,,,,,,,,,,,,,,,,,,,,,,,,,,,,,,,,,,,,,1407.5,1390,1395,1362.5,1300,1350,1350,1375,1325,1295,1310,1325,1250,1295,1370,1395,1375
"Sun City West","AZ","Phoenix-Mesa-Scottsdale","Maricopa County",1342,,,,,,,,,,,,,,,,,,,,,,,,,,,,,,,,,,,,,,,,,,,,,,,,,,,,,,,,,,,,,,,,,,,,,,,,,,,,,,,,,,,,,,,,,,,,,,,1750,1700,1700,1675,1600,1600,1475,1500,1600,1650,1750,1850,1725,1775,1925
"University Park","FL","Miami-Fort Lauderdale-West Palm Beach","Miami-Dade County",1344,,,,,,,,,,,,,,,,,,,,,,,,,,,,,,,,,,,,,,,,,,,,,,,,,,,,,,,,,,,,,,,,,,,,,,,,,,,,,,,,,,,,,,,,,,,,,,,2200,2450,2400,2395,2220,2300,2300,2000,2200,2200,2200,2200,2250,2300,2300
"Park City","UT","Summit Park","Summit County",1345,,,,,,,,,,,,,,,,,,,,,,,,,,,,,,,,,,,,,,,,,,,,,,,,,,,,,,,,,,,,,,,,,,,,,,,,,,,,,,,,,,,,,3350,2950,2500,2550,2500,2600,2837.5,2600,2700,2900,3000,3200,3000,3000,2600,2600,2600,3000,2900,3000,3100,3000,3100,3400,3500
"Dana Point","CA","Los Angeles-Long Beach-Anaheim","Orange County",1346,,,,,,,,3700,3500,3400,3400,3500,3400,3275,3250,3200,3200,3200,2950,2997.5,3100,3000,3000,3100,2980,3200,3000,3275,3300,3200,3200,3100,3050,3175,3000,3122.5,3050,3075,2995,2995,2995,3100,3475,3300,3200,3287.5,3300,3200,3250,3225,3050,3000,3200,3300,3300,3300,3300,3350,3447.5,3375,3300,3300,3295,3500,3500,3500,3500,3500,3500,3500,3600,3695,3685,3600,3772.5,3587.5,3500,3700,3500,3037.5,3300,3100,3600,3200,3100,3500,3692.5,3750,3800,3900,3900,3900,3900,3750,3700,3697.5,3600,3600,3625,3625,3787.5,3995,4100,4000,3950,3800,3772.5,3725,3772.5
"Glen Cove","NY","New York-Newark-Jersey City","Nassau County",1347,,,,,,,,,,,,,,,,,,,,,,,,,,,,,,,,,,,,,,,,,,,,,,,,,,,,,,,,,,,,,,,,,,,,,,,,,,,,,,,,,,,,,,,,,,,,,,,,3700,3600,3200,3200,3200,3325,3350,3025,3000,2900,3200,3400,3200,3400
"Leesville","LA","Fort Polk South","Vernon Parish",1348,,,,,,,,,,,,,,,,,,,,,,,,,,,,,,,,,,,,,,,,,,,,,,,,,,,,,,,,,,,,,,,,,,,,,,,,,,,,,,,,,,,,,950,937.5,950,900,850,950,950,1000,850,850,875,875,900,887.5,900,900,937.5,912.5,950,850,812.5,812.5,775,800,762.5
"New London","CT","Norwich-New London","New London County",1349,,,,,,,,,,,,,,,,,,,,,,,,,,,,,,,,,,,,,,,,,,,,,,,,,,,,,,,,,,,,,,,,,,,,,,,,,,,,,,,,,,,,,1375,1300,1495,1300,1200,1300,1300,1500,1400,1425,1400,1412.5,1400,1400,1300,1350,1300,1250,1200,1300,1300,1300,1300,1350,1300
"Niceville","FL","Crestview-Fort Walton Beach-Destin","Okaloosa County",1350,,,,,,,,,,,,,,,,,,,,,,,,,,,,,,,,,,,,,,,,,,,,,,,,,1150,1272.5,1250,1300,1450,1400,1300,1300,1287.5,1300,1300,1275,1150,1250,1350,1485,1450,1425,1500,1400,1350,1350,1385,1400,1350,1325,1375,1400,1412.5,1500,1575,1499.5,1547.5,1400,1447.5,1300,1450,1400,1575,1500,1500,1500,1500,1450,1400,1400,1450,1325,1350,1350,1500,1597.5,1550,1697.5,1675,1600,1500,1450,1500,1500,1550
"Dumfries","VA","Washington-Arlington-Alexandria","Prince William County",1351,,,,,,,,,,,,,,,,,,,,,,,,,,,,,,,,,,,,,,,,,,,,,,,,,,,,,,,,,,,,,,,,,,,,,,,,,,,,,,,,,,,,,1900,1897.5,1850,1950,1950,1900,1900,1900,1850,1900,1850,1800,1850,1972.5,1995,1997.5,1950,1950,1895,1979,1875,1850,1900,1800,1897.5
"Green Cove Springs","FL","Jacksonville","Clay County",1352,,,,,,,,,,,,,,,,,,,,,,,,,,,,,,,,,,,,,,,,,,,,,,,,,,,,,,,,,,,,,,,,,,,,,,,,,,,,,,,,,,,,,1337.5,1322.5,1370,1350,1375,1374.5,1495,1495,1395,1395,1395,1385,1400,1400,1460,1450,1450,1470,1500,1547.5,1500,1450,1450,1495,1450
"Doylestown","PA","Philadelphia-Camden-Wilmington","Bucks County",1353,,,,,,,,,,,,,,,,,,,,,,,,,,,,,,,,,,,,,,,,,,,,,,,,,,,,,,,,,,,,,,,,,,,,,,,,,,,,,,,,,,,,,,1687.5,1880,1775,1850,1925,1887.5,1950,1800,1600,1775,1915,1950,1795,1795,1775,1850,1850,1750,1890,1840,1972.5,1947.5,2250,2000
"South Windsor","CT","Hartford-West Hartford-East Hartford","Hartford County",1354,,,,,,,,,,,,,,,,,,,,,,,,,,,,,,,,,,,,,,,,,,,,,,,,,,,,,,,,,,,,,,,,,,,,,,,,,,,,,,,,,,,,,,,,1525,1550,1612.5,1612.5,1625,1350,1300,1325,1550,1462.5,1375,1500,1550,1550,1695,1650,1700,1800,1637.5,1800,1700,1650
"Morrisville","NC","Raleigh","Wake County",1355,,,,,,,,,,,,,,1297.5,1295,1250,1295,1347.5,1495,1495,1495,1472.5,1372.5,1395,1395,1395,1500,1400,1395,1385,1495,1400,1295,1197.5,1225,1292.5,1292.5,1197.5,1250,1295,1410,1350,1297.5,1322.5,1375,1375,1375,1399,1472.5,1425,1425,1425,1492.5,1495,1500,1500,1500,1500,1500,1495,1495,1500,1512.5,1495,1500,1550,1550,1595,1640,1550,1500,1495,1500,1572.5,1595,1550,1550,1550,1595,1595,1550,1612,1595,1525,1550,1525,1597,1595,1587.5,1600,1600,1595,1585,1562.5,1550,1595,1550,1550,1582.5,1595,1635,1650,1600,1595,1595,1595,1575,1590,1575
"Cornelius","NC","Charlotte-Concord-Gastonia","Mecklenburg County",1356,,,,,,,,,,,,,1100,1200,1195,1100,1195,1150,1250,1250,1197.5,1197.5,1150,1150,1050,1095,1200,1200,1200,1200,1150,1250,1350,1275,1287.5,1250,1200,1195,1200,1200,1250,1200,1250,1300,1342.5,1250,1200,1237.5,1300,1350,1262.5,1262.5,1337.5,1350,1350,1350,1412.5,1450,1400,1275,1275,1300,1275,1325,1375,1437.5,1425,1425,1475,1412.5,1450,1470,1497.5,1412.5,1450,1425,1459.5,1600,1500,1500,1347.5,1550,1439,1439.5,1550,1600,1577.5,1500,1559.5,1550,1595,1595,1590,1577.5,1547.5,1495,1495,1472.5,1497.5,1550,1550,1577.5,1595,1550,1550,1500,1495,1475,1462.5
"Citrus Park","FL","Tampa-St. Petersburg-Clearwater","Hillsborough County",1356,,,,,,,,,,,,,,,,,,,,,,,,,,,,,,,,,,,,,,,,,,,,,,,,,,,,,,,,,,,,,,,,,,,,,,,,,,,,,,,,,,,,1584.5,1572.5,1549,1550,1650,1585,1599,1600,1640,1600,1510,1487,1450,1500,1617.5,1582.5,1610,1795,1695,1737.5,1730,1690,1695,1695,1600,1645
"Benicia","CA","Vallejo-Fairfield","Solano County",1358,,,,,,,,,,,,,,,,,,,,,,,,,,,,,,,,,,,,,,,,,,,,,,,,,,,,,,,,,,,,,,,,,,,,,,,,,,,,,,,,,,,,,,,,,,,,,,,,,,2650,2647.5,2400,2495,2495,2637.5,2400,2250,2400,2597.5,2650,2700
"Bella Vista","AR","Fayetteville-Springdale-Rogers","Benton County",1359,,,,,,,,,,,,,,,,,,,,,,,,,,,,,,,,,,,,,,,,,,,,,,,,,,,,,,,,,,,,,,,,,,,,,,,,,,,,,,,,,,1000,1000,950,990,1000,1000,990,1000,1000,1050,1050,1100,1025,1000,1050,1025,1050,1075,1000,1000,1050,1125,1100,1100,1050,1100,1100,1100
"Horn Lake","MS","Memphis","DeSoto County",1360,,,,,,,,,,,,,,,,,,,,,,,,,,,,,,,,,,,,,,,,,,,,,,,,,,,,,,,,,,,,,,,,,,,,,,,,,,,,,,,,,,,937.5,900,950,985,1045,945,937.5,950,925,1023,1000,995,995,950,950,950,995,1012.5,995,985,975,975,972.5,950,950,1050,1000
"Seffner","FL","Tampa-St. Petersburg-Clearwater","Hillsborough County",1361,,,,,,,,,,,,,,,,,,,,,,,,,,,,,,,,,,,,,,,,,,,,,,,,,,,,,,,,,,,,,,,,,,,,,,,,,,,,,,,,,,,,,1289,1350,1387.5,1349.5,1357.5,1375,1305,1300,1350,1362.5,1350,1345,1375,1397.5,1450,1395,1445,1450,1450,1395,1425,1360,1400,1472.5,1400
"Evergreen","CO","Denver-Aurora-Lakewood","Jefferson County",1362,,,,,,,,,,,,,,,,,,,,,,,,,,,,,,,,,,,,,,,,,,,,,,,,,,,,,,,,,,,,,,,,,,,,,,,,,,,,,,,,,,,,,,2400,2500,2400,2425,2200,2100,2175,2225,2075,2200,2000,2200,2200,2500,2499.5,2600,2575,2625,2300,2600,2500,2600,2600,2500
"Farmington","CT","Hartford-West Hartford-East Hartford","Hartford County",1363,,,,,,,,,,,,,,,,,,,,,,,,,,,,,,,,,,,,,,,,,,,,,,,,,,,,,,2100,1900,1900,2000,2000,1900,1950,1800,1750,1650,1900,1925,1950,1775,1862.5,1650,1900,1700,1700,1900,1800,1700,1800,1650,1800,1750,1900,1822.5,1700,1750,1685,1725,1650,1650,1650,1900,1817.5,1800,1750,1825,1775,1800,1800,1750,1850,1850,1700,1850,1900,1900,1762.5,1800,1850,1800,1800,1800
"Ashland","OR","Medford","Jackson County",1364,,,,,,,,,,,,,,,,,,,,,,,,,,,,,,,,,,,,,,,,,,,,,,,,,,,,,,,,,,,,,,,,,,,,,,,,,,,,,,,,,,,,,1800,1795,1725,1600,1772.5,1800,1800,1900,1825,2047.5,1887.5,1800,1750,1750,1825,1850,1900,1872.5,1850,1900,1900,1900,1895,1800,1750
"Davenport","FL","Lakeland-Winter Haven","Polk County",1365,,,,,,,,,,,,,,,,,,,,,,,,,,,,,,,,,,,,,,,,,,,,,,,,,,,,,,,,,,,,,,,,,,,,1295,1297.5,1350,1275,1350,1350,1295,1275,1300,1350,1262.5,1350,1350,1350,1325,1350,1347.5,1350,1397.5,1400,1365,1350,1400,1400,1399,1400,1375,1375,1375,1425,1450,1497.5,1485,1400,1445,1495,1475,1400,1450,1395,1485,1491.5
"Navarre","FL","Pensacola-Ferry Pass-Brent","Santa Rosa County",1366,,,,,,,,1050,1100,1100,1100,1100,1000,1035,1100,1100,1175,1200,1200,1200,1200,1200,1200,1195,1100,1150,1200,1250,1250,1300,1300,1300,1250,1250,1200,1225,1200,1250,1300,1225,1300,1362.5,1295,1297.5,1300,1295,1250,1250,1250,1250,1250,1250,1275,1300,1300,1300,1295,1275,1300,1300,1300,1300,1350,1350,1350,1350,1350,1350,1350,1300,1350,1300,1350,1350,1350,1375,1362.5,1400,1350,1350,1300,1350,1350,1300,1350,1350,1350,1400,1400,1450,1450,1400,1395,1367.5,1385,1400,1400,1400,1375,1495,1500,1550,1500,1500,1500,1475,1470,1450,1500
"Aptos","CA","Santa Cruz-Watsonville","Santa Cruz County",1367,,,,,,,,,,,,,,,,,,,,,,,,,,,,,,,,,,,,,,,,,,,,,,,,,,,,,,,,,,,,,,,,,,,,,,,,,,,,,,,,,,,,,,,,,,,3400,3200,3050,3100,3300,3447.5,3200,3200,3000,2950,3375,3287.5,3000,3350,3400,3447.5,3450,3350,3250
"Brookings","SD","Brookings","Brookings County",1368,,,,,,,,,,,,,,,,,,,,,,,,,,,,,,,,,,,,,,,,,,,,,,,,,,,,,,,,,,,,,,,,,,,,,,,,,,,,,,,,,,,,,,,,,,,,,,,,1112.5,1125,1200,1300,1100,1100,1050,1025,1200,1235,1235,1225,1200,1200
"Belmont","MA","Boston-Cambridge-Newton","Middlesex County",1369,,,,,,,,,,,,,,,,,,,,,,,,,,,,,,,,,,,,,,,,,,,,,,,,,,,,,,,,,,,,,,,,,,,,,,,,,,,,,,,,,,,,,2025,2262.5,2225,2200,2200,2297,2500,2550,2650,2600,2350,2110,2275,2450,2500,2500,2600,2675,2800,2700,2500,2550,2647.5,2600,2600
"North Potomac","MD","Washington-Arlington-Alexandria","Montgomery County",1370,,,,,,,,,,,,,,,,,,,,,,,,,,,,,,,,,,,,,,,,,,,,,,,,,,,,,,,,,,,,,,,,,,,,,,,,,,,,,,,,,,,,,2200,2375,2495,2200,2225,2500,2500,2550,2440,2350,2297.5,2297.5,2297.5,2495,2497.5,2300,2350,2497.5,2495,2550,2500,2497.5,2525,2500,2495
"Yucca Valley","CA","Riverside-San Bernardino-Ontario","San Bernardino County",1371,,,,,,,,,,,,,,,,,,,,,,,,,,,,,,,,,,,,,,,,,,,,,,,,,,,,,,,,,,,,,,,,,,,,,,,,,,,,,,,,,,,,,,,1095,1100,1112.5,1100,1100,1200,1250,1100,1100,1172.5,1200,1200,1200,1250,1250,1295,1250,1275,1275,1250,1250,1237.5,1262.5
"Oildale","CA","Bakersfield","Kern County",1372,,,,,,,,,,,,,,,,,,,,,,,,,,,,,,,,,,,,,,,,,,,,,,,,,,,,,,,,,,,,,,,,,,,,,,,,,,,,,,,,,,,,,950,1050,900,995,937.5,925,975,995,997.5,1100,950,950,987.5,975,950,975,1050,990,950,1000,1150,1075,1100,1150,1000
"North Wales","PA","Philadelphia-Camden-Wilmington","Montgomery County",1373,,,,,,,,,,,,,,,,,,,,,,,,,,,,,,,,,,,,,,,,,,,,,,,,,,,,,,,,,,,,,,,,,,,,,,,,,,,,,,,,,,,,,,,1950,2000,1900,1900,1795,1750,1750,1667.5,1717.5,1750,1750,1775,1850,1800,1850,1795,1900,1750,2000,1950,1750,1725,1750
"Hamilton","NJ","Atlantic City-Hammonton","Atlantic County",1374,,,,,,,,,,,,,,,,,,,,,,,,,,,,,,,,,,,,,,,,,,,,,,,,,,,,,,,,,,,,,,,,,,,,,,,,,,,,,,,,,,,,,,1300,1300,1297.5,1225,1275,1350,1300,1300,1350,1300,1300,1300,1300,1300,1375,1350,1325,1350,1350,1400,1325,1300,1350,1350
"Estero","FL","Cape Coral-Fort Myers","Lee County",1375,,,,,,,,,,,,,,,,,,,,,,,,,,,,,,,,,,,,,,,,,,,,,,,,,,,,,,,,,,,,,,,,,,,,,,,,,,,,,,,,,,,,1900,1937.5,1944.5,1998.5,1999,1950,1950,1950,1975,2000,2000,2247.5,2300,2300,2300,2200,2150,2097.5,1995,1995,1995,2000,2195,2200,2397.5,2295
"Temple Terrace","FL","Tampa-St. Petersburg-Clearwater","Hillsborough County",1376,,,,,,,,,,,,,,,,,,,,,,,,,,,,,,,,,,,,,,,,,,,,,,,,,,,,,,,,,,,,,,,,,,,,,,,,,,,,,,,,,,,,1200,1087.5,1200,1200,1200,1150,1200,1200,1200,1200,1200,1175,1200,1237.5,1225,1299,1299,1275,1300,1250,1280,1275,1275,1300,1299.5,1299
"South Holland","IL","Chicago-Naperville-Elgin","Cook County",1377,,,,,,,,,,,,,,,,,,,,,,,,,,,,,,,,,,,,,,,,,,,,,,,,,,,,,,,,,,,,,,,,,,,,,,,,,,,,,,,,,,,,,1662.5,1650,1775,1814.5,1800,1860,1875,1800,1877,1814.5,1710,1710,1725,1775,1915,2100,2049.5,1872.5,1847.5,1847.5,1800,1850,1850,1875,1835
"Grandview","MO","Kansas City","Jackson County",1378,,,,,,,,,,,,,,,,,,,,,,,,,,,,,,,,,,,,,,,,,,,,,,,,,,,,,,,,,,,,,,,,,,,,,,,,,,,,,,,,,,,,,922.5,925,950,982.5,970,950,995,1075,1000,937.5,950,950,995,1012.5,997.5,972.5,975,1035,1095,1125,1097.5,1042.5,970,995,1035
"Ada","OK","Ada","Pontotoc County",1379,,,,,,,,,,,,,,,,,,,,,,,,,,,,,,,,,,,,,,,,,,,,,,,,,,,,,,,,,,,,,,,,,,,,,,,,,,,,,,,,,,,,,,,,,,,,,,,,,750,750,750,775,750,807.5,750,700,767.5,695,695,695,700
"Inkster","MI","Detroit-Warren-Dearborn","Wayne County",1380,,,,,,,,,,,,,,,,,,,,,,750,740,750,750,750,750,750,775,795,780,800,800,795,750,750,750,750,750,775,750,750,750,775,795,800,750,747.5,750,785,797.5,800,750,775,800,800,800,800,800,800,800,800,800,800,800,800,800,800,750,750,800,800,825,800,800,800,800,800,800,800,800,800,800,850,848.5,825,850,850,825,850,850,825,825,850,850,850,850,850,875,850,850,875,872.5,893.5,870,850,850,887.5,875
"New Smyrna Beach","FL","Deltona-Daytona Beach-Ormond Beach","Volusia County",1381,,,,,,,,,,,,,,,,,,,,,,,,,,,,,,,,,,,,,,,,,,,,,,,,,,,,,,,,,,,,,,,,,,,,,,,,,,,,,,,,,,,,,,2400,2300,2025,2000,2200,2300,2250,2400,2400,2500,2500,2400,2400,2400,2500,2450,2500,2500,2400,2500,2400,2050,2100,2300
"King George","VA",,"King George County",1382,,,,,,,,,,,,,,,,,,,,,,,,,,,,,,,,,,,,,,,,,,,,,,,,,,,,,,,,,,,,,,,,,,,,,,,,,,,,,,,,,,,,,,,,,1525,1500,1400,1350,1350,1362.5,1450,1300,1237.5,1400,1362.5,1412.5,1375,1350,1350,1500,1362.5,1400,1447.5,1400,1400
"Richmond Hill","GA","Savannah","Bryan County",1383,,,,,,,,,,,,,,,,,,,,,1425,1275,1275,1272.5,1350,1400,1300,1400,1450,1400,1300,1350,1400,1400,1350,1400,1400,1400,1390,1450,1475,1400,1400,1500,1400,1400,1400,1400,1400,1350,1387.5,1350,1475,1500,1500,1400,1450,1450,1450,1450,1400,1400,1400,1425,1500,1500,1525,1525,1500,1500,1500,1400,1425,1500,1450,1500,1497.5,1550,1600,1500,1412.5,1362.5,1400,1500,1400,1500,1500,1500,1537.5,1525,1512.5,1550,1550,1500,1550,1550,1500,1500,1497.5,1500,1547.5,1560,1600,1550,1597.5,1600,1500,1475,1425
"Locust Grove","GA","Atlanta-Sandy Springs-Roswell","Henry County",1384,,,,,,,,,,,,,,,,,,,,,,,,,,,,,,,,,,,,,,,,,,,,,,,,,,,,,,,,,,,,,,,,,,,,,,,,,,,,,,,1288,1250,1195,1207.5,1199,1200,1277,1250,1250,1300,1295,1232,1230,1230,1295,1297.5,1345,1342.5,1345,1350,1350,1335,1345,1395,1380,1370,1377.5,1395,1380,1375,1385
"Aberdeen","MD","Baltimore-Columbia-Towson","Harford County",1385,,,,,,,,,,,,,,,,,,,,,,,,,,,,,,,,,,,,,,,,,,,,,,,,,,,,,,,,,,,,,,,,,,,,,,,,,,,,,,,,,,,,,,,,1500,1525,1587.5,1577.5,1597.5,1500,1500,1420,1400,1425,1349.5,1475,1410,1587.5,1562.5,1600,1700,1625,1350,1310,1400,1595
"Cliffside Park","NJ","New York-Newark-Jersey City","Bergen County",1386,,,,,,,,,,,,,,,,,,,,,,,,,,,,,,,,,,,,,,,,,,,,,,,,,,,,,,,,,,,,,,,,,,,,,,,,,,,,,,,,,,,,,2350,2200,2337.5,2450,2500,2375,2500,2665,2500,2450,2450,2500,2450,2400,2450,2550,2600,2600,2600,2550,2650,2600,2600,2500,2425
"Wheat Ridge","CO","Denver-Aurora-Lakewood","Jefferson County",1387,,,,,,,,,,,,,,,,,,,,,,,,,,,,,,,,,,,,,,,,,,,,,,,,,,,,,,,,,,,,,,,,,,,,,,,,,,,,,,,,,,,,,1647.5,1700,1695,1650,1775,1600,1600,1672.5,1695,1725,1775,1847.5,1797.5,1875,1800,1697.5,1975,2000,1875,2000,1850,1700,1650,1675,1772.5
"Derwood","MD","Washington-Arlington-Alexandria","Montgomery County",1388,,,,,,,,,,,,,,,,,,,,,,,,,,,,,,,,,,,,,,,,,,,,,,,,,,,,,,,,,,,,,,,,,,,,,,,,,,,,,,,,,,,,,,,,,,,,,,,1950,1900,1962.5,1975,2000,2000,2300,2300,2350,2450,2240,2050,2150,2237.5,2237.5
"Roselle","IL","Chicago-Naperville-Elgin","DuPage County",1388,,,,,,,,,,,,,,,,,,,,,,,,,,,,,,,,,,,,,,,,,,,,,,,,,,,,,,,,,,,,,,,,,,,,,,,,,,,,,,,,,,,,,,1600,1650,1550,1572.5,1550,1550,1650,1525,1550,1572.5,1560,1595,1600,1550,1550,1600,1500,1650,1625,1650,1500,1500,1400,1500
"Mercer Island","WA","Seattle-Tacoma-Bellevue","King County",1390,,,,,,,,,,,,,,,,,,,,,,,,,,,,,,,,,,,,,,,,,,,,,,,,,,,,,,,,,,,,,,,,,,,,,,,,,,,,,,,,,,,,,3250,3300,3675,3900,3950,4225,4000,3950,3500,3497.5,3500,3500,3400,3200,3200,3525,3995,3925,3925,3795,3500,3600,3900,3500,3600
"El Cerrito","CA","San Francisco-Oakland-Hayward","Contra Costa County",1391,,,,,,,,,,,,,,,,,,,,,,,,,,,,,,,,,,,,,,,,,,,,,,,,,,,,,,,,,,,,,,,,,,,,,,,,,,,,,,,,,,,,,,,,,,,,3472.5,3500,3200,3245,3615,3200,3250,3290,3250,3300,3200,3550,3600,3500,3300,3500,3500,3200
"University Park","TX","Dallas-Fort Worth-Arlington","Dallas County",1392,,,,,,,,,,,,,,,,,,,,,,,,,,,,,,,,,,,,,,,,,,,,,,,,,,,,3600,3900,3760,3740,3425,3400,3400,3400,3400,3400,3450,3450,3300,3447.5,3450,3700,3650,3800,3900,4312.5,4262.5,4200,4000,3900,3850,4000,4200,3800,4150,3650,4200,3800,4000,4000,3700,3600,3725,3900,3800,3900,3775,3800,3800,3900,3800,3925,3700,3950,3800,3875,3750,3850,3700,3300,3500,3600,3600,3500
"North Pole","AK","Fairbanks","Fairbanks North Star Borough",1393,,,,,,,,,,,,,,,,,,,,,,,,,,,,,,,,,,,,,,,,,,,,,,,,,,,,,,,,,,,,,,,,,,,,,,,,,,,,,,,,,,,,,,1537.5,1650,1850,1800,1750,1750,1750,1700,1650,1650,1600,1600,1600,1662.5,1800,1700,1662.5,1695,1685,1750,1700,1722.5,1750,1650
"Fruit Cove","FL","Jacksonville","Saint Johns County",1394,,,,,,,,,,,,,,,,,1522.5,1460,1695,1650,1650,1595,1497.5,1350,1399,1372.5,1500,1495,1495,1572.5,1595,1550,1500,1500,1475,1650,1600,1600,1597.5,1612.5,1695,1695,1700,1750,1750,1700,1700,1700,1675,1600,1595,1600,1695,1700,1722.5,1750,1595,1600,1622.5,1695,1700,1625,1600,1650,1765,1795,1787.5,1795,1700,1685,1675,1695,1695,1700,1700,1750,1695,1790,1600,1700,1600,1595,1724.5,1650,1725,1737,1700,1735,1775,1850,1825,1795,1800,1850,1850,1785,1762.5,1755,1795,1850,1879,1850,1895,1875,1765,1750,1810,1836.5,1795
"Coral Terrace","FL","Miami-Fort Lauderdale-West Palm Beach","Miami-Dade County",1395,,,,,,,,,,,,,,,,,,,,,,,,,,,,,,,,,,,,,,,,,,,,,,,,,,,,,,,,,,,,,,,,,,,,,,,,,,,,,,,,,,,,2375,2400,2450,2550,2500,2450,2450,2600,2500,2500,2500,2400,2500,2500,2500,2425,2500,2500,2500,2525,2550,2500,2350,2362.5,2500,2400
"Spring Lake","NC","Dunn","Harnett County",1396,,,,,,,,,,,,,,,1395,1350,1300,1300,1250,1250,1250,1200,1195,1200,1250,1197.5,1150,1195,1195,1200,1250,1200,1125,1195,1197.5,1200,1009,1009,1029,1029,1009,1009,1050,1195,1195,1200,1195,1150,1125,1100,1100,1100,1200,1250,1195,1175,1175,1150,1125,1150,1150,1125,1150,1185,1200,1200,1199.5,1195,1125,1100,1150,1100,1100,1100,1100,1121,1185,1150,1187.5,1225,1150,1195,1100,1250,1185,1175,1200,1225,1250,1395,1462.5,1400,1297.5,1250,1250,1300,1275,1250,1250,1325,1272.5,1245,1150,1210,1270,1325,1260,1200,1187.5
"Saginaw","TX","Dallas-Fort Worth-Arlington","Tarrant County",1397,,,,,,,,,,,,,,,,,,,,,,,,,,,,,,,,,,,,,,,,,,,,,,,,,,,,,,,,,,,,,,,,,,,,,,,,,,,,,,,,,,,,,1399.5,1422.5,1495,1495,1500,1495,1495,1550,1550,1550,1550,1550,1495,1542.5,1550,1550,1550,1592.5,1595,1595,1550,1550,1575,1550,1550
"Simsbury","CT","Hartford-West Hartford-East Hartford","Hartford County",1398,,,,,,,,,,,,,,,,,,,,,,,,,,,,,,,,,,,,,,,,,,,,,,,,,,,,,,,,,,,,,,,,,,,,,,,,,,,,,,,,,,,,,,,,,,1747.5,1550,1675,1650,1600,1675,1747.5,1762.5,1700,1650,1700,1650,1750,1900,1900,1900,1900,1850,1775,1850
"Daphne","AL","Daphne-Fairhope-Foley","Baldwin County",1399,,,,,,,,,,,,,,,,,,,,,,,,,,,,,,,,,,,,,,,,,,,,,,,,,,,,,,,,,,,,,1300,1287.5,1262.5,1250,1395,1300,1350,1350,1395,1297.5,1325,1250,1250,1225,1250,1262.5,1300,1250,1325,1400,1350,1325,1312.5,1300,1250,1275,1325,1395,1395,1350,1350,1250,1200,1250,1200,1250,1250,1300,1350,1395,1350,1400,1350,1350,1387.5,1350,1375,1300,1300
"Trotwood","OH","Dayton","Montgomery County",1400,,,,,,,,,,,,,,,,,,,,,,,,,,,,,,,,,,,,,,,,,,,,,,,,,,,,,,,,,,,,,,,,,,,,,,,,,,,,,,,,,,,,,,,,,,,,750,795,759.5,725,745,725,730,725,769,795,775,775,775,795,750,750,800,830
"The Crossings","FL","Miami-Fort Lauderdale-West Palm Beach","Miami-Dade County",1401,,,,,,,,,,,,,1375,1350,1387.5,1375,1350,1400,1400,1400,1400,1400,1495,1475,1500,1500,1472.5,1450,1500,1550,1500,1500,1500,1500,1500,1475,1500,1500,1500,1500,1550,1550,1585,1500,1550,1600,1695,1600,1625,1600,1600,1600,1600,1600,1650,1655,1800,1700,1600,1595,1600,1600,1600,1650,1650,1695,1699.5,1750,1700,1650,1700,1700,1700,1700,1750,1700,1700,1750,1650,1675,1800,1750,1800,1800,1800,1800,1725,1700,1700,1672.5,1675,1750,1725,1775,1787.5,1800,1800,1900,1800,1750,1800,1750,1800,1800,1800,1800,1800,1777.5,1785
"Wexford","PA","Pittsburgh","Allegheny County",1402,,,,,,,,,,,,,,,,,,,,,,,,,,,,,,,,,,,,,,,,,,,,,,,,,,,,,,,,,,,,,,,,,,,,,,,,,,,,,,,,,,,,,,,,,,,,,,,,2200,2200,2200,2200,2275,2200,2150,2150,2175,2200,2000,2000,2050,2037.5
"Kihei","HI","Kahului-Wailuku-Lahaina","Maui County",1403,,,,,,,,,,,,,,,,,,,,,,,,,,,,,,,,,,,,,,,,,,,,,,,,,,,,,,,,,,,,,,,,,,,,,,,,,,,,,,,,,,,,,,,,,,,,,,,,,,3150,2750,2775,2709,2900,3300,3200,3250,2900,2800,2550,2825
"Lexington Park","MD","California-Lexington Park","Saint Marys County",1404,,,,,,,,,,,,,,,,,,,,,,,,,,,,,,,,,,,,,,1325,1250,1237.5,1350,1512.5,1450,1300,1500,1400,1400,1400,1375,1400,1400,1400,1300,1500,1500,1500,1450,1375,1460,1400,1300,1325,1500,1500,1600,1600,1550,1500,1347.5,1500,1400,1400,1400,1500,1462.5,1550,1562.5,1550,1562.5,1550,1495,1500,1600,1500,1450,1437.5,1500,1400,1400,1550,1550,1600,1600,1550,1500,1500,1500,1500,1475,1500,1500,1500,1475,1525,1600,1597.5,1550,1612.5,1500
"Odessa","FL","Tampa-St. Petersburg-Clearwater","Hillsborough County",1405,,,,,,,,,,,,,,,,,,,,,,,,,,,,,,,,,,,,,,,,,,,,,,,,,,,,,,,,,,,,,,,,,,,,,,,,,,,,,,,,,,,,,,,,,,,,2100,2117.5,2000,2100,1945,2025,2100,2162.5,2100,2250,2200,2180,2200,2300,2105,2147.5,2145,2100
"Plainsboro","NJ","New York-Newark-Jersey City","Middlesex County",1406,,,,,,,,,,,,,,,,,,,,,,,,,,,1400,1400,1550,1750,1625,1650,1675,1475,1525,1600,1500,1600,1600,1500,1500,1550,1650,1825,1750,1650,1650,1600,1650,1600,1512.5,1550,1650,1550,1600,1625,1600,1575,1550,1650,1550,1600,1625,1600,1650,1650,1600,1585,1550,1550,1600,1650,1650,1650,1650,1675,1600,1700,1700,1587.5,1675,1600,1650,1650,1580,1525,1550,1600,1662.5,1700,1700,1800,1762.5,1700,1700,1600,1625,1600,1600,1675,1700,1700,1650,1675,1675,1650,1650,1650,1675
"Vernon Hills","IL","Chicago-Naperville-Elgin","Lake County",1407,,,,,,,,,,,,,,,,,,,,,,,,,,,,,,,,,,,,,,,,,,,,,,,,,,,,,,,,,,1500,1700,1500,1450,1597.5,1600,1750,1849,1750,1500,1685,1695,1600,1750,1700,1725,1700,1550,1475,1695,1650,1582,1450,1400,1550,1475,1422.5,1392.5,1475,1600,1600,1525,1575,1650,1650,1600,1550,1500,1400,1450,1650,1697.5,1695,1637.5,1800,1900,1800,1712.5,1750,1799,1700,1575
"Herriman","UT","Salt Lake City","Salt Lake County",1408,,,,,,,,,,,,,,,,,,,,,,,,,,,,,,,,,,,,,,,,,,,,,,,,,,,,,,,,,,,,,,,,,,,,,,,,,,,,,,,,,,,,,,,1500,1572.5,1395,1395,1395,1395,1475,1475,1462.5,1450,1485,1485,1500,1425,1425,1425,1415,1425,1450,1450,1525,1495,1595
"Port Hueneme","CA","Oxnard-Thousand Oaks-Ventura","Ventura County",1409,,,,,,,,,,,,,,,,,,,,,,,,,,,,,,,,,,,,,,,,,,,,,,,,,,,,,,,,,,,,,,,,,,,,,,,,,,,,,,,,,,,,,1950,1900,1897.5,1937.5,1995,1850,1995,2000,2000,2000,2000,2100,2100,2050,2000,2000,2195,2100,2100,1987.5,2075,2100,2000,1950,2100
"Watauga","TX","Dallas-Fort Worth-Arlington","Tarrant County",1410,,,,,,,,,,,,,,,,,,,,,,,,,,,,,,,,,,,,,,,,,,,,,,,,,,,,,,,,,,,,,,,,,,,,,,,,,,,,,,,1347.5,1300,1350,1300,1300,1300,1392.5,1375,1375,1400,1400,1395,1400,1400,1412.5,1390,1395,1395,1400,1412.5,1425,1395,1400,1400,1430,1450,1495,1445,1400,1450,1450
"Grayson","GA","Atlanta-Sandy Springs-Roswell","Gwinnett County",1411,,,,,,,,,,,,,,,,,,,,,,,,,,,,,,,,,,,,,,,,,,,,,,,,,,,,,,,,,,,,,,,,,,,,,,,,,,,,,,,,,,,,,1495,1495,1495,1450,1469,1497.5,1450,1520,1510,1600,1495,1465,1472.5,1475,1475,1500,1510,1550,1525,1467.5,1600,1566,1592.5,1600,1600
"Westchase","FL","Tampa-St. Petersburg-Clearwater","Hillsborough County",1412,,,,,,,,,,,,,,,,,,,,,,,,,,,,,,,,,,,,,,,,,,,,,,,,1575,1600,1622.5,1600,1600,1750,1700,1592.5,1550,1595,1600,1585,1550,1447.5,1500,1595,1645,1750,1637.5,1600,1650,1700,1675,1695,1695,1750,1495,1697.5,1872.5,1750,1795,1850,1750,1750,1700,1672.5,1750,1650,1650,1700,1750,1795,1797.5,1800,1800,1750,1750,1750,1692.5,1750,1750,1770,1800,1888,1900,1997.5,1900,1825,1900,1790,1960,1872.5
"Candler-Mcafee","GA","Atlanta-Sandy Springs-Roswell","Dekalb County",1413,,,,,,,,,,,,,862.5,850,850,950,850,850,850,850,850,850,812.5,800,800,800,800,800,837.5,850,825,825,845,815,850,850,842.5,825,850,850,850,850,850,850,875,850,850,850,850,845,850,850,850,850,862,850,847.5,850,850,849.5,850,850,875,872.5,850,875,850,850,850,850,850,850,875,885,900,895,900,912.5,900,950,950,912.5,980,995,939.5,950,997,1050,1050,1012.5,1095,1030,1030,1050,1100,1070,1090,1099.5,1100,1100,1197.5,1197,1172.5,1118,1147,1195,1200,1175,1175
"Anthem","AZ","Phoenix-Mesa-Scottsdale","Maricopa County",1414,,,,,,,,,,,1500,1400,1400,1250,1350,1372.5,1400,1475,1400,1400,1350,1325,1285,1295,1350,1325,1350,1350,1400,1350,1312.5,1325,1350,1325,1350,1395,1375,1375,1390,1400,1312.5,1349.5,1300,1300,1300,1300,1350,1350,1350,1375,1350,1350,1395,1375,1375,1375,1350,1395,1395,1400,1400,1550,1595,1500,1585,1650,1500,1600,1600,1537.5,1525,1500,1550,1635,1700,1685,1550,1512.5,1550,1495,1700,1550,1647.5,1400,1595,1695,1500,1597.5,1662.5,1650,1650,1522.5,1600,1650,1600,1575,1550,1670,1700,1700,1750,1700,1785,1700,1650,1700,1850,1800,1675
"Edgewood","MD","Baltimore-Columbia-Towson","Harford County",1414,,,,,,,,,,,,,,,,,,,,,,,,,,,,,,,,,,,,,,,,,,,,,,,,,,,,,,,,,,,,,,,,,,,,,,,,,,,,,,,,,,,,,1297,1250,1297.5,1300,1372.5,1300,1299,1300,1300,1299,1250,1250,1250,1250,1250,1372.5,1395,1370,1300,1250,1262.5,1250,1250,1250,1250
"Parkland","FL","Miami-Fort Lauderdale-West Palm Beach","Broward County",1416,,,,,,,,,,,,,,,,2800,2900,3000,3000,2800,2900,2925,2800,2800,2500,2600,2500,2500,2650,3000,3000,3000,2950,2900,3000,2950,3000,3000,3150,3200,3500,3250,3150,3195,3200,3097.5,3000,3100,3075,3200,3200,3200,3200,3000,3050,2875,3000,3303.5,3597.5,3700,3600,3500,3450,3100,3225,3450,3400,3500,3025,2825,2800,3250,3350,3300,3474.5,3400,3200,3245,3500,3550,3700,3700,3500,3200,2974.5,3312.5,3500,3450,3400,3500,3400,3500,3350,3180,3010,3400,3599,3600,3500,3500,3492.5,3500,3500,3600,3500,3500,3500,3600,3500
"Cedar City","UT","Cedar City","Iron County",1417,,,,,,,,,,,,,,,,,,,,,,,,,,,,,,,,,,,,,,,,,,,,,,,,,,,,,,,,,,,,,,,,,,,,,,,,,,,,,,,,,,,,,950,937.5,995,940,995,995,995,1022.5,995,950,935,942.5,1000,1050,1000,1012.5,1095,1112.5,1100,1195,1112.5,1150,1150,1197.5,1125
"Crofton","MD","Baltimore-Columbia-Towson","Anne Arundel County",1418,,,,,,,,,,,,,,,,,,,,,,,,,,,,,,,,,,,,,,,,,,,,,,,,,,,,,,,,,,,,,,,,,,,,,,,,,,,,,,,,,,,,,1725,1797.5,1800,1850,1850,1800,1800,1795,1737.5,1749,1800,1750,1737.5,1699.5,1770,1825,2000,1897.5,1900,1900,1825,1850,1895,1800,1875
"Royse City","TX","Dallas-Fort Worth-Arlington","Rockwall County",1419,,,,,,,,,,,,,,,,,,,,,,,,,,,,,,,,,,,,,,,,,,,,,,,,,,,,,,,,,,,,,,,,,,,,,,,,,,,,,,,,,,,,,,,,,,,,,,,,1550,1595,1572.5,1612.5,1650,1650,1695,1600,1625,1600,1595,1595,1650,1650
"Fort Walton Beach","FL","Crestview-Fort Walton Beach-Destin","Okaloosa County",1420,,795,800,795,825,850,895,900,875,895,850,825,850,850,875,895,850,900,925,925,900,895,875,850,895,875,912.5,1025,1050,1015,1050,1025,1025,1025,1025,1000,995,995,995,900,975,1000,997.5,1000,1025,1025,1050,1000,1025,1025,995,995,1000,1050,1050,1025,1025,1000,1007.5,995,1000,1025,1050,1050,1100,1097.5,1095,1100,1150,1125,1095,1095,1050,1025,1095,1075,1025,1150,1100,1150,1162.5,1195,1100,1100,1097.5,1050,1050,1095,1195,1250,1225,1237.5,1195,1200,1250,1195,1200,1200,1200,1200,1200,1300,1295,1250,1250,1200,1250,1250,1250
"Maple Heights","OH","Cleveland-Elyria","Cuyahoga County",1421,,,,,,,,,,,,,,,,,,,,,,,,,,,,,,,,,,,,,,,,,,,,,,,,,,,,,,,,,,,,,,,,,,,,,,,,,,,,,,,,,,,,875,877.5,900,895,900,925,925,935,935,925,925,900,899,900,917.5,925,925,935,950,937.5,925,925,900,925,925,925
"Gardner","KS","Kansas City","Johnson County",1422,,,,,,,,,,,,,,,,,,,,,,,,,,,,,,,,,,,,,,,,,,,,,,,,,,,,,,,,,,,,,,,,,,,,,,,,,,,,,,,,,,,,,,,,,,,,,,,,,1350,1412,1485,1470,1495,1500,1500,1495,1495,1450,1450,1397,1400
"Pottstown","PA","Philadelphia-Camden-Wilmington","Montgomery County",1423,,,,,,,,,,,,,,,,,,,,,,,,,,,,,,,,,,,,,,,,,,,,,,,,,,,,,,,,,,,,,,,,,,,,,,,,,,,,,,,,,,,,,1200,1225,1197.5,1200,1200,1250,1295,1225,1125,1197.5,1150,1150,1200,1175,1200,1250,1212.5,1200,1197.5,1100,1200,1350,1300,1200,1175
"Upper Macungie","PA","Allentown-Bethlehem-Easton","Lehigh County",1424,,,,,,,,,,,,,,,,,,,,,,,,,,,,,,,,,,,,,,,,,,,,,,,,,,,,,,,,,,,,,,,,,,,,,,,,,,,,,,,,,,,,,,1700,1795,1850,1750,1797.5,1770,1750,1675,1700,1700,1675,1662.5,1685,1747.5,1750,1797.5,1795,1795,1800,1697.5,1795,1750,1772.5,1772.5
"Benbrook","TX","Dallas-Fort Worth-Arlington","Tarrant County",1425,,,,,,,,,,,,,,,,,,,,,,,,,,,,,,,,,,,,,,,,,,,,,,,,,,,,,,,,,,,,,,,,,,,,,,,,,,,,,,,,,,,,,,1300,1495,1495,1450,1375,1425,1400,1400,1395,1395,1372.5,1425,1400,1425,1450,1495,1495,1495,1522.5,1437.5,1400,1395,1442.5,1472.5
"Guilford","CT","New Haven-Milford","New Haven County",1426,,,,,,,,,,,,,,,,,,,,,,,,,,,,,,,,,,,,1600,1600,1650,1700,1875,2000,2000,1950,1925,2000,1850,1850,1800,1800,1800,1800,1950,2000,2000,2000,2000,1950,2000,2100,2000,2000,2000,2000,2300,2100,2100,2000,1962.5,1950,1925,1950,1900,1900,2050,2000,2100,2000,2050,2100,2000,2000,2000,2000,1900,2100,2000,2000,2100,2100,2100,2050,2062.5,2100,2100,2000,2000,2000,1800,2100,2200,2100,2100,2100,2050,2050,2000,1900,2000,1795
"Citrus Ridge","FL","Orlando-Kissimmee-Sanford","Osceola County",1427,,,,,,,,,,,,,,,,,,,,,,,,,,,,,,,,,,,,,,,,,,,,,,,,,,,,,,,,,,,,,,,,,,,,1350,1400,1400,1400,1395,1400,1397.5,1400,1400,1500,1400,1450,1399,1400,1412.5,1500,1400,1475,1497,1475,1500,1462.5,1500,1500,1500,1500,1480,1500,1500,1530,1597.5,1550,1593.5,1600,1600,1644,1650,1625,1600,1595,1605,1650
"Saint Marys","GA","St. Marys","Camden County",1428,,,,,,,,,,,,,,,,,,,,,,,,,,,,,,,,,,,,,,,,,,,,,,,,,,,,,,,,,,,,,,,,,,,,,,,,,,,,,,,,1067.5,975,1075,1050,1012.5,975,1100,1025,1100,1162.5,1250,1100,1000,1070,1100,1200,1175,1125,1050,1100,1150,1175,1162.5,1162.5,1200,1250,1225,1175,1250,1100
"Golden","CO","Denver-Aurora-Lakewood","Jefferson County",1429,,,,,,,,,,,,,,,,,,,,,,,,,,,,,,,,,,,,,,,,,,,,,,,,,,,,,,,,,,,,,,,,,,,,,,,,,,,,,,,,,,,,,,,,,,,,,,,,,2297.5,2272.5,2400,2650,2475,2300,2300,2250,2295,2150,2250,2475,2400
"Barnegat","NJ","New York-Newark-Jersey City","Ocean County",1430,,,,,,,,,,,,,,,,,,,,,,,,,,,,,,,,,,,,,,,,,,,,,,,,,,,,,,,,,,,,,,,,,,,,,,,,,,,,,,,,,,,,,,,,,,,,,,1650,1650,1600,1600,1600,1600,1600,1650,1750,1750,1750,1700,1600,1600,1600,1600
"Lillington","NC","Dunn","Harnett County",1431,,,,,,,,,,,,,,,,,,,,,,,1200,1200,1200,1200,1212.5,1200,1212.5,1200,1300,1250,1237.5,1200,1225,1250,1250,1250,1195,1250,1250,1200,1200,1200,1200,1250,1200,1200,1250,1200,1200,1200,1250,1250,1250,1272.5,1200,1200,1200,1200,1200,1100,1150,1200,1250,1250,1250,1200,1200,1150,1100,1100,1150,1200,1200,1200,1197.5,1200,1150,1200,1250,1250,1185,1200,1200,1200,1225,1200,1250,1250,1200,1200,1200,1200,1200,1175,1195,1187.5,1249,1250,1250,1300,1250,1295,1295,1250,1250,1250,1235
"Bixby","OK","Tulsa","Tulsa County",1432,,,,,,,,,,,,,,,,,,,,,,,,,,,,,,,,,,,,,,,,,,,,,,,,,,,,,,,,,,,,,,,,,,,,,,,,,,,,,,,,,,,,,,,1445,1500,1347.5,1425,1437.5,1375,1345,1322.5,1345,1322.5,1250,1312.5,1322.5,1397.5,1395,1385,1300,1335,1300,1300,1325,1299.5,1350
"Summit","NJ","New York-Newark-Jersey City","Union County",1433,,,,,,,,,,,,,,,,,,,,,,,,,,,,,,,,,,,,,,,,,,,,,,,,,,,,,,,,,,,,,,,,,,,,,,,,,,,,,,,,,,,,,,,,,,,,,,,,,,2500,2475,2500,2550,2575,2600,2675,2625,2562.5,2500,2500,2400
"Prairie Village","KS","Kansas City","Johnson County",1434,,,,,,,,,,,,,,,,,,,,,,,,,,,,,,,,,,,,,,,,,,,,,,,,,,,,,,,,,,,,,,,,,,,,,,,,,,,,,,,,,,,,,1375,1550,1595,1550,1600,1550,1562.5,1547.5,1522.5,1600,1545,1525,1497.5,1495,1599,1674.5,1700,1600,1700,1600,1500,1475,1475,1515,1500
"South Euclid","OH","Cleveland-Elyria","Cuyahoga County",1435,,,,,,,,,,,,,,,,,,,,,,,,,,,,,,1000,1100,1000,1000,1000,1025,1050,1050,1050,1062.5,1100,1125,1100,1200,1087.5,1100,1198.5,1100,1100,1050,1050,1075,1100,1100,1162.5,1197,1150,1150,1100,1125,1100,1100,1100,1100,1150,1200,1195,1162.5,1200,1100,1100,1100,1100,1100,1100,1100,1105,1150,1150,1100,1197.5,1150,1150,1100,1100,1055,1100,1100,1100,1100,1100,1190,1150,1125,1100,1100,1122.5,1100,1100,1100,1125,1120,1100,1145,1112.5,1100,1100,1100,1100,1150
"Manor","TX","Austin-Round Rock","Travis County",1436,,,,,,,,,,,,,,,,,,,,,,,,,,,,,,,,,,,,,,,,,,,,,,,,,,,,,,,,,,,,,,,,,,,,,,,,,,,,,,,,,,,,,,,,,,,1550,1525,1525,1500,1450,1512.5,1500,1500,1512.5,1525,1512.5,1500,1595,1592.5,1600,1650,1685,1635,1595
"Enterprise","AL","Enterprise","Coffee County",1437,,,,,,,,,,,,,,,,,,,,,,,,,,,,,,,1000,1000,992.5,950,950,950,900,900,900,900,900,850,850,850,900,900,900,900,875,850,850,850,850,850,850,850,850,850,850,850,850,850,850,850,850,850,850,850,850,900,875,850,870,850,875,875,875,900,850,900,850,850,900,850,900,900,900,925,950,900,900,900,900,900,900,900,925,925,925,900,900,900,900,900,950,900,895,900,900
"Loma Linda","CA","Riverside-San Bernardino-Ontario","San Bernardino County",1438,,,,,,,,,,,,,,,,,,,,,,,,,,,,,,,,,,,,,,,,,,,,,,,,,,,,,,,,,,,,,,,,,,,,,,,,,,,,,,,,,,,,,,,,,,,,,,,,,2142.5,2297.5,2112.5,2100,2100,1972.5,1925,2100,2097.5,1900,1900,1897.5,2100
"Fernley","NV","Fernley","Lyon County",1439,,,,,,,,,,,,,,,,,,,,,,,,,,,,,,,,,,,,,,,,,,,,,,,,,,,,,,,,,,,,,,,,,,,,,,,,,,,,,,,,,,,,,,,,,,,1450,1450,1500,1450,1500,1500,1450,1495,1500,1475,1450,1500,1500,1500,1500,1500,1425,1400,1475
"Auburn Hills","MI","Detroit-Warren-Dearborn","Oakland County",1440,,,,,,,,,,,,,,,,,,,,,,,,,,,,,,,,,,,,,,,,,,,,,,,,,,,,,,,,,,,,,,,,,,,,,,,,,,,,,,,,,,,,,1200,1200,1222.5,1275,1250,1350,1350,1300,1300,1350,1200,1200,1100,1200,1300,1275,1300,1350,1400,1300,1300,1257.5,1200,1200,1200
"Hercules","CA","San Francisco-Oakland-Hayward","Contra Costa County",1441,,,,,,,,,,,,,,,,,,,,,,,,,,,,,,,,,,,,,,,,,,,,,,,,,,,,,,,,,,,,,,,,,,,,,,,,,,,,,,,,,,,,,,,,,,2800,2695,2695,2980,2847.5,2500,2500,2500,2750,2895,2750,2700,2900,2975,2800,2950,2700,2650,2675,2850
"Helotes","TX","San Antonio-New Braunfels","Bexar County",1442,,,,,,,,,,,,,,,,,,,,,,,,,,,,,,,,,,,,,,,,,,,,,,,,,,,,,,,,,,,,,,,,,,,,,,,,,,,,,,,,,,,,,1425,1495,1450,1462.5,1495,1512.5,1512.5,1495,1497.5,1495,1550,1550,1550,1495,1495,1497,1550,1550,1575,1550,1525,1522.5,1550,1520,1520
"Darien","CT","Bridgeport-Stamford-Norwalk","Fairfield County",1443,,,,,,,,,,,,,,,,,,,,,,,,,,,,,,,,,,,,,,,,,,,,,,,,,,,,,,,,,,,,,,,,,,,,,,,,,,,,,,,,,,,,,,,,,,,,,,,,5000,4900,5200,5400,4700,4875,4850,5000,5200,5600,5000,5225,5195,5000
"Jenks","OK","Tulsa","Tulsa County",1444,,,,,,,,,,,,,,,,,,,,,,,,,,,,,,,,,,,,,,,,,,,,,,,,,,,,,,,,,,,,,,,,,,,,,,,,,,,,,,,,,,,,,1447.5,1447.5,1395,1450,1400,1400,1395,1395,1400,1400,1397,1397.5,1397.5,1450,1400,1400,1495,1400,1395,1350,1450,1450,1400,1397.5,1350
"Mulberry","FL","Lakeland-Winter Haven","Polk County",1445,,,,,,,,,,,,,,,,,,,,,,,,,,,,,,,,,,,,,,,,,,,,,,,,,,,,,,,,,,,,,,,,,,,,,,,,,,,,,,,,,,,,,1050,1150,1222.5,1212.5,1200,1212.5,1210,1225,1150,1195,1325,1335,1275,1347.5,1400,1325,1500,1495,1380,1395,1437.5,1462.5,1395,1350,1495
"Portsmouth","NH","Boston-Cambridge-Newton","Rockingham County",1446,,,,,,,,,,,,,,,,,,,,,,,,,,,,,,,,,,,,,,,,,,,,,,,,,,,,,,,,,,,,,,,,,,,,,,,,,,,,,,,,,,,,,,,,,,2450,2495,2500,2362.5,2350,2200,2197,2100,2295,2550,2500,2300,2375,2325,2200,2050,2250,2350,2400,2350
"Ives Estates","FL","Miami-Fort Lauderdale-West Palm Beach","Miami-Dade County",1447,,,,,,,,,,,,,,,,,,,,,,,,,,,,,,,,,,,,,,,,,,,,,,,,,,,,,,,,,,,,,,,,,,,,,,,,,,,,,,,1950,1900,1899.5,2100,1975,1700,1900,1900,1950,1950,1999,2100,1900,1900,1999,1990,1900,1875,1700,1950,1800,1800,1850,1650,1650,1700,1650,1700,1700,1650,1850
"Del City","OK","Oklahoma City","Oklahoma County",1448,,,,,,,,,,,,,,,,,,,,,,,,,,,,,,,,,,,,,,,,,,,,,,,,,,,,,,,,,,,,,,,,,,,,,,,,,,,,,,,,,,,,,795,775,750,775,800,812.5,797.5,787.5,800,795,800,775,800,795,762.5,775,800,799.5,750,795,787.5,795,795,772.5,775
"Twentynine Palms","CA","Riverside-San Bernardino-Ontario","San Bernardino County",1449,,,,,,,,,,,,,,,,,,,,,,,,,,,900,895,950,1050,950,900,900,912.5,885,900,925,900,825,799,800,837.5,900,850,912.5,950,900,900,900,900,899,900,900,895,895,900,895,850,825,800,800,825,850,850,850,850,825,800,800,800,775,775,800,775,800,775,800,825,895,825,825,825,800,750,837.5,797.5,850,825,850,895,870,850,850,850,850,850,900,950,950,950,1000,1000,950,900,900,900,950,995,950
"West Columbia","SC","Columbia","Lexington County",1450,,,,,,,,,,,,,,,,,,,,,,,,,,,,,,,,,,,,,,,,,,,,,,,,,,,,,,,,,,,,,,,,,,,,,,,,,,,,,,,,,,,,,850,895,925,895,937.5,975,925,962.5,925,887.5,950,937.5,950,975,900,950,1000,925,1000,975,950,997,1045,1000,1000
"Edgewater","MD","Baltimore-Columbia-Towson","Anne Arundel County",1451,,,,,,,,,,,,,,,,,,,,,,,,,,,,,,,,,,,,,,,,,,,,,,,,,,,,,,,,,,,,,,,,,,,,,,,,,,,,,,,,,,,,,,,,,,,,,,,1972.5,1995,2000,2050,2000,2000,2100,2297.5,2297.5,2100,2100,1997.5,2250,2100,2175
"Decatur","GA","Atlanta-Sandy Springs-Roswell","Dekalb County",1452,,,,,,,,,,,,,,,,,,,,1350,1275,1337.5,1250,1195,1175,1180,1100,1150,1200,1250,1250,1250,1200,1350,1375,1495,1350,1350,1185,1250,1255,1300,1295,1250,1400,1375,1450,1550,1550,1500,1550,1537.5,1400,1495,1350,1400,1550,1447.5,1550,1500,1500,1650,1450,1600,1600,1695,1600,1650,1797.5,1725,1650,1700,1662.5,1795,1795,1795,1797.5,1772.5,1800,1600,1700,1650,1650,1600,1795,1850,1825,1975,1850,1750,1850,1850,1675,1795,1797.5,1797.5,1800,1800,1849.5,1925,2100,2047.5,1900,1900,1900,1900,1999,1800,1899
"Dolton","IL","Chicago-Naperville-Elgin","Cook County",1453,,,,,,,,,,,,,,,,,,,,,,,,,,,,,,,,,,,,,,,,,,,,,,,,,,,,,,,,,,,,,,,,,,,,,,,,,,,,,,,,1350,1400,1400,1400,1400,1300,1400,1387.5,1362.5,1437.5,1475,1450,1450,1450,1450,1450,1437.5,1400,1400,1375,1350,1400,1450,1450,1450,1450,1450,1450,1450,1450
"Greater Northdale","FL","Tampa-St. Petersburg-Clearwater","Hillsborough County",1454,,,,,,,,,,,,,,,,,,,,,,,,,,,,,,,,,,,,,,,,,,,,,,,,,,,,,,,,,,,,,,,,,,,,,,,,,,,,,,,,,,,,1500,1595,1650,1600,1600,1522.5,1500,1500,1600,1550,1595,1625,1550,1624.5,1550,1645,1695,1600,1650,1695,1695,1650,1662.5,1595,1645,1680
"Lafayette","CO","Boulder","Boulder County",1455,,,,,,,,,,,,,,,,,,,,,,,,,,,,,,,,,,,,,,,,,,,,,,,,,,,,,,,,,,,,,,,,,,,,,,,,,,,,,,,,,,,,,1900,1887.5,1925,1887.5,1925,1950,1950,1850,1850,1800,1995,1922.5,1850,1900,2095,1999,2000,2060,2000,2195,2150,2095,2200,2197.5,2197.5
"Newport","RI","Providence-Warwick","Newport County",1456,,,,,,,,,,,,,,,,,,,,,,,,,,,,,,,,,,,,,,,,,,,,,1800,1800,1800,1950,1847.5,2000,2000,2000,2200,2100,2000,1900,1900,1900,1900,1900,2000,2000,2000,2197.5,2200,2200,2000,1850,1850,1900,1900,2000,2200,2200,2200,2225,2400,2200,2000,2150,2000,2000,2000,2200,2200,2300,2400,2400,2450,2200,2200,2200,2000,2200,2200,2275,2400,2500,2500,2500,2600,2500,2250,2200,2200,2200,2300,2400,2400
"Ferguson","MO","St. Louis","Saint Louis County",1457,,,,,,,,,,,,,,,,,,,,,,,,,,,,,,,,,,,,,,,,,,,,,,,,,,,,,,,,,,,,,,,,,,,,,,,,,,,,,,,,,,,,,850,825,850,850,850,850,787.5,835,830,840,845,800,800,805,825,825,837.5,802.5,800,800,850,850,850,850,845
"Bryn Mawr","PA","Philadelphia-Camden-Wilmington","Delaware County",1458,,,,,,,,,,,,,,,,,,,,,,,,,,,,,,,,,,,,,,,,,,,,,,,,,,,,,,,,,,,,,,,,,,,,,,,,,,,,,,,,,,,,,,,2000,1975,1850,1600,1725,1750,2050,2200,2300,2000,2000,2000,2000,1995,1850,1825,1800,1900,1950,1975,1950,1825,1875
"Sun City Center","FL","Tampa-St. Petersburg-Clearwater","Hillsborough County",1459,,,,,,,,,,,,,,,,,,,,,,,,,,,,,,,,,,,,,,,,,,,,,,,,,,,,,,,,,,,,,,,,,,,,,,,,,,,,,,1250,1313,1200,1250,1250,1300,1300,1200,1368,1275,1260,1200,1200,1300,1347.5,1300,1400,1450,1450,1350,1300,1325,1300,1350,1350,1395,1397.5,1375,1500,1592.5,1695,1585
"Washington","UT","St. George","Washington County",1460,,,,,,,,,,,,,,,,,,,,,,,,,,,,,,,,,,,,,,,,,,,,,,,,,,,,,,,,,,,,,,,,,,,,,,,,,,,,,,,,,,,,,1233,1300,1350,1416,1341,1350,1399,1350,1350,1316,1328.5,1378.5,1366,1382.5,1382.5,1500,1516,1508,1485,1508.5,1450,1520,1450,1425,1510
"Birmingham","MI","Detroit-Warren-Dearborn","Oakland County",1461,,,,,,,,,,,,,,,,,,,,,,,,,,,,,,,,,,,,,,,,,,,,,,,,,,,,,,,2175,2200,2000,2000,2000,2050,2000,1950,1900,1887.5,1795,2050,2050,2000,1950,1780,1950,2000,2000,1995,1972.5,1950,1800,2000,2100,2000,1975,2000,2100,2100,1995,1950,1950,2000,2000,2000,2200,2000,2200,2175,2000,2100,1997.5,2000,1999.5,1950,2100,2100,2200,2000,1912.5,1800,1950,2000,2000
"Matteson","IL","Chicago-Naperville-Elgin","Cook County",1462,,,,,,,,,,,,,,,,,,,,,,,,,,,,,,,,,,,,,,,,,,,,,,,,,,,,,,,,,,,,,,,,,,,,,,,,,,,,,,,,,,,,,1649.5,1695,1695,1700,1775.5,1750,1750,1675,1612.5,1600,1625,1650,1697.5,1725,1730,1750,1675,1675,1697,1685,1695,1650,1625,1650,1650
"Parrish","FL","North Port-Sarasota-Bradenton","Manatee County",1463,,,,,,,,,,,,,,,,,,,,,,,,,,,,,,,,,,,,,,,,,,,,,,,,,,,,,,,,,,,,,,,,,,,,,,,,,,,,,,,,,,,,,1750,1739.5,1699,1754.5,1750,1695,1745,1750,1702.5,1697.5,1700,1750,1745,1705,1770,1775,1797.5,1765,1820,1795,1850,1750,1750,1800,1800
"Waukee","IA","Des Moines-West Des Moines","Dallas County",1464,,,,,,,,,,,,,,,,,,,,,,,,,,,,,,,,,,,,,,,,,,,,,,,,,,,,,,,,,,,,,,,,,,,,,,,,,,,,,,,,,,,,,,,,1500,1647.5,1695,1647.5,1670,1550,1595,1550,1485,1595,1595,1525,1595,1650,1595,1595,1600,1700,1700,1600,1700,1600
"Corinth","TX","Dallas-Fort Worth-Arlington","Denton County",1465,,,,,,,,,,,,,,,,,,,,,,,,,,,,,,,,,,,,,,,,,,,,,,,,,,,,,,,,,,,,,,,,,,,,,,,,,,,,,,,,,,,,,1525,1550,1600,1650,1662.5,1665,1650,1625,1620,1625,1600,1600,1572.5,1610,1600,1695,1725,1700,1795,1799,1795,1722.5,1750,1745,1745
"Sachse","TX","Dallas-Fort Worth-Arlington","Dallas County",1466,,,,,,,,,,,,,,,,,,,,,,,,,,,,,,,,,,,,,,,,,,,,,,,,,,,,,,,,,,,,,,,,,,,,,,,,,,,,,,,,,,,,,,,,,1750,1800,1795,1795,1750,1625,1660,1697.5,1650,1724.5,1795,1725,1670,1690,1682.5,1660,1747.5,1722.5,1670,1685,1800
"Beaufort","SC","Hilton Head Island-Bluffton-Beaufort","Beaufort County",1467,,,,,,,,,,,,,,,,,,,,,,,,,,,,,,,,,,,,,,,,,,,,,,,,,,,,,,,,,,,,,,,,,,,,,,,1200,1200,1200,1200,1250,1200,1312.5,1350,1250,1325,1250,1200,1312.5,1200,1337.5,1250,1362.5,1375,1475,1395,1395,1400,1400,1425,1475,1500,1500,1425,1500,1500,1500,1550,1495,1425,1500,1500,1495,1350,1450
"Chevy Chase","MD","Washington-Arlington-Alexandria","Montgomery County",1468,,,,,,,,,,,,,,,,,,,,,,,,,,,,,,,,,,,,,,,,,,,,,,,,,,,,,,,,,,,,,,,,,,,,,,,,,,,,,,,,,,,,,,2700,2300,2650,2675,2750,2925,2874.5,2985,2825,2800,2700,2900,2900,3050,2995,3125,3100,3372.5,3600,3495,3375,3200,3100,2900
"Ferndale","MI","Detroit-Warren-Dearborn","Oakland County",1469,,,,,,,,,,,,,,,,,,,,875,895,850,850,850,850,825,835,875,900,900,900,885,895,895,875,895,900,900,900,900,900,900,900,912.5,925,975,935,950,900,925,920,945,975,950,955,940,1000,1000,900,975,925,900,950,1000,1050,1025,1100,1200,1050,1037.5,1000,1000,1025,1050,1050,1000,1025,1150,1150,1050,1050,1025,1072.5,1137.5,1050,1150,1100,1100,1050,1200,1250,1200,1195,1112.5,1150,1200,1145,1100,1150,1200,1295,1200,1200,1237.5,1250,1200,1112.5,1200,1200
"Universal City","TX","San Antonio-New Braunfels","Bexar County",1470,,,,,,,,,,,,,,,,,,,,,,,,,,,,,,,,,,,,,,,,,,,,,,,,,,,,,,,,,,,,,,,,,,,,,,,,,,,,,,,,,,,,,,,1195,1300,1395,1395,1350,1395,1350,1275,1250,1350,1337.5,1337.5,1375,1395,1395,1350,1300,1300,1325,1350,1300,1325,1325
"Fresno","TX","Houston-The Woodlands-Sugar Land","Fort Bend County",1471,,,,,,,,,,,,,,,,,,,,,,,,,,,,,,,,,,,,,,,,,,,,,,,,,,,,,,,,,,,,,,,,,,,,,,,,,,,,,,,,,,,,1460,1550,1562.5,1595,1595,1595,1575,1535,1550,1590,1595,1595,1597.5,1550,1550,1650,1650,1650,1622.5,1600,1600,1647,1595,1585,1600,1595
"Laguna Beach","CA","Los Angeles-Long Beach-Anaheim","Orange County",1472,,,,,,,,,,,,,,,,,,,,,,,,,,,,,,,,,,,,,,,,,,,,,,,,,,,,,,,,,,,,,,,,,,,,,,,,,,,,,,,,,,,,,,,6000,6000,6000,6475,6000,5997.5,6000,6000,5982.5,5995,6000,6000,6000,6000,6500,6000,6000,6000,6500,6500,6350,6350,6500
"Radcliff","KY","Elizabethtown-Fort Knox","Hardin County",1473,,,,,,,,,,,,,,,,,,,,,,,,,,,,,,,,,,,,,,,,,,,,,,,,,,,,,,,,,,,,,,,,,,,,,,,,,,,,,,,,,,,,,892.5,875,895,875,895,897.5,912.5,875,832.5,865,800,820,875,897.5,997.5,995,957.5,910,950,895,895,950,925,875,897.5
"Cameron","NC","Dunn","Harnett County",1474,,,,,,,,,,,,,,,,,,,,,,,,,,,,,,,,,1272.5,1200,1200,1250,1200,1200,1250,1250,1200,1212.5,1250,1250,1250,1200,1250,1250,1250,1250,1250,1250,1250,1275,1285,1275,1275,1297.5,1350,1300,1250,1200,1250,1300,1350,1300,1300,1250,1295,1282.5,1270,1295,1295,1300,1295,1350,1350,1337.5,1300,1350,1287.5,1265,1350,1325,1350,1300,1302,1350,1350,1350,1300,1350,1350,1350,1350,1350,1350,1325,1300,1300,1350,1375,1350,1350,1350,1337.5,1312.5,1350,1310
"Park Forest","IL","Chicago-Naperville-Elgin","Cook County",1475,,,,,,,,,,,,,,,,,,,,,,,,,,,,,,,,,,,,,,,,,,,,,,,,,,,,,,,,,,,,,,,,,,,,,,,,,,,,,,,,,,,,1147.5,1237.5,1225,1147.5,1250,1300,1250,1250,1250,1250,1250,1237.5,1200,1249.5,1250,1250,1225,1300,1275,1270,1275,1262.5,1295,1300,1300,1275
"Oldsmar","FL","Tampa-St. Petersburg-Clearwater","Pinellas County",1476,,,,,,,,,,,,,,,,,,,,,,,,,,,,,,,,,,,,,,,,,,,,,,,,,,,,,,,,,,,,,,,,,,,,,,,,,,,,,,,,,,,,,1350,1437.5,1305,1300,1400,1350,1450,1450,1400,1350,1425,1500,1495,1450,1495,1500,1650,1640,1550,1500,1500,1487.5,1500,1495,1475
"Southbury","CT","New Haven-Milford","New Haven County",1477,,,,,,,,,,,,,,,,,,,,,,,,,,,,,,,,,,,,,,,,,,,,,,,,,,,,,,,,,,,,,,,,,,,,,,,,,,,,,,,,,,,,1500,1600,1500,1550,1500,1500,1600,1600,1650,1600,1500,1500,1475,1500,1500,1500,1500,1650,1700,1575,1500,1500,1500,1500,1500,1512.5
"Coralville","IA","Iowa City","Johnson County",1478,,,,,,,,,,,,,,,,,,,,,,,,,,,,,,,,,,,,,,,,,,,,,,,,,,,,,,,,,,,,,,,,,,,,,,,,,,,,,,,,,,,,,917.5,975,935,940,950,975,985,925,925,925,900,900,1035,980,955,955,995,980,960,945,900,895,900,925,975
"Forney","TX","Dallas-Fort Worth-Arlington","Kaufman County",1479,,,,,,,,,,,,,,,,,,,,,,,,,,,,,,,,,,,,,,,,,,,,,,,,,,,,,,,,,,,,,,,,,,,,,,,,,,,,,,,,,,,,,1590,1650,1676,1695,1695,1695,1677.5,1650,1675,1670,1695,1725,1725,1765,1780,1750,1800,1769,1762.5,1780,1795,1750,1750,1750,1795
"Jacksonville Beach","FL","Jacksonville","Duval County",1480,,,,,,,,,,,,,,,,,,,,,,,,,,,,,,,,,,,,,,,,,,,,,,1800,1625,1550,1765,1675,1600,1562.5,1700,1850,1900,1900,1900,1800,1872.5,1750,1637.5,1650,1750,2000,2200,2000,1975,2000,2085,2000,1950,1950,2200,2250,2200,2198.5,2100,1900,1800,1800,1950,2000,1949.5,1800,1995,1900,1950,2100,2200,2195,2150,2100,2200,2295,2200,2200,2125,2300,2272.5,2295,2300,2300,2400,2300,2295,2100,2299,2350,2300
"Stephens City","VA","Winchester","Frederick County",1481,,,,,,,,,,,,,,,,,,,,,,,,,,,,,,,,,,,,,,,,,,,,,,,,,,,,,,,,,,,,,,,,,,,,,,,,,,,,,,,,,,,,,,1325,1325,1300,1200,1200,1197.5,1400,1350,1262.5,1250,1350,1375,1400,1400,1400,1300,1310,1310,1312.5,1325,1247.5,1150,1150,1150
"Rocky Hill","CT","Hartford-West Hartford-East Hartford","Hartford County",1482,,,,,,,,,,,,,,,,,,,,,,,,,,,,,,,,,,,,,,,,,,,,,,,,,,,,,,,,,,,,,,,,,,,,,,,,,,,,,,,,,,,,,,1450,1450,1375,1492.5,1485,1450,1400,1450,1500,1500,1450,1395,1350,1350,1350,1350,1425,1500,1462.5,1400,1350,1375,1350,1362.5
"Sunny Isles Beach","FL","Miami-Fort Lauderdale-West Palm Beach","Miami-Dade County",1483,,,,,,,,,,,,,,,,,,,,,,,,,,,,,,,,,,,,,,,,,,,,,,,,,,,,,,,,,,,,,,,,,,,,,,,,,,,,,,,,,,,,,3500,3550,3700,3400,3250,3200,3100,3350,3500,3500,3500,3495,3500,3500,3650,3599,3500,3500,3650,3600,3600,3799,3950,3850,3800
"Coolbaugh","PA","East Stroudsburg","Monroe County",1484,,,,,,,,,,,,,,,1100,1100,1100,1100,1100,1100,1090,1000,975,975,950,950,995,995,995,997.5,982.5,950,925,950,966.5,925,935,942.5,950,950,950,925,1050,1100,1000,1000,1000,1000,1000,992.5,975,975,1025,1037.5,1000,1000,999,1000,975,975,975,995,1050,1100,1100,1175,1100,1100,1065,1072.5,1095,1050,1045,1000,1075,1100,1037.5,1100,1200,1150,1100,1150,1100,1150,1100,1100,1125,1100,1125,1150,1150,1100,1150,1197.5,1150,1150,1150,1125,1150,1162.5,1175,1250,1225,1200,1225,1197.5,1150,1150,1137.5
"Hazelwood","MO","St. Louis","Saint Louis County",1485,,,,,,,,,,,,,,,,,,,,,,,,,,,,,,,,,,,,,,,,,,,,,,,,,,,,,,,,,,,,,,,,,,,,,,,,,,,,,,,,,,,,,975,980,997.5,1000,1000,1050,1000,996.5,995,950,942.5,950,975,995,995,1020,995,992.5,1095,1095,1095,1087,1075,1025,1050
"Louisville","CO","Boulder","Boulder County",1486,,,,,,,,,,,,,,,,,,,,,,,,,,,,,,,,,,,,,,,,,,,,,,,,,,,,,,,,,,,,,,,,,,,,,,,,,,,,,,,,,,,,,,2137.5,2175,2150,2200,2200,2195,2100,2200,2125,2150,2275,2200,2197.5,2250,2050,2175,2250,2195,2200,2300,2125,2200,2400,2200
"Glassboro","NJ","Philadelphia-Camden-Wilmington","Gloucester County",1486,,,,,,,,,,,,,,,,,,,,,,,,,,,,,,,,,,,,,,,,,,,,,,,,,,,,,,,,,,,,,,,,,,,,,,,,,,,,,,,,,,,,,,2000,1900,2000,2000,1837.5,1800,1850,1800,2000,2300,2200,2100,2050,2000,2100,2000,1900,1975,1850,1800,2000,2100,2225,2250
"Vernon","NJ","New York-Newark-Jersey City","Sussex County",1488,,,,,,,,,,,,,,,,,,,,,,,,,,,,,,,,,,,,,,,,,,,,,,,,,,,,,,,,,,,,,,,,,,,,,,,,,,,,,,,,,,,,,,,,,,,,,,,,,1350,1357.5,1325,1300,1400,1500,1450,1470,1450,1460,1470,1485,1470
"Sedona","AZ","Prescott","Yavapai County",1489,,,,,,,,,,,,,,,,,,,,,,,,,,,,,,,,,,,,,,,,,,,,,,,,,,,,,,,,,,,,,,,,,,,,,,,,,,,,,,,,,,,,,,,,,,,,,,,,2297.5,2500,2400,2550,2500,2500,2200,2100,2225,2275,2500,2500,2500,2250
"West Melbourne","FL","Palm Bay-Melbourne-Titusville","Brevard County",1490,,,,,,,,,,,,,,,,,,,,,,,,,,,,,,,,,,,,,,,,,,,,,,,,,,,,,,,,,,,,,,,,,,,,,,,,,,,,,,,,,,,1599.5,1450,1450,1500,1500,1500,1550,1600,1500,1500,1495,1600,1600,1595,1600,1650,1625,1550,1650,1700,1750,1700,1743,1660,1650,1700,1700
"Bainbridge Island","WA","Bremerton-Silverdale","Kitsap County",1491,,,,,,,,,,,,,,,,,,,,,,,,,,,,,,,,,,,,,,,,,,,,,,,,,,,,,,,,,,,,,,,,,,,,,,,,,,,,,,,,,,,,,,,,,3000,2600,2497.5,2497.5,2600,2325,2375,2500,2650,2550,2597.5,2800,2850,2950,2825,2950,2775,2500,2900,2700,2700
"Tavares","FL","Orlando-Kissimmee-Sanford","Lake County",1492,,,,,,,,,,,,,,,,,,,,,,,,,,,,,,,,,,,,,,,,,,,,,,,,,,,,,,,,,,,,,,,,,,,,,,,,,,,,,,,,,,,,,,,,,1352.5,1355,1350,1300,1300,1350,1324.5,1250,1350,1297.5,1395,1367.5,1300,1325,1300,1395,1350,1438,1325,1380,1395
"Bethany","OK","Oklahoma City","Oklahoma County",1493,,,,,,,,,,,,,,,,,,,,,,,,,,,,,,,,,,,,,,,,,,,,,,,,,,,,,,,,,,,,,,,,,,,,,,,,,,,,,,,,,,,,,,,,,1012.5,1027.5,875,992.5,895,850,875,875,900,899.5,962.5,925,937.5,950,950,900,900,885,925,950,900
"Secaucus","NJ","New York-Newark-Jersey City","Hudson County",1494,,,,,,,,,,,,,,,,,,,,,,,,,,,,,,,,,,,,,,,,,,,,,,,,,,,,,,,,,,,,,,,,,,,,,,,,,,,,,,,,,,,,,2425,2450,2600,2450,2500,2400,2400,2487.5,2400,2500,2325,2350,2250,2280,2200,2400,2300,2500,2412.5,2400,2400,2400,2325,2300,2275
"Malibu","CA","Los Angeles-Long Beach-Anaheim","Los Angeles County",1495,,,,,,,,,,,,,,,,,,,,,,,,,,,,,,,,,,,,,,,,,,,,,,,,,,,,,,,,,,,,,,,,,,,,,,,,,,,,,,,,,,,,,,,,,,,,,,,,,12925,12500,14350,14500,14500,15000,14974.5,14999.5,14999,14900,15000,16000,16500
"Morristown","NJ","New York-Newark-Jersey City","Morris County",1496,,,,,,,,,,,,,,,,,,,,,,,,,,,,,,,,,,,,,,,,,,,,,,,,,,,,,,,,,,,,,,,,,,,,,,,,,,,,,,,,,,,,,,2400,2625,2425,2400,2600,2575,2600,2500,2500,2700,2600,2650,2700,2600,2500,2600,2800,2800,2725,2587.5,2485,2700,2750,2925
"Kingsland","GA","St. Marys","Camden County",1497,,,,,,,,975,975,900,925,925,925,925,897.5,895,900,950,950,950,950,975,950,925,947.5,925,950,975,975,950,950,900,925,950,925,950,950,950,950,950,962.5,975,950,925,950,975,950,950,950,950,950,975,1000,995,995,975,975,950,975,995,975,950,975,1000,1000,998,1000,995,975,985,950,975,975,995,1000,1000,1050,1100,1000,1012.5,995,995,985,1050,1000,1025,1100,1100,1050,1100,1000,1000,1037.5,1025,1000,1050,1062.5,1050,1050,1050,1100,1087.5,1037.5,1050,1100,1100,1100,1100,1200
"Pace","FL","Pensacola-Ferry Pass-Brent","Santa Rosa County",1498,,,,,,,,,,,,,,,,,,1150,1100,1100,1195,1097.5,1000,1000,995,1050,1100,1100,1150,1200,1200,1100,1112.5,1112.5,1150,1172.5,1250,1162.5,1075,1100,1137.5,1250,1212.5,1200,1200,1200,1195,1200,1200,1200,1200,1225,1250,1275,1200,1250,1295,1297.5,1250,1250,1297.5,1295,1300,1300,1250,1275,1250,1250,1350,1300,1300,1300,1275,1297.5,1375,1387.5,1362.5,1300,1350,1300,1272.5,1285,1300,1350,1300,1300,1300,1325,1300,1350,1300,1375,1350,1350,1375,1395,1400,1400,1425,1395,1400,1450,1450,1400,1375,1397.5,1397.5,1397.5,1400
"Pinecrest","FL","Miami-Fort Lauderdale-West Palm Beach","Miami-Dade County",1499,,,,,,,,,,,,,,,,,,,,,,,,,,,,,,,,,,,,,,,,,,,,,,,,,,,,,,,,,,,,,,,,,,,,,,,,,,,,,,,,,,,,,,,,,,,,,,,,,4375,4500,4500,4500,4225,3950,4200,3950,4150,3925,3800,3850,4250
"Manvel","TX","Houston-The Woodlands-Sugar Land","Brazoria County",1500,,,,,,,,,,,,,,,,,,,,,,,,,,,,,,,,,,,,,,,,,,,,,,,,,,,,,,,,,,,,,,,,,,,,,,,,,,,,,,,,,,,,,,,1762.5,1725,1675,1650,1625,1625,1625,1625,1625,1625,1625,1625,1725,1710,1837.5,1872.5,1787.5,1825,1800,1800,1800,1800,1795
"Hermosa Beach","CA","Los Angeles-Long Beach-Anaheim","Los Angeles County",1501,,,,,,,,,,,,,,,,,,,,,,,,,,,,,,,,,,,,,,,,,,,,,,,,,,,,,,,,,,,,,,,,,,,,,,,,,,,,,,,,,,,,,,,,,,,,,,,,,4999.5,4775,4800,5095,5185,5495,5697.5,5900,5825,5500,5995,5915,6000
"Lusby","MD","Washington-Arlington-Alexandria","Calvert County",1502,,,,,,,,,,,,,,,,,,,,,,,,,,,,,,,,,,,,,,,,,,,,,,,,,,,,,,,,,,,,,,,,,,,,,,,,,,,,,,,,,,,,,,1525,1640,1650,1700,1650,1600,1650,1650,1630,1600,1575,1575,1575,1647.5,1630,1625,1600,1597.5,1550,1585,1600,1625,1625,1585
"North Druid Hills","GA","Atlanta-Sandy Springs-Roswell","Dekalb County",1503,,,,,,,,,,,,,,,,,,,,,,,,,,,,,,,,,,,,,,,,,,,,,,,,,,,,,,,,,,,,,,,,,,,,,,,,,,,,,,,,,,,,,,,,,,,,,,,,,,2300,2200,2250,2200,2100,2150,2300,2000,2050,1855,1995,1995
"Ojus","FL","Miami-Fort Lauderdale-West Palm Beach","Miami-Dade County",1504,,,,,,,,,,,,,,,,,,,,,,,,,,,,,,,,,,,,,,,,,,,,,,,,,,,,,,,,,,,,,,,,,,,,,,,,,,,,,,,,,,,,1437.5,1525,1500,1600,1550,1500,1600,1587.5,1650,1808,1780,1850,1850,1825,1750,1572.5,1600,1585,1795,1837,1650,1650,1600,1600,1672.5,1600
"Erie","CO","Greeley","Weld County",1505,,,,,,,,,,,,,,,,,,,,,,,,,,,,,,,,,,,,,,,,,,,,,,,,,,,,,,,,,,,,,,,,,,,,,,,,,,,,,,,,,,,,,1917.5,1967.5,2250,2200,2200,2250,2200,2200,2100,2272.5,2400,2297.5,2197.5,2350,2400,2450,2497.5,2370,2297.5,2300,2295,2295,2295,2200,2295
"Bellaire","TX","Houston-The Woodlands-Sugar Land","Harris County",1506,,,,,,,,,,,,,,,,,,,,,,,,,,,,,,,,,,,,,,,,,,,,,,,,,,,,,,,,,,,,,,,,2000,2225,2350,2250,2200,2000,2050,1995,1950,1950,2000,2000,2000,2000,1997.5,1950,2050,1925,1895,1895,1900,1800,1875,1950,1962.5,2000,1970,1950,2000,2000,2275,2200,2050,2000,2100,2000,1995,2000,2062.5,2100,2195,2200,2200,2200,2200,2100
"Spanish Lake","MO","St. Louis","Saint Louis County",1507,,,,,,,,,,,,,,,,,,,,,,,,,,,,,,,,,,,,,,,,,,,,,,,,,,,,,,,,,,,,,,,,,,,,,,,,,,,,,,,,,,,,,925,950,962.5,950,950,950,950,900,895,900,885,875,900,900,900,895,895,900,945,950,940,950,930,942.5,925
"Madison","CT","New Haven-Milford","New Haven County",1508,,,,,,,,,,,,,,,,,,,,,,,,,,,,,,,,,,,,,,,,,,,,,,,,,,,,,,,,,,,,,,,,,,,,,,,,,,,,,,,,,,,,,,2375,2450,2450,2500,2600,2400,2500,2500,2425,2300,2400,2300,2400,2400,2500,2700,2500,2500,2500,2400,2250,2137.5,2350,2500
"Richlands","NC","Jacksonville","Onslow County",1509,,,,,,,,,,,,,,995,995,1000,1000,1000,1000,995,1025,1048.5,1025,1000,999,1000,1025,1015,1025,1000,1000,995,995,975,975,962.5,950,950,950,975,950,945,950,950,950,950,950,950,950,950,950,950,985,975,950,950,950,900,900,900,925,925,950,950,975,950,950,925,925,925,925,925,900,921.5,950,925,925,950,925,900,947.5,925,900,950,900,932.5,915,950,950,950,937.5,925,950,950,925,950,950,950,950,950,985,950,990,1000,975,975,975,950,1000
"Rose Hill","VA","Washington-Arlington-Alexandria","Fairfax County",1510,,,,,,,,,,,,,,,,,,,,,,,,,,,,,,,,,,,,,,,,,,,,,,,,,,,,,,,,,,,,,,,,,,,,,,,,,,,,,,,,,,,,,,,,,,,,,,,,2750,2800,2600,2500,2750,2800,2700,2600,2600,2550,2500,2500,2500,2450
"Buda","TX","Austin-Round Rock","Hays County",1511,,,,,,,,,,,,,,,,,,,,,,,,,,,,,,,,,,,,,,,,,,,,,,,,,,,,,,,,,,,,,,,,,,,,,,,,,,,,,,,,,,,,,,1797.5,1795,1795,1800,1850,1797.5,1737.5,1725,1700,1695,1699,1700,1747.5,1700,1650,1750,1850,1825,1750,1750,1695,1650,1700,1737.5
"Lake Forest","IL","Chicago-Naperville-Elgin","Lake County",1512,,,,,,,,,,,,,,,,,,,,,,,,,,,,,,,,,,,,,,,,,,,,,,,,,,,,,,,,,,,,,,,,,,,,,,,,,,,,,,,,,,,,,,,,,,,,,,,,,,3800,3800,3800,4200,4100,3800,4000,4000,3900,3800,3787.5,3800
"Gulf Breeze","FL","Pensacola-Ferry Pass-Brent","Santa Rosa County",1513,,,,,,,,,,,,,,,,,,,,,,,,,,,,,,1200,1200,1175,1200,1200,1200,1300,1150,1100,1295,1350,1300,1300,1350,1300,1250,1300,1395,1300,1375,1350,1300,1300,1300,1300,1350,1325,1395,1250,1300,1285,1300,1400,1375,1325,1350,1300,1400,1400,1395,1350,1300,1300,1300,1300,1350,1350,1397.5,1397.5,1375,1450,1350,1325,1400,1400,1350,1395,1450,1425,1395,1550,1550,1500,1550,1500,1547.5,1500,1400,1350,1350,1550,1700,1550,1525,1600,1700,1590,1592.5,1775,1750
"Ruston","LA","Ruston","Lincoln Parish",1514,,,,,,,,,,,,,,,,,,,,,,,,,,,,,,,,,,,,,,,,,,,,,,,,,,,,,,,,,,,,,,,,,,,,,,,,,,,,,,,,,,,,,,,,,1075,1075,1125,1050,1000,1050,1100,1175,1100,1100,975,1075,1100,1000,1000,1000,997.5,950,950,950,997.5
"Glenvar Heights","FL","Miami-Fort Lauderdale-West Palm Beach","Miami-Dade County",1515,,,,,,,,,,,,,1300,1350,1300,1400,1300,1362.5,1500,1500,1400,1500,1450,1400,1337.5,1300,1300,1400,1500,1500,1500,1575,1575,1500,1500,1500,1450,1400,1400,1400,1500,1500,1600,1695,1695,1700,1697.5,1695,1700,1645,1550,1575,1550,1650,1650,1782.5,1695,1672.5,1695,1700,1800,1550,1760,1850,1875,1800,1850,1800,1750,1700,1695,1700,1600,1685,1675,1675,1600,1850,1875,1850,1850,1712.5,1950,1900,1800,1700,1672.5,1850,1700,1762.5,1850,1750,1800,1725,1720,1700,1700,1800,1775,1900,1835,1800,1850,1800,1800,1850,1875,1875,1832.5
"Sugar Hill","GA","Atlanta-Sandy Springs-Roswell","Gwinnett County",1516,,,,,,,,,,,,,,,,,1200,1200,1175,1100,1100,1200,1195,1172.5,1100,1095,1150,1150,1197.5,1150,1195,1200,1200,1250,1295,1299,1250,1245,1400,1300,1250,1262.5,1250,1250,1200,1250,1230,1250,1250,1312.5,1250,1295,1400,1310,1275,1275,1275,1300,1350,1335,1337.5,1407.5,1350,1387.5,1400,1400,1425,1425,1350,1350,1395,1395,1375,1450,1400,1380,1400,1400,1425,1450,1450,1495,1497.5,1450,1477.5,1500,1500,1550,1550,1500,1550,1582.5,1550,1500,1495,1500,1545,1560,1595,1551,1550,1587.5,1600,1585,1595,1585,1595,1640,1591
"Rancho Mirage","CA","Riverside-San Bernardino-Ontario","Riverside County",1517,,,,,,,,,,,,,,,,,,,,,,,,,,,,,,,,,,,,,,,,,,,,,,,,,,,,,,,,,,,,,,,,,,,,,,,,,,,,,,,,,,,4500,3800,4000,4000,4000,3975,3800,3600,3950,4000,4000,4500,4500,4500,4500,4500,4500,4500,4000,4000,4000,4000,4500,4700,4500,4500,4500
"Moraga","CA","San Francisco-Oakland-Hayward","Contra Costa County",1518,,,,,,,,,,,,,,,,,,,,,,,,,,,,,,,,,,,,,,,,,,,,,,,,,,,,,,,,,,,,,,,,,,,,,,,,,,,,,,,,,,,,,,,,,,,,,,,3750,3750,4000,3600,3400,3500,4000,3650,3600,3500,3600,3950,4250,4300,4100
"Sunset","FL","Miami-Fort Lauderdale-West Palm Beach","Miami-Dade County",1519,,,,,,,,,,,,,,,,,,,,,,,,,,,,,,,,,,,,,,,,,,,,,,,,,,,,,,,,,,,,,,,,,,,,,,,,,,,,,,,,,,,,,2200,2300,2400,2275,2300,2200,2200,2200,2300,2325,2450,2450,2400,2400,2400,2500,2500,2225,2400,2250,2250,2300,2400,2400,2400
"Hanover","MD","Baltimore-Columbia-Towson","Anne Arundel County",1520,,,,,,,,,,,,,,,,,,,,,,,,,,,,,,,,,,,,,,,,,,,,,,,,,,,,,,,,,,,,,,,,,,,,,,,,,,,,,,,,,,,,,2250,2300,2300,2350,2350,2395,2350,2340,2300,2300,2300,2300,2300,2275,2350,2395,2472.5,2397.5,2372.5,2325,2250,2300,2272.5,2350,2397.5
"Hazel Park","MI","Detroit-Warren-Dearborn","Oakland County",1521,,,,,,,,,,,,,,,,,,,,,,,,,,,,,,,,,,,,,,,,,,,,,,,,,,,,,,,,,,,,,,,,,,,,,,,,,,,,,,,,,,,,,875,850,900,900,900,900,900,900,900,925,925,925,935,900,945,950,950,950,950,987.5,1025,950,987.5,950,950
"Center Point","AL","Birmingham-Hoover","Jefferson County",1522,,,,,,,,,,,,,,,,,,,,,,,,,,,,,,,,,,,,,,,,,,,,,,,,,,,,,,,,,,,,,,,,,,,,,,,,,,,,,,,,797.5,835,897,800,895,875,875,900,895,899,899,899,895,949,915,900,900,900,900,899.5,895,897.5,900,897.5,900,900,925,950,950,945
"Gibsonton","FL","Tampa-St. Petersburg-Clearwater","Hillsborough County",1523,,,,,,,,,,,,,,,,,,,,,,,,,,,,,,,,,,,,,,,,,,,,,,,,,,,,,,,,,,,,,,,,,,,,,,,,,,,,,,,,,,,,1395,1350,1350,1350,1397,1425,1450,1445,1375,1400,1400,1370,1395,1395,1400,1450,1447.5,1450,1445,1495,1507.5,1500,1540,1495,1500,1550
"Three Lakes","FL","Miami-Fort Lauderdale-West Palm Beach","Miami-Dade County",1524,,,,,,,,,,,,,1675,1680,1700,1700,1700,1800,1800,1800,1750,1723.5,1700,1650,1700,1700,1700,1725,1750,1700,1750,1750,1750,1770,1750,1750,1750,1750,1750,1750,1760,1787.5,1800,1800,1850,1850,1850,1850,1825,1800,1850,1850,1850,1850,1850,1850,1850,1800,1800,1800,1800,1850,1850,1850,1900,1900,1925,1900,1900,1900,1925,1987.5,1995,1995,1950,1950,1950,1952.5,1900,1950,1900,1950,1900,1875,1900,1900,1925,1950,1990,1962.5,1950,1950,1961.5,2000,2000,2000,2000,2100,2000,2000,1950,2000,2000,2000,2000,2000,2000,2000,2000
"Havre de Grace","MD","Baltimore-Columbia-Towson","Harford County",1525,,,,,,,,,,,,,,,,,,,,,,,,,,,,,,,,,,,,,,,,,,,,,,,,,,,,,,,,,,,,,,,,,,,,,,,,,,,,,,,,,,,,,,,1600,1600,1575,1575,1600,1462.5,1550,1500,1500,1387.5,1500,1500,1550,1562.5,1575,1500,1666,1575,1500,1600,1600,1650,1600
"Portland","TX","Corpus Christi","San Patricio County",1526,,,,,,,,,,,,,,,,,,,,,,,,,,,,,,,,,,,,,,,,,,,,,,,,,,,,,,,,,,,,,,,,,,,,,,,,,,,,,,,,,,,,,,,,,,,,,,,,1750,1687.5,1625,1585,1672.5,1650,1685,1562.5,1600,1575,1600,1600,1500,1550
"Belvedere Park","GA","Atlanta-Sandy Springs-Roswell","Dekalb County",1527,,,,,,,,,,,,,850,850,850,825,825,850,850,850,850,850,812.5,850,812.5,847.5,849.5,850,800,825,800,799.5,825,800,800,800,800,800,800,800,825,800,825,825,850,845,825,800,800,800,800,810,825,850,849.5,800,825,825,850,850,825,850,850,850,850,850,850,850,850,875,850,850,850,850,880,850,862.5,850,950,900,950,935,886,915,950,950,950,975,1029,1050,1050,1040,1049.5,1100,1050,1012.5,1050,1000,1079,1100,1100,1185,1150,1100,1114.5,1150,1214.5,1200,1245
"Jennings","MO","St. Louis","Saint Louis County",1528,,,,,,,,,,,,,,,,,,,,,,,,,,,,,,,,,,,,,,,,,,,,,,,,,,,,,,,,,,,,,,,,,,,,,,,,,,,,,,,,,,,,,785,725,725,750,750,750,750,750,785,750,750,750,750,737.5,750,750,750,750,750,750,800,775,775,750,795
"Middletown","RI","Providence-Warwick","Newport County",1529,,,,,,,,,,,,,,,,,,,,,,,,,,,,,,,,,,,,,,,,,,,,,,,,,,,,,,,,,,,,,,,,,,,,,,,,,,,,,,,,,,,,2100,2225,2275,2500,2400,2450,2500,2350,2300,2200,2200,2300,2300,2300,2250,2250,2500,2500,2500,2400,2300,2200,2000,2300,2250,2380
"Prosper","TX","Dallas-Fort Worth-Arlington","Collin County",1530,,,,,,,,,,,,,,,,,,,,,,,,,,,,,,,,,,,,,,,,,,,,,,,,,,,,,,,,,,,,,,,,,,,,,,,,,,,,,,,,,,,,,,2300,2300,2250,2325,2287.5,2295,2295,2375,2297.5,2400,2392.5,2395,2400,2395,2325,2295,2300,2400,2275,2450,2692.5,2450,2375,2272.5
"Waterford","CT","Norwich-New London","New London County",1531,,,,,,,,,,,,,,,,,,,,,,,,,,,,,,,,,,,,,,,,,,,,,,,,,,,,,,,,,,,,,,,,,,,,,,,,,,,,,,,,,,,,,,,,,,,1505,1550,1500,1400,1425,1400,1400,1400,1500,1400,1425,1500,1475,1500,1400,1500,1400,1500,1500
"Laguna Woods","CA","Los Angeles-Long Beach-Anaheim","Orange County",1532,,,,,,,,,,,,1500,1500,1500,1450,1450,1400,1400,1400,1400,1400,1400,1400,1462.5,1462.5,1450,1450,1450,1450,1475,1450,1500,1500,1500,1550,1600,1600,1500,1475,1500,1500,1500,1500,1500,1595,1550,1500,1550,1550,1550,1550,1600,1650,1600,1600,1600,1590,1600,1600,1625,1637.5,1700,1750,1700,1700,1700,1800,1800,1800,1770,1750,1800,1700,1750,1750,1800,1750,1790,1770,1750,1750,1800,1850,1895,1822.5,1900,1972.5,2000,1950,1925,1897.5,1900,1897.5,1850,1900,1950,1900,1972.5,1900,1995,1975,1992.5,2000,1950,2000,2000,2000,1900,1950
"Country Club Hills","IL","Chicago-Naperville-Elgin","Cook County",1533,,,,,,,,,,,,,,,,,,,,,,,,,,,,,,,,,,,,,,,,,,,,,,,,,,,,,,,,,,,,,,,,,,,,,,,,,,,,,,,,,,,,,1700,1762.5,1800,1862.5,1900,1869.5,1800,1837.5,1762.5,1762.5,1800,1899,1825,1815,1850,1890,1845,1865,1847.5,1822.5,1800,1800,1725,1725,1850
"Cordova","TN","Memphis","Shelby County",1534,,,,,,,,,,,,,,,,,,,,,,,,,,,,,,,,,,,,,,,,,,,,,,1250,1295,1325,1295,1295,1295,1295,1325,1300,1295,1285,1295,1295,1295,1295,1295,1300,1325,1345,1335,1345,1350,1350,1325,1312.5,1350,1345,1425,1375,1350,1395,1350,1350,1435,1397,1395,1425,1490,1395,1429,1425,1399.5,1450,1460,1395,1435,1440,1440,1425,1440,1395,1395,1405,1435,1495,1495,1540,1525,1550,1495,1450,1460,1450,1445
"Crystal River","FL","Homosassa Springs","Citrus County",1535,,,,,,,,,,,,,,,,,,,,,,,,,,,,,,,,,,,,,,,,,,,,,,,,,,,,,,,,,,,,,,,,,,,,,,,,,,,,,,,,,,,,,,,,,,,,1475,1500,1565,1437.5,1570,1450,1550,1500,1550,1500,1500,1500,1550,1475,1500,1525,1500,1500
"Satellite Beach","FL","Palm Bay-Melbourne-Titusville","Brevard County",1536,,,,,,,,,,,,,,,,,,,,,,,,,,,,,,,,,,,,,,,,,,,,,,,,,,,,,,,,,,,,,,,,,,,,,,,,,,,,,,,,,,,,,1900,1800,1847.5,1900,1925,1900,1825,1895,1875,1800,1800,1900,2000,2047,2000,2200,2000,1950,2000,2097.5,1900,1875,2100,2200,1950
"Thompsons Station","TN","Nashville-Davidson--Murfreesboro--Franklin","Williamson County",1537,,,,,,,,,,,,,,,,,,,,,,,,,,,,,,,,,,,,,,,,,,,,,,,,,,,,,,,,,,,,,,,,,,,,,,,,,,,,,,,,,,,,,1649.5,1724,1797.5,1710,1825,1850,1750,1770,1720,1695,1697.5,1672.5,1650,1697.5,1750,1800,1795,1790,1790,1800,1850,1885,1750,1700,1750
"Pooler","GA","Savannah","Chatham County",1538,,,,,,,,,,,,,,,,,,,,,,,,,1325,1300,1300,1285,1325,1300,1300,1350,1297.5,1350,1350,1300,1300,1250,1250,1275,1300,1300,1300,1225,1300,1350,1400,1300,1300,1362.5,1350,1350,1300,1300,1350,1400,1375,1400,1350,1362.5,1400,1400,1400,1412.5,1400,1400,1400,1400,1395,1400,1395,1395,1437.5,1450,1400,1375,1395,1395,1395,1400,1372.5,1400,1300,1375,1395,1395,1400,1450,1495,1450,1450,1450,1450,1425,1425,1425,1450,1450,1495,1462.5,1500,1450,1450,1400,1400,1400,1445,1475,1475
"Saint Simons Island","GA","Brunswick","Glynn County",1539,,,,,,,,,,,,,,,,,,,,,,,,,,,,,,,,,,,,,,,,,,,,,,,,,,,,,,,,,,,,,,,,,,,,,,,,,,,,,,,,,,,,,,,,,,,,,,,,,2200,2200,2200,2400,2700,2675,2700,2700,2500,2437,2200,2500,2600
"Union City","GA","Atlanta-Sandy Springs-Roswell","Fulton County",1540,,,,,,,,,,,,,,,,,,950,950,985,1000,950,937.5,950,925,937.5,975,950,900,925,950,957,937.5,925,925,930,915,915,925,900,900,900,900,900,900,950,950,950,925,925,925,925,950,950,950,950,900,995,995,950,975,950,950,950,972.5,999,950,950,950,998.5,998,975,1000,1020,1000,962.5,1050,997,1000,985,997,950,950,950,1095,1112.5,1050,1100,1100,1000,1095,1125,1100,1100,1085,1110,1100,1105,1181,1145,1150,1150,1185,1145,1148,1125,1125,1195,1135
"North Liberty","IA","Iowa City","Johnson County",1541,,,,,,,,,,,,,,,,,,,,,,,,,,,,,,,,,,,,,,,,,,,,,,,,,,,,,,,,,,,,,,,,,,,,,,,,,,,,,,,,,,,,,1250,1115,1175,1155,1190,1115,1250,1275,1195,1197.5,1172.5,1195,1115,1125,1155,1200,1150,1155,1195,1295,1237.5,1125,1125,1200,1200
"Pecan Grove","TX","Houston-The Woodlands-Sugar Land","Fort Bend County",1542,,,,,,,,,,,,,,,,,,,,,,,,,,,,,,,,,,,,,,,,,,,,,,,,,,,,,,,,,,,,,,,,,,,,,,,,,,,,,,,,,,,,,,1525,1600,1612.5,1600,1600,1672.5,1650,1650,1625,1685,1700,1700,1600,1625,1625,1725,1750,1710,1712.5,1700,1700,1695,1662.5,1650
"Berkley","MI","Detroit-Warren-Dearborn","Oakland County",1543,,,,,,,,,,,,,,,,,,,,,,,,,,,,,,,,,,,,,,,,,,,,,,,,,,,,,,,,,,,,,,,,,,,,,,,,,,,,,,,,,,,,,,,,,,,,1400,1350,1400,1372.5,1400,1375,1350,1375,1400,1400,1400,1400,1380,1380,1400,1400,1400,1462.5
"Clayton","MO","St. Louis","Saint Louis County",1544,,,,,,,,,,,,,,,,,,,,,,,,,,,,,,,,,,,,,,,,,,,,,,,,,,,,,,,,,,,,,,,,,,,,,,,,,,,,,,,,,,,,,,,,,,,2197.5,1847.5,1575,1547.5,1547.5,1600,1550,1550,1600,1640,1650,1722.5,1900,1900,2000,2000,1800,1795,1649.5
"Anna","TX","Dallas-Fort Worth-Arlington","Collin County",1545,,,,,,,,,,,,,,,,,,,,,,,,,,,,,,,,,,,,,1250,1250,1295,1300,1271.5,1300,1300,1300,1295,1250,1250,1250,1200,1295,1295,1295,1300,1350,1325,1300,1300,1300,1295,1297.5,1337.5,1337.5,1350,1350,1350,1368,1400,1395,1350,1350,1350,1395,1450,1399,1397.5,1425,1412.5,1469.5,1495,1450,1500,1400,1462.5,1398,1400,1450,1467.5,1450,1499,1500,1500,1498,1500,1495,1497.5,1500,1500,1495,1495,1510,1500,1499.5,1550,1500,1500,1500,1500,1497,1520
"Oak Park","CA","Oxnard-Thousand Oaks-Ventura","Ventura County",1546,,,,,,,,,,,,,,,,,,,,,,,,,,,,,,,,,,,,,,,,,,,,,,,,,,,,,,,,,,,,,,,,,,,,,,,,,,,,,,,,,,,,,,,3200,3200,3200,3000,3000,3200,3100,3200,3350,3200,3200,3200,3149,3200,3500,3400,3400,3200,3225,3400,3450,3400,3450
"Carmel-by-the-Sea","CA","Salinas","Monterey County",1547,,,,,,,,,,,,,,,,,,,,,,,,,,,,,,,,,,,,,,,,,,,,,,,,,,,,,,,,,,,,,,,,,,,,,,,,,,,,,,,,,,,,,,,,,,,,,,,,,,4650,5000,5000,5000,4500,4500,5000,4450,4750,4500,4375,4750
"Destin","FL","Crestview-Fort Walton Beach-Destin","Okaloosa County",1548,,,,,,,,,,,,,,,,,,,,,,,,,,,,,,,,,,,,,,,,,,,,,,,,,,,,,,,,,,,,,,,,,,,,,,,,,,,,,,,,,,,1650,1600,1595,1662.5,1700,1925,1997.5,1997.5,1900,1850,1950,1895,1800,1650,1772.5,1750,1637.5,1795,1900,1900,1825,1850,1800,1900,1850,1850,2000
"Hubert","NC","Jacksonville","Onslow County",1549,,,,,,,,,,,,,,1062.5,1050,1020,995,1025,1025,1075,1025,1000,1025,995,1000,1025,1000,1000,1000,995,995,975,950,975,975,950,950,950,950,950,975,975,950,950,950,950,942.5,950,925,925,925,925,950,950,942.5,925,950,925,900,900,925,900,925,925,930,925,905,906.5,900,900,900,925,925,900,912.5,925,925,950,950,927,950,950,900,899,900,899.5,895,900,950,925,932.5,900,900,907.5,900,904.5,900,900,895,912.5,950,950,975,950,900,950,947,975,975
"Aldie","VA","Washington-Arlington-Alexandria","Loudoun County",1550,,,,,,,,,,,,,,,,,,,,,,,,,,,,,,,,,,,,,,,,,,,,,,,,,,,,,,,,,,,,,,,,,,,,,,,,,,,,,,,,,,,,,,2200,2250,2250,2300,2350,2300,2250,2250,2225,2262.5,2250,2250,2250,2297.5,2325,2325,2350,2325,2300,2300,2297.5,2250,2300,2270
"Braselton","GA","Jefferson","Jackson County",1551,,,,,,,,,,,,,,,,,,,,,,,,,,,,,,,,,,,,,,,,,,,,,,,,,,,,,,,,,,,,,,,,,,,,,,,,,,,,,,,,,,,,,1450,1462.5,1500,1550,1595,1595,1630,1680,1667.5,1685,1665,1535,1645,1690,1680,1650,1750,1744,1675,1732.5,1710,1727.5,1680,1670,1650
"Calera","AL","Birmingham-Hoover","Shelby County",1552,,,,,,,,,,,,,,,,,,,,,,,,,,,,,,,,,,,,,,,,,,,,,,,,,,,,,,,,,,,,,,,,,,,,,,,,,,,,,,,,,,,,,1295,1295,1295,1295,1247.5,1222.5,1205,1200,1195,1150,1195,1195,1195,1195,1195,1165,1200,1250,1250,1240,1250,1235,1245,1250,1235
"Hazel Crest","IL","Chicago-Naperville-Elgin","Cook County",1553,,,,,,,,,,,,,,,,,,,,,,,,,,,,,,,,,,,,,,,,,,,,,,,,,,,,,,,,,,,,,,,,,,,,,,,,,,,,,,,,,,,,,,,,,,1699.5,1699,1710,1725,1689,1690,1650,1650,1600,1669,1688,1699,1666,1658,1650,1694,1691.5,1650,1632.5,1600
"East Hampton","NY","New York-Newark-Jersey City","Suffolk County",1554,,,,,,,,,,,,,,,,,,,,,,,,,,,,,,,,,,,,,,,,,,,,,,,,,,,,,,,,,,,,,,,,,,,26000,29500,30000,30000,32000,35000,35000,35000,35000,35000,35000,35000,32000,35000,35000,38000,39000,45000,40000,40000,40000,35000,35000,35000,35000,35000,35000,35000,35000,35000,32000,32000,30000,30000,28000,27000,26000,25000,25000,27000,27000,27000,26000
"Weehawken","NJ","New York-Newark-Jersey City","Hudson County",1555,,,,,,,,,,,,,,,,,,,,,,,,,,,,,,,,,,,,,,,,,,,,,,,,,,,,,,,,,,,,,,,,,,,,,,,,,,,,,,,,,,,,,,3350,3400,3440.5,3100,2800,2900,2800,2700,2500,2850,3200,3437.5,3100,3200,3450,3450,3500,3484.5,3225,2900,3200,3150,3300,3400
"Coto de Caza","CA","Los Angeles-Long Beach-Anaheim","Orange County",1556,,,,,,,,,,,,,,,,,,,,,,,,,,,,,,,,,,,,,,,,,,,,,,,,,,,,,,,,,,,,,,,,,,,,,,,,,,,,,,,,,,,,,,,,,,,,,4200,4400,4000,3900,3897.5,3900,3875,3980,4000,4000,4000,3940,4000,3990,3850,3800,3980
"Rex","GA","Atlanta-Sandy Springs-Roswell","Clayton County",1557,,,,,,,,,,,,,,,,,,,,,,,,,,,,,,,,,,,,,,,,,,,,,,,,,,,,,,,,,,,,,,,,,,,,,,,,,,,,,,,,,,,,950,1000,995,995,995,1045.5,995,1025,1012.5,1012.5,1024,1045,1005,1000,999,1015,1000,1050,1050,1095,1200,1145,1117.5,1150,1146,1100
"Harper Woods","MI","Detroit-Warren-Dearborn","Wayne County",1558,,,,,,,,,,,,,,,,,,,,,,850,825,850,867.5,850,900,925,900,850,850,875,850,850,850,850,825,800,850,850,850,850,825,862.5,850,850,850,850,850,850,850,850,850,850,850,850,850,850,850,850,850,850,850,850,850,875,875,865,875,895,897.5,900,850,862.5,850,875,850,900,937.5,900,900,850,895,875,897.5,875,900,900,875,900,900,895,885,850,875,900,950,975,900,900,962.5,1000,1050,975,925,950,950,950,900
"Westlake Village","CA","Oxnard-Thousand Oaks-Ventura","Ventura County",1559,,,,,,,,,,,,,,,,,,,,,,,,,,,,,,,,,,,,,,,,,,,,,,,,,,,,,,,,,,,,,,,,,,,,,,,,,,,,,,,,,,,3360,3500,3000,3410,3647.5,3350,3700,4000,4000,3972.5,3500,3725,3750,3800,3797.5,3500,3500,3895,4150,3900,3700,4000,4050,4000,4200,4700,4500
"Apollo Beach","FL","Tampa-St. Petersburg-Clearwater","Hillsborough County",1560,,,,,,,,,,,,,1425,1325,1395,1385,1425,1350,1350,1400,1350,1397.5,1300,1295,1322.5,1250,1287.5,1350,1400,1500,1600,1400,1350,1350,1350,1300,1350,1500,1462.5,1550,1450,1400,1400,1400,1537.5,1475,1450,1400,1400,1400,1400,1400,1450,1450,1600,1585,1537.5,1497.5,1500,1472.5,1495,1562.5,1575,1600,1550,1595,1597.5,1595,1500,1500,1470,1497.5,1600,1650,1700,1595,1600,1495,1550,1600,1600,1600,1675,1647,1600,1600,1600,1650,1682.5,1625,1600,1600,1595,1660,1800,1650,1710,1687.5,1687.5,1799.5,1875,1800,1797,1800,1750,1685,1700,1650,1705
"Princeton","TX","Dallas-Fort Worth-Arlington","Collin County",1561,,,,,,,,,,,,,,,,,,,,,,,,,,,,,,,,,,,,,,,,,,,,,,,,,,,,,,,,,,,,,,,,,,,,,,,,,,,,,,,,,,,,,1550,1595,1550,1550,1595,1595,1595,1595,1525,1499,1492.5,1480,1495,1500,1500,1550,1562.5,1562.5,1550,1550,1525,1550,1550,1580,1595
"North Palm Beach","FL","Miami-Fort Lauderdale-West Palm Beach","Palm Beach County",1562,,,,,,,,,,,,,,,,,,,,,,,,,,,,,,,,,,,,,,,,,,,,,,,,,,,,,,,,,,,,,,,,,,,,,,,,,,,,,,,,,,,,,,,,,,,,2300,2200,1900,2100,2200,1950,1950,1700,1750,1750,1775,1750,1800,1822.5,1850,1900,1800,1700
"University Heights","OH","Cleveland-Elyria","Cuyahoga County",1563,,,,,,,,,,,,,,,,,,,,,,,,,,,,,,,,,,,,,,,,,,,,,,,,,,,,,,,,,,,,,,,,,,,,,,,,,,,,,,,,,,,,,,,,1425,1400,1500,1500,1499.5,1400,1400,1400,1367.5,1400,1450,1485,1500,1495,1450,1500,1497.5,1425,1400,1400,1380,1475
"San Marino","CA","Los Angeles-Long Beach-Anaheim","Los Angeles County",1564,,,,,,,,,,,,,,,,,,,,,,,,,,,,,,,,,,,,,,,,,,,,,,,,,,,,,,,,,,,,,,,,,,,,,,,,,,,,,,,,,,,,,,4950,5200,5150,4925,4925,5050,5000,4900,5300,5000,4925,5050,4900,4900,4900,4600,4500,4650,4650,4947.5,5000,5000,5000,4950
"Marco Island","FL","Naples-Immokalee-Marco Island","Collier County",1565,,,,,,,,,,,,,,,,,,,,,,,,,,,,,,,,,,,,,,,,,,,,,,,,,,,,,,,,,,,,,,,,,,,,,,,,,,,,,,,,,,,,,,,,,,,,,,,,,4500,4495,4250,4000,3999.5,3800,3800,3800,4000,4000,4000,4000,4000
"Cahokia","IL","St. Louis","Saint Clair County",1566,,,,,,,,,,,,,,,,,,,,,,,,,,,,,,,,,,,,,,,,,,,,,,,,,,,,,,,,,,,,,,,,,,,,,,,,,,,,,,,,,,,,,700,700,700,700,700,700,700,700,700,700,700,700,700,700,700,700,712.5,725,700,700,745,750,750,750,750
"Crowley","TX","Dallas-Fort Worth-Arlington","Tarrant County",1567,,,,,,,,,,,,,,,,,,,,,,,,,,,,,,,,,,,,,,,,,,,,,,,,,,,,,,,,,,,,,,,,,,,,,,,,,,,,,,,,,,,,1395,1395,1445,1395,1445,1450,1450,1475,1495,1495,1495,1495,1487.5,1495,1495,1495,1545,1500,1495,1550,1505,1475,1450,1485,1495,1495
"Knik-Fairview","AK","Anchorage","Matanuska Susitna Borough",1568,,,,,,,,,,,,,,,,,,,,,,,,,,,,,,,,,,,,,,,,,,,,,,,,,,,,,,,,,,,,,,,,,,,,,,,,,,,,,,,,,,,,,1400,1400,1400,1400,1395,1400,1400,1390,1350,1395,1400,1472.5,1400,1372.5,1400,1400,1380,1350,1350,1375,1400,1400,1400,1400,1400
"Timberwood Park","TX","San Antonio-New Braunfels","Bexar County",1569,,,,,,,,,,,,,,,,,,,,,,,,,,,,,,,,,,,,,,,,,,,,,,,,,,,,,,,,,,,,,,,,,,,,,,,,,,,,,,,,,,,,,1700,1697.5,1837.5,1795,1750,1922.5,1995,1795,1750,1850,1795,1799,1750,1850,1850,1872.5,1850,1800,1875,1900,1895,1825,1895,1825,1795
"Hueytown","AL","Birmingham-Hoover","Jefferson County",1570,,,,,,,,,,,,,,,,,,,,,,,,,,,,,,,,,,,,,,,,,,,,,,,,,,,,,,,,,,,,,,,,,,,,,,,,,,,,,,,,,,,,,,,,,,,900,900,899.5,900,900,900,905,895,900,950,950,945,925,925,925,949.5,950,950,900
"Key Biscayne","FL","Miami-Fort Lauderdale-West Palm Beach","Miami-Dade County",1571,,,,,,,,4200,3800,3500,3400,3500,3500,3500,3500,3500,3700,3950,3800,3600,3725,3800,3800,3775,3650,3750,3800,3800,4000,4500,4500,4500,4500,4200,4350,4200,4200,4500,4500,4500,4500,4500,4500,4600,4600,4600,4600,4300,4400,4500,4500,4500,4500,4500,4500,4500,4500,5000,5000,5100,5500,5550,5962.5,6000,5950,6000,5500,5500,5500,5500,5500,5500,5500,5200,5200,5000,5000,5200,5000,5000,5000,5000,4600,4400,4850,5000,4500,4450,4500,4500,4500,4500,4500,4900,4800,4950,4925,5000,4800,5000,4900,4825,4799,4774.5,4774.5,4600,4775,4800,4700
"Glenpool","OK","Tulsa","Tulsa County",1572,,,,,,,,,,,,,,,,,,,,,,,,,,,,,,,,,,,,,,,,,,,,,,,,,,,,,,,,,,,,,,,,,,,,,,,,,,,,,,,,,,,,,,,,,,,,,,,,,,1075,1070,1082.5,1100,1100,1120,1105,1100,1095,1075,1090,1090
"Southern Pines","NC","Pinehurst-Southern Pines","Moore County",1573,,,,,,,,,,,,,,,,,,,,,,,,,,,,,,,,,,,,,,,,,,,,,,,,,,,,,,,,,,,,,,,,,,,,,,,,,,,,,,,,,,,,,,,1450,1400,1400,1497.5,1500,1497.5,1450,1450,1495,1512.5,1537.5,1575,1600,1800,1800,1600,1500,1600,1500,1400,1400,1550,1500
"South Miami","FL","Miami-Fort Lauderdale-West Palm Beach","Miami-Dade County",1574,,,,,,,,,,,,,,,,,,,,,,,,,,,,,,,,,,,,,,,,,,,,,,,,,,,,,,,,,,,,,,,,,,,,,,,,,,,,,,,2137.5,2200,2200,2017.5,2100,2000,2250,2167.5,2275,2400,2200,2135,2190,2550,2500,2300,2135,2135,2135,2200,2075,2100,2250,2317.5,2375,2200,2395,2225,2400,2395,2400
"Wilton Manors","FL","Miami-Fort Lauderdale-West Palm Beach","Broward County",1575,,,,,,,,,,,,,,,,,,,,,,,,,,,,,,,,,,,,,,,,,,,,,,,,,,,,,,,,,,,,,,,,,,,,,,,,,,,,,,,2000,1650,1650,1650,1650,1650,1525,1650,1700,1700,2000,2049.5,2000,1837.5,1775,1800,2000,2000,2100,2200,2200,2175,2000,2150,2000,1795,1800,1950,1695,1700,2000
"Bellefontaine Neighbors","MO","St. Louis","Saint Louis County",1576,,,,,,,,,,,,,,,,,,,,,,,,,,,,,,,,,,,,,,,,,,,,,,,,,,,,,,,,,,,,,,,,,,,,,,,,,,,,,,,,,,,,,,,,,,,,850,850,825,825,837.5,850,850,850,850,850,850,850,882.5,900,850,865,875,875
"Ponte Vedra","FL","Jacksonville","Saint Johns County",1577,,,,,,,,,,,,,,,,,,,,,,,,,,,,,,,,,,,,,,,,,,,,,,,,,,,,,,,,,,,,,,,,,,,,,,,,,,,,,,,,,,,,,2125,2089,2122.5,2100,2215,2300,2250,2172.5,2147.5,2247.5,2172.5,2172.5,2095,2300,2300,2400,2350,2325,2247.5,2100,2000,2200,2250,2250,2200
"Guttenberg","NJ","New York-Newark-Jersey City","Hudson County",1578,,,,,,,,,,,,,,,,,,,,,,,,,,,,,,,,,,,,,,,,,,,,,,,,,,,,,,,,,,,,,,,,,,,,,,,,,,,,,,,,,,,,,2150,2150,1875,1850,1850,1850,1997.5,1950,1900,2000,2150,2150,2150,2172.5,2172.5,2200,2195,2150,2125,1900,1900,1900,2150,2050,2075
"Cocoa Beach","FL","Palm Bay-Melbourne-Titusville","Brevard County",1579,,,,,,,,,,,,,,,,,,,,,,,,,,,,,,,,1300,1350,1400,1500,1500,1500,1500,1475,1350,1300,1400,1400,1400,1500,1500,1500,1500,1400,1400,1450,1400,1400,1400,1500,1400,1500,1600,1600,1800,1800,1800,1800,1900,1800,1800,1850,1800,1800,1800,1800,1850,1900,1950,1700,1725,1600,1400,1500,1625,1400,1600,1797.5,1747.5,1675,1750,1700,1750,1800,1800,1800,1800,1950,1800,1800,1900,1900,1900,1850,1800,1800,1800,1800,1800,1800,1800,1900,1900,2000
"Edgewater","NJ","New York-Newark-Jersey City","Bergen County",1580,,,,,,,,,,,,,,,,,,,,,,,,,,,,,,,,,,,,,,,,,,,,,,,,,,,,,,,,,,,,,,,,,,,,,,,,,,,,,,,,,,,,,,2625,2450,2500,2650,2800,2800,2725,2700,2575,2650,2600,2500,2525,2400,2400,2300,2500,2600,2650,2700,2800,2800,2725,2800
"Solana Beach","CA","San Diego-Carlsbad","San Diego County",1581,,,,,,,,,,,,,,,,,,,,,,,,,,,,,,,,,,,,,,,,,,,,,,,,,,,,,,,,,,,,,,,,,,,,,,,,,,,,,,,,,,,3600,3725,3500,3800,3600,3600,3975,4000,3900,3795,3900,3800,3800,3800,3800,3772.5,3800,4000,3800,3900,3550,4150,3900,3800,3800,3750,3800
"Pinehurst","NC","Pinehurst-Southern Pines","Moore County",1582,,,,,,,,,,,,,,,,,,,,,,,,,,,,,,,,,,,,,,,,,,,,,,,,,,,,,,,,,,,,,,,,,,,,,,,,,,,,,,,,,,,,,1400,1300,1350,1500,1500,1500,1500,1450,1437.5,1412.5,1400,1400,1450,1500,1500,1500,1575,1600,1575,1500,1500,1400,1500,1500,1500
"Lighthouse Point","FL","Miami-Fort Lauderdale-West Palm Beach","Broward County",1583,,,,,,,,,,,,,,,,,,,,,,,,,,,,,,,,,,,,,,,,,,,,2200,2100,2150,2150,2100,2150,2250,2150,2150,2150,2100,2100,2100,2250,2100,2150,2275,2330,2310,2125,1997.5,2330,2150,2262.5,2150,2230,2150,2250,2150,2250,2150,2125,2125,2000,2100,2000,1950,2050,2100,2100,2400,2300,2300,2300,2300,2399,2397,2300,2300,2400,2400,2400,2325,2150,2395,2372.5,2465,2550,2600,2622.5,2500,2500,2400,2500,2495,2400
"Santa Rosa Beach","FL","Crestview-Fort Walton Beach-Destin","Walton County",1584,,,,,,,,,,,,,,,,,,,,,,,,,,,,,,,,,,,,,,,,,,,,,,,,,,,,,,,,,,,,,,,,,,,,,,,,,,,,,,,,,,,,1995,1797.5,1850,1850,1887.5,2000,2200,2225,2200,2172.5,2000,2000,2000,2000,2000,1750,2000,2000,2195,2250,2324,2175,2175,2137.5,2300,2295
"Country Walk","FL","Miami-Fort Lauderdale-West Palm Beach","Miami-Dade County",1585,,,,,,,,,,,,,,,,,,,,,,,,,,,,,,,,,,,,,,,,,,,,,,,,,,,,,,,,,,,,,,,,,,,,,,,,,,,,,,,,,,,,,2124.5,2137.5,2150,2200,2270,2334.5,2349.5,2299,2300,2380,2320,2320,2425,2480,2200,2250,2200,2200,2200,2200,2200,2205,2300,2300,2282.5
"Waynesville","MO","Fort Leonard Wood","Pulaski County",1586,,,,,,,,,,,,,,,,,,,,,,,,,,,,,,,,,,,,,,1200,1200,1150,1125,1100,1100,1100,1100,1100,1100,1062.5,1075,1100,1095,1075,1050,1100,1100,1075,1050,1000,1000,1000,975,1000,1000,1050,1100,1100,1100,1000,1000,1000,1000,1000,1000,1000,1000,1050,1100,1050,1000,925,1000,990,950,1000,1000,962.5,975,1000,1000,1000,1000,900,900,925,975,950,900,900,900,1000,1000,1000,950,950,1000,950,1000,995,950
"Newport Coast","CA","Los Angeles-Long Beach-Anaheim","Orange County",1587,,,,,,,,,,,,,,,,,,,,,,,,,,,,,,,,,,,,,,,,,,,,,,,,,,,,,,,,,,,,,,,,,,,,,,,,,,,,,,,,,,,,,,,,,,,,,,,,,,7900,8700,8275,7350,6990,7675,8500,8925,7900,7900,8650,8700
"Conshohocken","PA","Philadelphia-Camden-Wilmington","Montgomery County",1588,,,,,,,,,,,,,,,,,,,,,,,,,,,,,,,,,,,,,,,,,,,,,,,,,,,,,,,,,,,,,,,,,,,,,,,,,,,,,,,,,,,,,1800,1800,1837.5,1800,1925,1950,1950,1900,1850,1800,1897.5,1800,1800,1800,1800,1900,1900,2000,1900,1937.5,1950,1962.5,1950,1762.5,1850
"Saint Robert","MO","Fort Leonard Wood","Pulaski County",1589,,,,,,,,,,,,,,,,,,,,,,,,,,,,,,,,,,,,,,1025,950,992.5,975,995,975,950,900,900,900,950,925,975,975,975,950,945,950,945,945,950,950,950,950,900,950,950,950,950,997.5,935,900,900,900,897.5,895,900,900,925,950,925,917.5,900,900,930,900,900,925,895,900,900,932.5,975,962.5,962.5,925,935,942.5,925,900,942.5,950,937.5,900,950,950,950,962.5,950,975,925,925
"Lantana","FL","Miami-Fort Lauderdale-West Palm Beach","Palm Beach County",1590,,,,,,,,,,,,,,,,,,,,,,,,,,,,,,,,,,,,,,,,,,,,,,,,,,,,,,,,,,,,,,,,,,,,,,,,,,,,,,,,,,,,,1700,1750,1850,1800,1800,1825,1800,1837.5,1800,1800,1710,1675,1650,1595,1475,1662.5,1682,1550,1572.5,1625,1637.5,1650,1750,1785,1744
"Sienna Plantation","TX","Houston-The Woodlands-Sugar Land","Fort Bend County",1591,,,,,,,,,,,,,,,,,,,,,,,,,,,,,,,,,,,,,,,,,,,,,,,,,,,,,,,,,,,,,,,,,,,,,,,,,,,,,,,,,,,,,,2200,2200,2380,2400,2200,2200,2250,2295,2200,2275,2225,2300,2350,2355,2400,2100,2100,2195,1997.5,2022.5,2022.5,1925,2150,1999
"Celina","TX","Dallas-Fort Worth-Arlington","Collin County",1592,,,,,,,,,,,,,,,,,,,,,,,,,,,,,,,,,,,,,,,,,,,,,,,,,,,,,,,,,,,,,,,,,,,,,,,,,,,,,,,,,,,,,,,,,1722.5,1695,1740,1790,1795,1825,1650,1650,1750,1645,1650,1790,1850,1750,1792.5,1897.5,1795,1750,1850,1800,1900
"Hampton Bays","NY","New York-Newark-Jersey City","Suffolk County",1593,,,,,,,,,,,,,,,,,,,,,,,,,,,,,,,,,,,,,,,,,,,,,,,,,,,,,,,,,,,,,,,,,,,,,,,,,,,,,,,,,,,,,,,,,,,,,,,,16500,15450,16000,17250,18250,18000,16000,16000,17000,16000,16000,17000,16500,16000
"Emeryville","CA","San Francisco-Oakland-Hayward","Alameda County",1594,,,,,,,,,,,,,,,,,,,,,,,,,,,,,,,,,,,,,,,,,,,,,,,,,,,,,,,,,,,,,,,,,,,,,,,,,,,,,,,,,,,,,2487.5,2500,2500,2575,2747.5,3022.5,2900,2747.5,2825,2735,2795,3100,2900,2895,2772.5,2747.5,2500,2500,2925,2950,2900,2800,2995,2875,2795
"Discovery Bay","CA","San Francisco-Oakland-Hayward","Contra Costa County",1595,,,,,,,,,,,,,,,,,,,,,,,,,,,,,,,,,,,,,,,,,,,,,,,,,,,,,,,,,,,,,,,,,,,,,,,,,,,,,,2275,2500,2347.5,2495,2350,2195,2197.5,2497.5,2325,2450,2300,2412.5,2500,2650,2600,2600,2595,2575,2547.5,2600,2600,2575,2550,2500,2625,2650,2695,2625,2500,2500,2500,2600
"Lakeway","TX","Austin-Round Rock","Travis County",1596,,,,,,,,,,,,,,,,,,,,,,,,,,,,,,,,,,,,,,,,,,,,,,,,,,,,,,,,,,,,,,,,,,,,,,,,,,,,,,,,,,,,2250,2350,2300,2300,2300,2300,2350,2500,2575,2500,2400,2500,2450,2450,2450,2350,2472.5,2450,2350,2395,2425,2495,2400,2425,2450,2425
"Old Saybrook","CT","Hartford-West Hartford-East Hartford","Middlesex County",1597,,,,,,,,,,,,,,,,,,,,,,,,,,,,,,,,,,,,,,,,,,,,,,,,,,,,,,,,,,,,,,,,,,,,,,,,,,,,,,,,,,,,,,,,,1800,1970,1900,1700,1800,1800,1825,1800,1850,1850,1800,1900,1887.5,1995,1800,1700,1662.5,1700,1700,1600,1750
"Huntington","VA","Washington-Arlington-Alexandria","Fairfax County",1598,,,,,,,,,,,,,,,,,,,,,,,,,,,,,,,,,,,,,,,,,,,,,,,,,,,,,,,,,,,,,,,,,,,,,,,,,,,,,,,,,,,,,,,,1695,1675,1685,1750,1750,1900,1900,1750,1650,1650,1697.5,1695,1690,1750,1772.5,1795,1795,1762.5,1790,1700,1825,1750
"Saint Pete Beach","FL","Tampa-St. Petersburg-Clearwater","Pinellas County",1599,,,,,,,,,,,,,,,,,,,,,,,,,,,,,,,,,,,,,,,,,,,,,,,,,,,,,,,,,,,,,,,,,,,,,,,,,,,,,,,,,,,,,,,,,,,,3200,3300,3000,2900,2950,2914,2875,2800,3000,2800,2800,2900,3000,3000,3000,3200,3725,3500
"Grain Valley","MO","Kansas City","Jackson County",1600,,,,,,,,,,,,,,,,,,,,,,,,,,,,,,,,,,,,,,,,,,,,,,,,,,,,,,,,,,,,,,,,,,,,,,,,,,,,,,,,,,,,,,,,,,,,,,1495,1445,1375,1362.5,1350,1295,1295,1120,1107.5,1125,1125,1125,1125,1187.5,1250,1125
"Atlantic Beach","FL","Jacksonville","Duval County",1601,,,,,,,,,,,,,,,,,,,,,,,,,,,,,,,,,,,,,,,,,,,,,,,,,,,,,,,,,,,,,,,,,,,,,,,,,,,,,,,,,,,,,,,,,,1900,1825,1895,1787.5,1800,1750,1997.5,1997,1999,1800,1750,1950,1950,1925,1850,1962.5,1800,1897.5,1750,1947.5
"Centerton","AR","Fayetteville-Springdale-Rogers","Benton County",1602,,,,,,,,,,,,,,,,,,,,,,,,,,,,,,,,,,,,,,,,,,,,,,,,,,,,,,,,,,,,,,,,,,,,,,,,,,,,,,,,,,,,,1100,1100,1224.5,1200,1225,1200,1250,1112.5,1100,1100,1200,1195,1150,1200,1200,1300,1250,1200,1200,1200,1150,1125,1150,1200,1195
"Naranja","FL","Miami-Fort Lauderdale-West Palm Beach","Miami-Dade County",1603,,,,,,,,,,,,,,,,,,,,,,,,,,,,,,,,,,,,,,,,,,,,,,,,,,,,,,,,,,,,,,,,,,,,,,,,,,,,,,,,,,,,,1500,1500,1500,1600,1550,1400,1500,1500,1540,1550,1500,1475,1500,1500,1500,1574.5,1500,1500,1580,1600,1600,1600,1550,1505,1500
"Southampton","NY","New York-Newark-Jersey City","Suffolk County",1604,,,,,,,,,,,,,,,,,,,,,,,,,,,,,,,,,,,,,,,,,,,,,,,,,,,,,,,,,,,,,,,,,,,,,,,,,,,,,,,,,,35000,40000,42000,45000,45000,48000,45000,45000,41500,40000,40000,36000,40000,35000,35000,35000,35000,33000,32000,30000,30000,30000,30000,30000,30000,34000,35000,32000
"Cape Canaveral","FL","Palm Bay-Melbourne-Titusville","Brevard County",1605,,,,,,,,,,,,,,,,,,,,,,,,,,,,,,,,,,,,,,,,,,,,,,,,,,,,,,,,,,,,,,,,,,,,,,,,,,,,,,,,,,,,,,1450,1495,1500,1600,1600,1625,1650,1700,1637.5,1625,1725,1700,1600,1725,1700,1650,1650,1600,1600,1700,1800,1800,1700,1795
"Pebble Creek","FL","Tampa-St. Petersburg-Clearwater","Hillsborough County",1606,,,,,,,,,,,,,,,,,,,,,,,,,,,,,,,,,,,,,,,,,,,,,,,,,,,,,,,,,,,,,,,,,,,,,,,,,,,,,,,,,,,,,1895,1765,1800,1800,1800,1847.5,1950,1850,1795,1800,1782.5,1800,1800,1830,1795,1797,1820,1787.5,1775,1780,1770,1800,1800,1795,1800
"Doctor Phillips","FL","Orlando-Kissimmee-Sanford","Orange County",1607,,,,,,,,,,,,,,,,,,,,,,,,,,,,,,,,1825,2100,2050,1962.5,1695,1962.5,2047,1850,2000,2100,2150,1999.5,1897.5,1890,1950,1795,1795,1800,1850,1800,1800,1900,1800,1850,2000,2000,2100,2000,1985,1860,1950,2100,2100,1800,1874.5,1775,1950,1950,1975,2000,2000,2025,2100,2000,2075,1999.5,2100,2075,2100,2100,2250,2050,1795,1950,1995,1850,1975,1975,2100,1995,2087.5,2182,2175,2200,2100,2197.5,2087,1975,2097.5,2125,2100,2100,2100,2200,2225,2350,2200,2262.5
"Selma","TX","San Antonio-New Braunfels","Bexar County",1608,,,,,,,,,,,,,,,,,,,,,,,,,,,,,,,,,,,,,,,,,,,,,,,,,,,,,,,,,,,,,,,,,,,,,,,,,,,,,,,,,,,,,1154,1154,1154,1154,1250,1250,1174.5,1250,1220,1154,1152,1154,1262.5,1250,1250,1220,1250,1450,1282.5,1332.5,1350,1385,1375,1250,1307.5
"Portales","NM","Portales","Roosevelt County",1609,,,,,,,,,,,,,,,,,,,,,,,,,,,,,,,,,,,,,,,,,,,,,,,,,,,,,,,,,,,,,,,,,,,,,,,,,,,,,,,,,,,,,,,,,,,,,,,,,,795,850,750,750,700,750,725,800,737.5,750,700,750
"California","MD","California-Lexington Park","Saint Marys County",1610,,,,,,,,,,,,,,,,,,,,,,,,,,,,,,,,,,,,,,,,,,,,,,,,,,,,,,,,,,,,,,,,,,,,,,,,,,,,,,,,,,,,,1700,1612.5,1700,1750,1725,1700,1650,1600,1650,1650,1600,1500,1500,1525,1550,1525,1600,1750,1750,1750,1800,1750,1750,1750,1737.5
"Indian Wells","CA","Riverside-San Bernardino-Ontario","Riverside County",1611,,,,,,,,,,,,,,,,,,,,,,,,,,,,,,,,,,,,,,,,,,,,,,,,,,,,,,,,,,,,,,,,,,,,,,,,,,,,,,,,,,,,,,,,,,,,,,,,,5250,5500,5500,5000,4900,4700,5000,5000,5400,5000,5200,5150,5500
"Waxhaw","NC","Charlotte-Concord-Gastonia","Union County",1612,,,,,,,,,,,,,,,,,,,,,,,,,,,,,,,,,,,,,,,,,,,,,,,,,,,,,,,,,,,,,,,,,,,,,,,,,,,,,,,,,,,,,,2089.5,1999,1991.5,1995,1995,2095,2150,2150,1995,1947.5,1985,1999.5,2000,1967.5,1925,1925,2000,1898,1895,1965,1800,1995,2000,1980
"Dupont","WA","Seattle-Tacoma-Bellevue","Pierce County",1613,,,,,,,,,,,,,,,,,,,,,,,,,,,,,,,,,,,,,,,,,,,,,,,,,,,,,,,,,,,,,,,,,,,,,,,,,,,,,,,,,,,,1650,1750,1750,1750,1685,1750,1700,1700,1697.5,1750,1700,1775,1807.5,1750,1795,1847,1795,1800,1897.5,1950,1900,1825,1850,1822.5,1750,1850
"Bedminster","NJ","New York-Newark-Jersey City","Somerset County",1614,,,,,,,,,,,,,,,,,,,,,,,,,,,,,,,,,,,,,,,,,,,,,,,,,,,,,,,,,,,,,,,,,,,,,,,,,,,,,,,,,,,,,,2150,1975,2075,2100,2100,2075,1950,1950,2095,2000,1979,2000,2000,1975,2000,2100,2100,2100,2050,2100,2100,2000,2000,2000
"Mystic Islands","NJ","New York-Newark-Jersey City","Ocean County",1615,,,,,,,,,,,,,,,,,,,,,,,,,,,,,,,,,,,,,,,,,,,,,,,,,,,,,,,,,,,,,,,,,,,,,,,,,,,,,,,,,,,,,,,,,,,,,,,,1550,1500,1500,1500,1500,1500,1550,1595,1500,1537.5,1500,1500,1500,1550
"Mary Esther","FL","Crestview-Fort Walton Beach-Destin","Okaloosa County",1616,,,,,,,,,,,,,,,,,,,,,,,,,,,,,,,,,,,,,,,,,,,,,,,,,,,,,,,,,,,,,,,,,,,,,,,,,,,,,,,,,,,,,1200,1200,1200,1285,1400,1295,1295,1350,1350,1325,1300,1300,1225,1200,1300,1372.5,1425,1350,1400,1350,1325,1350,1295,1300,1300
"Brentwood","MO","St. Louis","Saint Louis County",1617,,,,,,,,,,,,,,,,,,,,,,,,,,,,,,,,,,,,,,,,,,,,,,,,,,,,,,,,,,,,,,,,,,,,,,,,,,,,,,,,,,,,,,,,,,,,,1325,1272.5,1250,1250,1295,1395,1395,1400,1450,1500,1400,1300,1295,1300,1300,1300,1337.5
"Oak Grove","KY","Clarksville","Christian County",1618,,,,,,,,,,,,,,,,,,,,,,,,,,,,,825,825,812.5,825,800,800,795,775,750,750,750,762.5,750,750,750,795,800,800,800,800,800,795,795,780,800,750,775,800,800,800,775,775,775,775,775,775,750,800,800,800,825,800,800,800,800,800,800,800,800,795,795,812.5,775,800,800,800,800,795,797.5,775,775,775,750,800,800,800,800,800,800,800,850,850,850,825,850,850,850,850,850,850,845
"Brigantine","NJ","Atlantic City-Hammonton","Atlantic County",1619,,,,,,,,,,,,,,,,,,,,,,,,,,,,,,,,,,,,,,,,,,,,,,,,,,,,,,,,,,,,,,,,,,,,,,,,,,,,,,,,,,,,,,1500,1550,1650,1650,1600,1600,1500,1462.5,1500,1500,1500,1600,1650,1700,1700,1700,1700,1600,1600,1600,1500,1500,1550,1625
"North Bay Village","FL","Miami-Fort Lauderdale-West Palm Beach","Miami-Dade County",1620,,,,,,,,,,1550,1425,1462.5,1400,1450,1500,1550,1575,1600,1662.5,1650,1600,1600,1600,1550,1550,1550,1650,1700,1695,1700,1650,1700,1724.5,1800,1900,1799,1850,1962.5,2000,1900,2000,2000,2100,1950,1835,1800,1800,1800,1790,1900,1900,1889,1987.5,2100,2100,2173,2100,2200,2200,1962.5,2100,2150,2100,2100,2200,2250,2300,2300,2205,2200,2200,2100,2175,2200,2200,2225,2050,2000.5,2100,2200,2000,2190,2075,2000,2150,2170,2050,2100,2200,2100,2050,2000,2000,2050,2000,2000,2000,2000,2062.5,2150,2100,2100,2100,2200,2200,2300,2300,2300,2250
"Sauk Village","IL","Chicago-Naperville-Elgin","Cook County",1621,,,,,,,,,,,,,,,,,,,,,,,,,,,,,,,,,,,,,,,,,,,,,,,,,,,,,,,,,,,,,,,,,,,,,,,,,,,,,,,,,,,,,,,,,,,,1162.5,1100,1150,1150,1150,1150,1175,1200,1250,1250,1250,1250,1225,1200,1200,1200,1200,1200
"Tequesta","FL","Miami-Fort Lauderdale-West Palm Beach","Palm Beach County",1622,,,,,,,,,,,,,,,,,,,,,,,,,,,,,,,,,,,,,,,,,,,,,,,,,,,,,,,,,,,,,,,,,,,,,,,,,,,,,,,,,,,,,,,,,,,,,,,,3000,2900,2625,2500,2250,2200,2100,2235,2200,2287.5,2500,2750,2550,2550
"Lauderdale-by-the-Sea","FL","Miami-Fort Lauderdale-West Palm Beach","Broward County",1623,,,,,,,,,,,,,,,,,,,,,,,,,,,,,,,,,,,,,,,,,,,,,,,,,,,,,,,,,,,,,,,,,,,,,,,,,,,,,,,,,,,,,,2487.5,2397.5,2395,2225,2300,2400,2700,2900,2800,2900,3000,2850,2800,2800,2500,2500,2600,2700,2675,2800,2800,2950,3000,3000
"Golden Lakes","FL","Miami-Fort Lauderdale-West Palm Beach","Palm Beach County",1624,,,,,,,,,,,,,,,,,,,,,,,,,,,,,,,,,,,,,,,,,,,,,,,,,,,,,,,,,,,,,,,,,,,,,,,,,,,,,,,,,,,,,1182.5,1200,1200,1200,1200,1200,1120,1100,1100,1100,1062.5,1100,1200,1200,1150,1100,1200,1200,1200,1200,1200,1200,1275,1275,1267.5
"Century Village","FL","Miami-Fort Lauderdale-West Palm Beach","Palm Beach County",1625,,,,,,,,,,,,,,,,,,,,,,,,,,,,,,,,,,,,,,,,,,,,,,,,,,,,,,,,,,,,,,,,,,,,,,,,,,,,,,,,,,,,,875,925,900,875,875,890,900,900,900,877.5,875,885,875,925,900,900,900,900,900,900,950,900,950,950,950
"Surfside","FL","Miami-Fort Lauderdale-West Palm Beach","Miami-Dade County",1626,,,,,,,,,,,,,,,,,,,,,,,,,,,,,,,,,,,,,,,,,,,,,,,,,,,,,,,,,,,,,,,,,,,,,,,,,,,,,,,,,,,,2600,2595,2800,2800,2950,2790,2875,2825,2850,2850,2900,2950,3100,2850,2900,2950,3000,2972.5,3000,3000,2970,2950,2945,3000,3000,3000
"Flagler Beach","FL","Deltona-Daytona Beach-Ormond Beach","Flagler County",1627,,,,,,,,,,,,,,,,,,,,,,,,,,,,,,,,,,,,,,,,,,,,,,,,,,,,,,,,,,,,,,,,,,,,,,,,,,,,,,,,,,,,,1650,1700,1725,1750,1750,1725,1750,1800,1750,1750,1750,1750,1725,1800,1800,1775,1825,1787.5,1850,1750,1775,1750,1850,1800,1850
"Allenhurst","GA","Hinesville","Liberty County",1628,,,,,,,,,,,,,,,,,,,,,,,,,,,,,,,,,,,,,,,,,,,,,,,,,,,,,,,,,,,,,,,,,,,,,,,,,,,,,,,,,,,,,,,,,,,,,,,,,,1102.5,1092.5,1200,1200,1075,962.5,900,1000,950,985,962.5,995
"Siesta Key","FL","North Port-Sarasota-Bradenton","Sarasota County",1629,,,,,,,,,,,,,,,,,,,,,,,,,,,,,,,,,,,,,,,,,,,,,,,,,,,,,,,,,,,,,,,,,,,,,,,,,,,,,,,,,,,,,,3800,3950,3500,3200,3200,3500,3500,3800,3800,3800,4000,4100,4000,4000,3950,4000,3850,3800,3900,4000,4000,4200,4200,4200
"Bay Harbor Islands","FL","Miami-Fort Lauderdale-West Palm Beach","Miami-Dade County",1630,,,,,,,,,,,,,,,,,,1500,1600,1500,1600,1542.5,1572.5,1600,1550,1600,1600,1700,1600,1695,1700,1700,1680,1675,1680,1650,1500,1597,1680,1600,1650,1700,1650,1637.5,1680,1750,1680,1700,1700,1700,1700,1695,1750,1750,1797.5,1772.5,1837.5,1850,1950,1950,1950,1950,2100,2000,2000,2000,1995,1910,2200,2200,2025,2025,2000,2000,2000,1825,1850,1850,2000,1900,1900,1900,1850,1775,1837.5,1900,1975,2200,2200,2247.5,2247.5,2300,2300,2295,2297.5,2297.5,2250,2100,2300,2150,2100,2200,2100,2300,2150,2375,2200,2300,2272.5
"Juno Beach","FL","Miami-Fort Lauderdale-West Palm Beach","Palm Beach County",1631,,,,,,,,,,,,,,,,,,,,,,,,,,,,,,,,,,,,,,,,,,,,,,,,,,,,,,,,,,,,,,,,,,,,,,,,,,,,,,,,,,,,,,,,,,,,,,,,,3250,3375,3000,3000,3000,2995,2700,3000,3500,3800,4000,3550,3750
"Southold","NY","New York-Newark-Jersey City","Suffolk County",1632,,,,,,,,,,,,,,,,,,,,,,,,,,,,,,,,,,,,,,,,,,,,,,,,,,,,,,,,,,,,,,,,,,,,,,,,,,,,,,,,,,,,,,,,,,,,,,,,,,12000,12000,12000,12000,11950,11700,11500,11900,11500,12000,12500,12250
"Glasgow Village","MO","St. Louis","Saint Louis County",1633,,,,,,,,,,,,,,,,,,,,,,,,,,,,,,,,,,,,,,,,,,,,,,,,,,,,,,,,,,,,,,,,,,,,,,,,,,,,,,,,,,,,,,815,800,825,800,799.5,795,795,787.5,775,780,785,795,785,800,800,800,800,800,822.5,830,800,797.5,800,805
"Sag Harbor","NY","New York-Newark-Jersey City","Suffolk County",1634,,,,,,,,,,,,,,,,,,,,,,,,,,,,,,,,,,,,,,,,,,,,,,,,,,,,,,,,,,,,,,,,,,,,,,,,,,,,,,,,,,,,,,,,,,,,,,,30000,30000,30000,30000,30000,30000,27000,27000,27500,25000,25500,28000,25000,25000,26000
"Highland Beach","FL","Miami-Fort Lauderdale-West Palm Beach","Palm Beach County",1635,,,,,,,,,,,,,,,,,,,,,,,,,,,,,,,,,,,,,,,,,,,,,,,,,,,,,,,,,,,,,,,,,,,,,,,,,,,,,,,,,,,,,,3900,3600,3750,3900,4000,4000,4350,4425,4600,4450,4200,4000,3800,3850,3800,3897.5,3897.5,3800,4000,4000,4250,4200,4000,3600
"Loughman","FL","Lakeland-Winter Haven","Polk County",1636,,,,,,,,,,,,,,,,,,,,,,,,,,,,,,,,,,,,,,,,,,,,,,,,,,,,,,,,,,,,,,,,,,,,,,,,,,,,,,,,,,,,,,,,,,,,,,2670,2670,2670,2670,2670,2670,2670,2670,2670,2670,2670,2520,2520,2670,2670,2670
"Fate","TX","Dallas-Fort Worth-Arlington","Rockwall County",1637,,,,,,,,,,,,,,,,,,,,,,,,,,,,,,,,,,,,,,,,,,,,,,,,,,,,,,,,,,,,,,,,,,,,,,,,,,,,,,,,,,,,,,,,1800,1795,1895,1812.5,1795,1650,1650,1795,1795,1797.5,1895,1850,1872.5,1999,2000,1850,1875,1875,1770,1795,1750,1797.5
"Hypoluxo","FL","Miami-Fort Lauderdale-West Palm Beach","Palm Beach County",1638,,,,,,,,,,,,,,,,,,,,,,,,,,,,,,,,,,,,,,,,,,,,,,,,,,,,,,,,,,,,,,,,,,,,,,,,,,,,,,,,,,,,,1500,1600,1650,1600,1600,1597.5,1600,1600,1600,1620,1590,1500,1595,1595,1595,1700,1700,1700,1595,1550,1650,1625,1625,1650,1650
"Carefree","AZ","Phoenix-Mesa-Scottsdale","Maricopa County",1639,,,,,,,,,,,,,,,,,,,,,,,,,,,,,,,,,,,,,,,,,,,,,,,,,,,,,,,,,,,,,,,,,,,,,,,,,,,,,,,,,,,,,3375,3225,3200,3500,3500,3500,3500,3000,3250,3500,3750,3675,3500,3500,3500,3800,3700,3750,3775,3700,3650,3750,3850,3800,4000
"Longboat Key","FL","North Port-Sarasota-Bradenton","Sarasota County",1640,,,,,,,,,,,,,,,,,,,,,,,,,,,,,,,,,,,,,,,,,,,,,,,,,,,,,,,,,,,,,,,,,,,,,,,,,,,,,,,,,,,,,,4000,4114,4250,3800,3500,3500,3500,3500,3500,3590,4000,4000,4100,4200,4000,4000,3750,4000,4000,4000,4000,4200,4250,4500
"Miromar Lakes","FL","Cape Coral-Fort Myers","Lee County",1641,,,,,,,,,,,,,,,,,,,,,,,,,,,,,,,,,,,,,,,,,,,,,,,,,,,,,,,,,,,,,,,,,,,,,,,,,,,,,,,,,,,,,,,5475,5775,5100,5500,5000,5000,5500,5500,5750,5700,5800,5700,5700,6000,5700,5850,5850,5725,5700,6000,5750,5750,5750
"Bal Harbour","FL","Miami-Fort Lauderdale-West Palm Beach","Miami-Dade County",1642,,,,,,,,,,,,,,,,,,,,,,,,,,,,,,,,,,,,,,,,,,,,,,,,,,,,,,,,,,,,,,,,,,,,,,,,,,,,,,,,,3750,4000,3825,3200,3350,3750,3675,3800,3800,3600,3600,4200,4200,3987.5,4200,4225,3750,3587.5,3600,3800,4275,4200,4500,4000,4000,3850,3900,3900,3800
"Bridgehampton","NY","New York-Newark-Jersey City","Suffolk County",1643,,,,,,,,,,,,,,,,,,,,,,,,,,,,,,,,,,,,,,,,,,,,,,,,,,,,,,,,,,,,,,,,,,,,,,,,,,,,,,,,,,,,,,,,,,,50000,50000,48500,50000,50000,50000,50000,50000,50000,50000,45000,45000,45000,40000,40000,45000,45000,45000,45000
"Cutchogue","NY","New York-Newark-Jersey City","Suffolk County",1644,,,,,,,,,,,,,,,,,,,,,,,,,,,,,,,,,,,,,,,,,,,,,,,,,,,,,,,,,,,,,,,,,,,,,,,,,,,,,,,,,,,,,,,,,,,,,,,,,,14000,14500,12000,10000,10000,10000,11000,10000,10000,9750,9750,10000
"Montauk","NY","New York-Newark-Jersey City","Suffolk County",1645,,,,,,,,,,,,,,,,,,,,,,,,,,,,,,,,,,,,,,,,,,,,,,,,,,,,,,,,,,,,,,,,,,,,,,,,,,,,,,,,,,,,,,,35000,35000,35000,30000,28000,25000,28000,30000,25000,25000,25000,25000,24500,25000,22000,20000,20000,20000,20000,20000,20000,20000,21000
"Westhampton","NY","New York-Newark-Jersey City","Suffolk County",1646,,,,,,,,,,,,,,,,,,,,,,,,,,,,,,,,,,,,,,,,,,,,,,,,,,,,,,,,,,,,,,,,,,,,,,,,,,,,,,,,,,,,,,,,,,,,,,,25000,25000,26000,26000,26000,25000,22750,22000,22000,22000,21500,24250,25000,24800,24000
"Westhampton Beach","NY","New York-Newark-Jersey City","Suffolk County",1647,,,,,,,,,,,,,,,,,,,,,,,,,,,,,,,,,,,,,,,,,,,,,,,,,,,,,,,,,,,,,,,,,,,,,,,,,,,,,,,,,,,,,,33500,33250,33000,30000,30000,33000,30000,28000,28000,26500,27750,25500,25000,25250,25000,25000,24000,23500,22000,25000,25000,25000,25000,25000
"Shelter Island","NY","New York-Newark-Jersey City","Suffolk County",1648,,,,,,,,,,,,,,,,,,,,,,,,,,,,,,,,,,,,,,,,,,,,,,,,,,,,,,,,,,,,,,,,,,,,,,,,,,,,,,,,,,,,,,,,17500,17250,15000,17250,20000,20000,20000,20000,18000,19475,20000,20000,20000,18000,18000,18000,18000,18000,18000,16000,15333,16500
"Summerland Key","FL","Key West","Monroe County",1649,,,,,,,,,,,,,,,,,,,,,,,,,,,,,,,,,,,,,,,,,,,,,,,,,,,,,,,,,,,,,,,,,,,,,,,,,,,,,,,,,,,,,,,,,,,,,,4000,4000,4000,4300,4500,4500,4500,4500,4000,4500,4250,4500,3800,4300,4400,4400
"Justin","TX","Dallas-Fort Worth-Arlington","Denton County",1650,,,,,,,,,,,,,,,,,,,,,,,,,,,,,,,,,,,,,,,,,,,,,,,,,,,,,,,,,,,,,,,,,,,,,,,,,,,,,,,,,,,,,1475,1495,1538.5,1527,1495,1495,1550,1500,1495,1495,1495,1487.5,1495,1500,1497.5,1500,1547,1535,1562.5,1550,1550,1550,1550,1550,1562.5
"Amagansett","NY","New York-Newark-Jersey City","Suffolk County",1651,,,,,,,,,,,,,,,,,,,,,,,,,,,,,,,,,,,,,,,,,,,,,,,,,,,,,,,,,,,,,,,,,,,,,,,,,,,,,,,,,,,,,,,,,45000,45000,40000,40000,40000,40000,40000,40000,40000,40000,40000,37500,35000,30000,30000,30000,32000,35000,35000,35000,35000
"Quogue","NY","New York-Newark-Jersey City","Suffolk County",1652,,,,,,,,,,,,,,,,,,,,,,,,,,,,,,,,,,,,,,,,,,,,,,,,,,,,,,,,,,,,,,,,,,,,,,,,,,,,,,,,,,,,,49000,50000,45000,45000,44000,40000,40000,38250,36250,40000,39000,39250,35000,31000,35000,35000,33000,30000,32000,35000,35000,36000,30000,30000,30000
"South Palm Beach","FL","Miami-Fort Lauderdale-West Palm Beach","Palm Beach County",1653,,,,,,,,,,,,,,,,,,,,,,,,,,,,,,,,,,,,,,,,,,,,,,,,,,,,,,,,,,,,,,,,,,,,,,,,,,,,,,,,,,,2700,2995,2800,2499.5,2450,2500,2500,2800,2800,2800,3000,3100,3100,2825,2700,2725,2500,2400,2400,2500,2600,2500,2550,3000,3000,3200,3500
"Boca Grande","FL","Cape Coral-Fort Myers","Lee County",1654,,,,,,,,,,,,,,,,,,,,,,,,,,,,,,,,,,,,,,,,,,,,,,,,,,,,,,,,,,,,,,,,,,,,,,,,,,,,,,,,,,,,,,,,,,,,,,,,,,14500,14500,14500,14500,14500,14500,14500,14500,14500,14500,14500,14500
"Fisher Island","FL","Miami-Fort Lauderdale-West Palm Beach","Miami-Dade County",1655,,,,,,,,,,,,,,,,,,,,,,,,,,,,,,,,,,,,,,,,,,,,,,,,,,,,,,,,,,,,,,,,,,,,,,,,,,,,,,,,,,,,,,,,,,,,,,,14450,13950,12000,12500,12000,12500,12500,13700,15000,15000,15000,15000,15000,15000,15000
